-59.430340
-60.894203
68.697754
68.942345
-51.415569
-60.864319
76.742714
68.931618
-43.416889
-60.869774
84.744583
68.933228
-35.414749
-60.870010
92.742264
68.934219
-27.415344
-60.870354
100.744514
68.934166
-19.414738
-60.870445
108.741943
68.934357
-11.415398
-60.870293
116.744606
68.934044
-3.414639
-60.870399
124.741966
68.934334
4.584610
-60.870331
132.744629
68.934036
12.585339
-60.870438
140.741943
68.934357
20.584610
-60.870323
148.744629
68.934059
28.585316
-60.870438
156.741943
68.934364
36.584572
-60.870384
164.744781
68.933929
44.585537
-60.870255
172.742096
68.934364
52.584385
-60.870262
180.744751
68.934052
60.585152
-60.870422
188.741730
68.934265
68.584358
-60.869949
196.744354
68.933807
76.584862
-60.870224
204.741516
68.933868
84.584320
-60.870010
212.744202
68.933517
92.585060
-60.870285
220.741394
68.933815
100.584358
-60.870079
228.744293
68.933578
108.585098
-60.870323
236.741486
68.933899
116.584366
-60.870071
244.744263
68.933601
124.585129
-60.870323
252.741486
68.933899
132.584396
-60.870132
260.744293
68.933617
140.585098
-60.870316
268.741486
68.933914
148.584381
-60.870094
276.744324
68.933601
156.585144
-60.870331
284.741516
68.933914
164.584427
-60.870132
292.744324
68.933662
172.585129
-60.870354
300.741516
68.933968
180.584381
-60.870132
308.744354
68.933678
188.585144
-60.870346
316.741547
68.933983
196.584457
-60.870148
324.744354
68.933708
204.585129
-60.870377
332.741547
68.934036
212.584473
-60.870155
340.744446
68.933731
220.585236
-60.870308
348.741669
68.934029
228.584549
-60.870338
356.744629
68.934013
236.584320
-60.869568
364.739349
68.931686
244.580246
-60.878929
372.747620
68.941971
252.582733
-60.895332
380.669586
68.930481
-59.405434
-52.847672
68.711960
77.013672
-51.440037
-52.834206
76.749161
76.993690
-43.444427
-52.845619
84.747780
76.991867
-35.445164
-52.845131
92.744995
76.992783
-27.445541
-52.845062
100.748947
76.992760
-19.445118
-52.845024
108.744957
76.992714
-11.445419
-52.844879
116.749084
76.992683
-3.445087
-52.845047
124.744942
76.992622
4.554596
-52.844940
132.749054
76.992752
12.554920
-52.845070
140.744934
76.992638
20.554726
-52.844917
148.749054
76.992714
28.554974
-52.845093
156.744919
76.992683
36.554470
-52.844933
164.749161
76.992493
44.555042
-52.845291
172.745056
76.992668
52.554760
-52.844948
180.749268
76.993179
60.554729
-52.844849
188.745117
76.992783
68.554382
-52.845070
196.749146
76.993057
76.554665
-52.844681
204.744995
76.992821
84.554169
-52.844551
212.748917
76.992737
92.554428
-52.844757
220.744812
76.992638
100.554230
-52.844666
228.748886
76.992867
108.554512
-52.844772
236.744781
76.992729
116.554298
-52.844643
244.748901
76.992912
124.554581
-52.844704
252.744781
76.992821
132.554230
-52.844620
260.748993
76.992867
140.554474
-52.844727
268.744781
76.992729
148.554306
-52.844696
276.748901
76.992836
156.554596
-52.844841
284.744781
76.992744
164.554321
-52.844711
292.748932
76.992874
172.554596
-52.844833
300.744812
76.992744
180.554337
-52.844727
308.748901
76.992882
188.554596
-52.844864
316.744720
76.992691
196.554367
-52.844795
324.748932
76.992859
204.554611
-52.844910
332.744659
76.992783
212.554382
-52.844833
340.748993
76.992813
220.554703
-52.844933
348.744720
76.992645
228.554214
-52.845306
356.748840
76.993164
236.555420
-52.845985
364.745789
76.993706
244.548859
-52.848419
372.741364
76.994156
252.547333
-52.852295
380.633209
76.911972
-59.408966
-44.854141
68.713287
85.016998
-51.440517
-44.831993
76.756027
84.993271
-43.441833
-44.841194
84.748260
84.997795
-35.442902
-44.839905
92.748413
84.997711
-27.443180
-44.839577
100.749695
84.997696
-19.443069
-44.840111
108.748215
84.997833
-11.443260
-44.839607
116.749847
84.997658
-3.443058
-44.840096
124.748085
84.997864
4.556747
-44.839561
132.749878
84.997627
12.556969
-44.840088
140.748138
84.997734
20.556770
-44.839546
148.749847
84.997490
28.557003
-44.840218
156.748077
84.997864
36.556679
-44.839775
164.749847
84.997887
44.556934
-44.840263
172.747864
84.997818
52.556854
-44.839966
180.750046
84.997673
60.556881
-44.840332
188.748245
84.998177
68.557198
-44.839813
196.750153
84.998428
76.557007
-44.840408
204.748932
84.998322
84.556747
-44.839684
212.750305
84.998108
92.556953
-44.839790
220.748291
84.998260
100.556572
-44.839539
228.750031
84.998009
108.556839
-44.840103
236.748199
84.998077
116.556656
-44.839485
244.750015
84.998001
124.557053
-44.839844
252.748154
84.998337
132.556641
-44.839531
260.750366
84.997986
140.556915
-44.839821
268.748077
84.998024
148.556641
-44.839500
276.749939
84.997879
156.557068
-44.839905
284.748291
84.998138
164.556702
-44.839470
292.750122
84.997978
172.557007
-44.839928
300.748230
84.998138
180.556656
-44.839500
308.750000
84.997955
188.557053
-44.840042
316.748230
84.998085
196.556656
-44.839577
324.749847
84.997948
204.556992
-44.839989
332.748108
84.998131
212.556778
-44.839569
340.750183
84.997940
220.556854
-44.839874
348.748108
84.998047
228.556396
-44.839943
356.749939
84.998123
236.558502
-44.839424
364.751099
84.997314
244.551575
-44.841827
372.746399
85.002602
252.546432
-44.842186
380.636780
84.921562
-59.406353
-36.853897
68.714417
93.015366
-51.439438
-36.828354
76.755508
92.989326
-43.440613
-36.837715
84.751862
92.993736
-35.441795
-36.835152
92.749199
92.993942
-27.441948
-36.836029
100.753197
92.994331
-19.441792
-36.835640
108.748749
92.994118
-11.441952
-36.835785
116.753242
92.994354
-3.441757
-36.835526
124.748779
92.994148
4.557991
-36.835861
132.753235
92.994308
12.558224
-36.835617
140.748840
92.994041
20.558144
-36.835892
148.753235
92.994278
28.558193
-36.835510
156.748611
92.993988
36.558197
-36.835800
164.753265
92.994217
44.558247
-36.835503
172.749023
92.994118
52.558025
-36.835892
180.753235
92.994438
60.557907
-36.835548
188.748444
92.993736
68.558678
-36.836235
196.753357
92.994385
76.558838
-36.835526
204.749405
92.994904
84.557838
-36.835587
212.753723
92.994919
92.557907
-36.835785
220.748840
92.994850
100.557899
-36.836044
228.753250
92.994987
108.558289
-36.835571
236.748871
92.994568
116.557686
-36.835945
244.752472
92.994667
124.558502
-36.835472
252.748657
92.994530
132.558121
-36.836243
260.753967
92.995125
140.557816
-36.835350
268.748749
92.994263
148.557846
-36.835823
276.753174
92.994453
156.558197
-36.835403
284.748962
92.994476
164.557953
-36.835854
292.753387
92.994751
172.558121
-36.835487
300.748840
92.994507
180.557983
-36.835876
308.753265
92.994675
188.558243
-36.835556
316.748932
92.994408
196.557892
-36.836029
324.753113
92.994568
204.558319
-36.835327
332.748627
92.994255
212.557999
-36.835838
340.753693
92.994759
220.558136
-36.835480
348.748779
92.994453
228.557709
-36.836525
356.752716
92.994881
236.560196
-36.836151
364.751068
92.993851
244.552292
-36.838776
372.750366
92.999619
252.545792
-36.840485
380.636932
92.919022
-59.408218
-28.854019
68.713486
101.016235
-51.439484
-28.828903
76.755722
100.991486
-43.441086
-28.838051
84.750053
100.995270
-35.442642
-28.835785
92.749931
100.996193
-27.442745
-28.836319
100.751343
100.995506
-19.442703
-28.836319
108.749191
100.996391
-11.442757
-28.836174
116.751335
100.995476
-3.442589
-28.836205
124.749374
100.996574
4.557106
-28.836342
132.751373
100.995476
12.557350
-28.836174
140.749176
100.996262
20.557335
-28.836258
148.751465
100.995354
28.557407
-28.836166
156.749298
100.996300
36.557289
-28.836166
164.751389
100.995323
44.557343
-28.836266
172.749252
100.996330
52.557396
-28.836372
180.751526
100.995567
60.557159
-28.836395
188.749115
100.996727
68.557526
-28.836357
196.751602
100.995811
76.557426
-28.836761
204.749512
100.996452
84.557343
-28.836494
212.751190
100.995842
92.557220
-28.836258
220.749237
100.996918
100.557114
-28.836494
228.751678
100.995956
108.557426
-28.836899
236.748871
100.997101
116.557724
-28.837517
244.751190
100.996010
124.558792
-28.836212
252.749329
100.997231
132.557526
-28.836517
260.752930
100.996155
140.557175
-28.836334
268.749817
100.996735
148.557083
-28.836082
276.751343
100.995567
156.557266
-28.836037
284.749390
100.996735
164.557175
-28.836205
292.751495
100.995895
172.557373
-28.836121
300.749329
100.996780
180.557159
-28.836174
308.751373
100.995750
188.557251
-28.836151
316.749329
100.996849
196.557129
-28.836281
324.751526
100.995789
204.557343
-28.836014
332.749390
100.996559
212.557236
-28.836250
340.751526
100.995941
220.557098
-28.835907
348.749237
100.996643
228.556915
-28.836731
356.751160
100.996002
236.559082
-28.836273
364.751404
100.995697
244.552017
-28.839043
372.749634
101.001404
252.546234
-28.840126
380.636475
100.920433
-59.406395
-20.853889
68.714096
109.015182
-51.439247
-20.828178
76.755310
108.989273
-43.440586
-20.837250
84.751770
108.993629
-35.441742
-20.834961
92.748924
108.993973
-27.442024
-20.835762
100.752991
108.994301
-19.441666
-20.835411
108.748489
108.994110
-11.442078
-20.835533
116.752853
108.994148
-3.441654
-20.835327
124.748550
108.994225
4.557888
-20.835670
132.753052
108.994278
12.558300
-20.835335
140.748352
108.993996
20.558094
-20.835609
148.752914
108.994202
28.558311
-20.835358
156.748566
108.994148
36.558277
-20.835632
164.753296
108.994141
44.558434
-20.835281
172.748444
108.994072
52.558113
-20.835678
180.753235
108.994148
60.558319
-20.835205
188.748260
108.993958
68.558701
-20.835625
196.753708
108.994911
76.557968
-20.835350
204.748535
108.994362
84.558121
-20.835625
212.753265
108.994186
92.558334
-20.835732
220.748444
108.994331
100.557968
-20.836205
228.752930
108.994911
108.558273
-20.836685
236.747253
108.994308
116.558487
-20.836868
244.753052
108.992485
124.560165
-20.835556
252.749176
108.993576
132.558517
-20.835205
260.753754
108.994736
140.558182
-20.835106
268.749023
108.995399
148.557343
-20.835938
276.752502
108.994659
156.558029
-20.835396
284.748230
108.994461
164.558075
-20.835899
292.753143
108.994682
172.558426
-20.835388
300.748535
108.994568
180.557846
-20.835716
308.752930
108.994537
188.558258
-20.835228
316.748352
108.994438
196.558075
-20.835648
324.753357
108.994629
204.557968
-20.835182
332.748291
108.994225
212.558151
-20.835510
340.753387
108.994431
220.558289
-20.835205
348.748657
108.994438
228.557587
-20.836266
356.752533
108.994781
236.560165
-20.836021
364.750854
108.993843
244.552216
-20.838585
372.750336
108.999664
252.545868
-20.840340
380.636871
108.919106
-59.408195
-12.854027
68.713623
117.016289
-51.439476
-12.828835
76.755745
116.991447
-43.441116
-12.838051
84.750237
116.995300
-35.442680
-12.835838
92.749954
116.996117
-27.442673
-12.836342
100.751648
116.995453
-19.442688
-12.836258
108.749268
116.996346
-11.442787
-12.836227
116.751534
116.995399
-3.442543
-12.836273
124.749382
116.996574
4.557182
-12.836319
132.751709
116.995537
12.557331
-12.836327
140.749176
116.996254
20.557301
-12.836357
148.751526
116.995407
28.557419
-12.836128
156.749405
116.996429
36.557182
-12.836143
164.751984
116.995224
44.557304
-12.836388
172.749176
116.996223
52.557224
-12.836098
180.751740
116.995552
60.557163
-12.836067
188.749268
116.996452
68.557434
-12.836273
196.751892
116.996109
76.557281
-12.836281
204.749420
116.996399
84.557449
-12.836388
212.751770
116.995384
92.557358
-12.836548
220.749359
116.996521
100.557060
-12.836601
228.750946
116.995674
108.557510
-12.836823
236.748871
116.995789
116.557816
-12.836617
244.752747
116.993782
124.558563
-12.837410
252.750320
116.995819
132.557175
-12.835396
260.752197
116.995956
140.556976
-12.836220
268.749390
116.997108
148.556732
-12.836548
276.750763
116.996025
156.557220
-12.836403
284.749207
116.996643
164.557587
-12.836502
292.751831
116.995735
172.557373
-12.836517
300.749451
116.996666
180.557312
-12.836433
308.751770
116.995758
188.557251
-12.836411
316.749084
116.996643
196.557617
-12.836548
324.752136
116.995911
204.557465
-12.836426
332.749023
116.996552
212.557449
-12.836357
340.752136
116.995270
220.557251
-12.836365
348.749298
116.996552
228.556915
-12.836609
356.751343
116.996094
236.559052
-12.836227
364.751373
116.995659
244.552002
-12.839058
372.749695
117.001503
252.546173
-12.839958
380.636292
116.920433
-59.406429
-4.853882
68.714088
125.015175
-51.439190
-4.828087
76.755417
124.989235
-43.440681
-4.837181
84.751732
124.993538
-35.441677
-4.834793
92.749046
124.993866
-27.442112
-4.835663
100.752960
124.994263
-19.441746
-4.835304
108.748436
124.994087
-11.442131
-4.835541
116.752853
124.994141
-3.441624
-4.835190
124.748489
124.994156
4.557846
-4.835625
132.753174
124.994362
12.558197
-4.835373
140.748230
124.994118
20.557957
-4.835617
148.752823
124.994171
28.558369
-4.835236
156.748383
124.994202
36.557831
-4.835693
164.753021
124.994392
44.558163
-4.835312
172.748108
124.994019
52.557907
-4.835747
180.753067
124.994270
60.558041
-4.835014
188.748108
124.994011
68.558304
-4.835617
196.753296
124.994850
76.558151
-4.835243
204.748352
124.994118
84.558167
-4.835541
212.753174
124.994102
92.558327
-4.835373
220.748245
124.993973
100.557571
-4.835754
228.752487
124.993820
108.558441
-4.835243
236.748383
124.993454
116.557632
-4.836861
244.753098
124.992363
124.559624
-4.835594
252.749191
124.993546
132.557678
-4.835396
260.752838
124.994278
140.558426
-4.835213
268.749176
124.994354
148.557739
-4.836288
276.752075
124.994156
156.558456
-4.835495
284.748169
124.994049
164.558044
-4.835793
292.753113
124.994591
172.558304
-4.835487
300.748413
124.994537
180.557831
-4.835739
308.752899
124.994530
188.558167
-4.835152
316.748108
124.994415
196.558319
-4.835625
324.753784
124.994720
204.558487
-4.835159
332.748535
124.993980
212.557892
-4.835670
340.753326
124.994133
220.558121
-4.835320
348.748230
124.994400
228.557602
-4.836510
356.752319
124.994873
236.560257
-4.836235
364.750793
124.993896
244.552200
-4.838715
372.750183
124.999702
252.545929
-4.840248
380.636932
124.919029
-59.408173
3.146072
68.713669
133.016296
-51.439514
3.171280
76.755859
132.991425
-43.441109
3.161926
84.750168
132.995209
-35.442616
3.164284
92.749992
132.996063
-27.442669
3.163597
100.751549
132.995544
-19.442680
3.163841
108.749275
132.996429
-11.442757
3.163719
116.751564
132.995331
-3.442612
3.163925
124.749161
132.996429
4.557030
3.163803
132.751678
132.995636
12.557308
3.163681
140.749207
132.996460
20.557285
3.163658
148.751465
132.995514
28.557346
3.163834
156.749252
132.996277
36.557320
3.163681
164.751617
132.995453
44.557465
3.163895
172.749420
132.996368
52.557178
3.163788
180.751678
132.995483
60.557201
3.164009
188.749207
132.996323
68.557526
3.163719
196.751953
132.996124
76.557404
3.163879
204.749405
132.996338
84.557480
3.163734
212.751740
132.995224
92.557358
3.163727
220.749359
132.996201
100.557098
3.163513
228.750854
132.995026
108.557274
3.163155
236.748962
132.995880
116.557648
3.163651
244.751083
132.994049
124.557358
3.162903
252.750549
132.995026
132.558334
3.162979
260.751343
132.995438
140.558197
3.164062
268.750580
132.996857
148.557434
3.163689
276.751892
132.996109
156.557495
3.163773
284.749512
132.996384
164.557144
3.163513
292.751343
132.995255
172.557343
3.163406
300.749207
132.996429
180.557358
3.163460
308.751587
132.995560
188.557251
3.163666
316.748962
132.996582
196.557663
3.163315
324.752594
132.996307
204.557434
3.163391
332.749237
132.996552
212.557358
3.163345
340.751709
132.995636
220.557220
3.163582
348.749329
132.996765
228.556976
3.163071
356.751312
132.996124
236.559204
3.163643
364.751556
132.995850
244.552032
3.160706
372.750000
133.001404
252.546158
3.159966
380.636353
132.920410
-59.406452
11.146141
68.714264
141.015228
-51.439266
11.171974
76.755447
140.989273
-43.440662
11.162872
84.751770
140.993546
-35.441658
11.165237
92.749062
140.993927
-27.442081
11.164421
100.752968
140.994232
-19.441643
11.164795
108.748543
140.994202
-11.442059
11.164574
116.753067
140.994095
-3.441784
11.164978
124.748215
140.994049
4.557671
11.164574
132.753143
140.994293
12.558270
11.164833
140.748306
140.994186
20.557991
11.164505
148.752991
140.994263
28.558300
11.164810
156.748505
140.994156
36.557968
11.164551
164.753082
140.994232
44.558262
11.164848
172.748505
140.994156
52.557892
11.164413
180.753021
140.994263
60.558140
11.164978
188.748169
140.994080
68.558334
11.164513
196.753479
140.995056
76.558128
11.164864
204.748367
140.994125
84.558044
11.164467
212.753128
140.994049
92.558167
11.164589
220.748260
140.994049
100.557861
11.164246
228.752579
140.993896
108.558823
11.163811
236.747772
140.993225
116.558762
11.164284
244.752319
140.992737
124.559143
11.163139
252.748993
140.992294
132.559052
11.164314
260.752808
140.992676
140.559723
11.165176
268.749969
140.994583
148.558197
11.165359
276.753876
140.994507
156.558365
11.164474
284.749054
140.994324
164.557648
11.164764
292.752686
140.994110
172.558228
11.164803
300.748474
140.993896
180.557907
11.164413
308.753113
140.994263
188.558121
11.164917
316.748199
140.994171
196.558319
11.164284
324.753784
140.995041
204.558319
11.164604
332.748047
140.993988
212.558212
11.164276
340.753052
140.994003
220.558517
11.164543
348.748566
140.994263
228.557800
11.163681
356.752533
140.994644
236.560425
11.163696
364.750916
140.993942
244.552307
11.161316
372.750336
140.999786
252.545792
11.159637
380.637024
140.919281
-59.408211
19.146172
68.713745
149.016388
-51.439545
19.171394
76.755928
148.991486
-43.441120
19.161995
84.750290
148.995270
-35.442574
19.164314
92.750023
148.996155
-27.442703
19.163780
100.751549
148.995483
-19.442650
19.163933
108.749344
148.996384
-11.442753
19.163925
116.751839
148.995514
-3.442837
19.163994
124.748978
148.996368
4.557022
19.163872
132.751678
148.995422
12.557392
19.163940
140.749237
148.996429
20.557232
19.163788
148.751587
148.995438
28.557423
19.163925
156.749359
148.996445
36.557186
19.163887
164.751587
148.995453
44.557320
19.163895
172.749298
148.996460
52.557190
19.163826
180.751617
148.995544
60.557266
19.164085
188.749100
148.996414
68.557274
19.163803
196.751907
148.996307
76.557373
19.163910
204.749359
148.996490
84.557449
19.163597
212.751617
148.995361
92.557281
19.163658
220.748947
148.996170
100.557335
19.163544
228.751434
148.995087
108.557297
19.163322
236.749176
148.995087
116.558487
19.164024
244.750488
148.993286
124.558472
19.164352
252.751190
148.995300
132.556686
19.164375
260.752380
148.993469
140.557465
19.164169
268.750061
148.995209
148.557800
19.164856
276.752319
148.995667
156.557251
19.164490
284.750275
148.996841
164.556747
19.163513
292.751495
148.995132
172.557266
19.163971
300.749176
148.995941
180.557190
19.163681
308.751648
148.995361
188.557190
19.163902
316.748962
148.996307
196.557648
19.163567
324.752228
148.996246
204.557465
19.163818
332.749207
148.996277
212.557541
19.163559
340.751556
148.995239
220.557434
19.163795
348.749329
148.996429
228.557037
19.163185
356.751190
148.995850
236.559113
19.163719
364.751343
148.995514
244.551987
19.160919
372.749512
149.001251
252.546204
19.159843
380.636475
148.920593
-59.406620
27.146194
68.714233
157.015305
-51.439350
27.172050
76.755524
156.989410
-43.440723
27.162971
84.751740
156.993713
-35.441769
27.165398
92.749115
156.994019
-27.442307
27.164459
100.753021
156.994263
-19.441849
27.164825
108.748512
156.994263
-11.442272
27.164520
116.753082
156.994492
-3.441872
27.164932
124.748199
156.994247
4.557747
27.164597
132.753113
156.994354
12.558216
27.164902
140.748505
156.994202
20.557823
27.164490
148.752991
156.994354
28.558155
27.164864
156.748459
156.994186
36.557861
27.164490
164.753021
156.994308
44.558167
27.164810
172.748337
156.994202
52.557835
27.164513
180.753113
156.994370
60.558151
27.164902
188.748230
156.994293
68.557938
27.164520
196.753174
156.995209
76.558228
27.164795
204.748688
156.994507
84.557915
27.164162
212.752838
156.994385
92.558144
27.164551
220.748077
156.994080
100.558273
27.164230
228.752487
156.994461
108.558830
27.163971
236.748260
156.993607
116.558853
27.165237
244.751434
156.990265
124.559448
27.164658
252.750488
156.992249
132.556946
27.165939
260.754181
156.991745
140.558319
27.166054
268.749756
156.992493
148.557205
27.165901
276.753479
156.993332
156.558228
27.165604
284.749756
156.994141
164.557663
27.164688
292.753143
156.994278
172.558014
27.164879
300.748169
156.993988
180.557739
27.164436
308.752899
156.994232
188.558197
27.164894
316.748169
156.994171
196.558380
27.164474
324.753601
156.995270
204.558044
27.164787
332.748138
156.994080
212.558228
27.164307
340.753082
156.993988
220.558395
27.164650
348.748413
156.994095
228.557678
27.163712
356.752472
156.994537
236.560181
27.163940
364.750824
156.993561
244.552170
27.161400
372.750214
156.999420
252.545868
27.159698
380.636993
156.919067
-59.408184
35.146149
68.713783
165.016495
-51.439640
35.171463
76.755920
164.991638
-43.441238
35.161995
84.750298
164.995300
-35.442688
35.164307
92.750015
164.996323
-27.442806
35.163681
100.751556
164.995636
-19.442711
35.163757
108.749336
164.996674
-11.442764
35.163727
116.751793
164.995728
-3.442608
35.163925
124.749336
164.996490
4.557270
35.163658
132.751892
164.995590
12.557423
35.163979
140.749390
164.996490
20.557152
35.163780
148.751648
164.995636
28.557373
35.163895
156.749435
164.996643
36.557178
35.163773
164.751633
164.995697
44.557442
35.163872
172.749466
164.996597
52.557159
35.163795
180.751648
164.995728
60.557201
35.163971
188.749390
164.996490
68.557114
35.163597
196.751556
164.995911
76.557449
35.163826
204.749634
164.996765
84.557220
35.163383
212.751373
164.995636
92.557373
35.163521
220.749146
164.996246
100.557373
35.163544
228.750748
164.994598
108.557571
35.163620
236.748917
164.994400
116.558136
35.164543
244.751984
164.992035
124.558220
35.165291
252.749817
164.993240
132.556427
35.165512
260.752350
164.992645
140.556824
35.164803
268.750427
164.994263
148.557205
35.165031
276.751923
164.994156
156.557938
35.165855
284.750885
164.996216
164.557053
35.164001
292.752655
164.996140
172.557251
35.163643
300.749084
164.996490
180.557159
35.163803
308.751312
164.995270
188.557220
35.163910
316.749054
164.996185
196.557281
35.163643
324.751984
164.996384
204.557343
35.163651
332.749359
164.996536
212.557617
35.163567
340.751465
164.995514
220.557266
35.163727
348.749268
164.996399
228.556946
35.163269
356.751251
164.995880
236.559113
35.163719
364.751465
164.995697
244.551941
35.160927
372.749664
165.001419
252.546112
35.159973
380.636505
164.920624
-59.406517
43.146271
68.714249
173.015381
-51.439426
43.171989
76.755432
172.989563
-43.440796
43.163025
84.751724
172.993820
-35.441891
43.165253
92.749077
172.994171
-27.442265
43.164398
100.753029
172.994354
-19.441719
43.164734
108.748474
172.994324
-11.442104
43.164520
116.753090
172.994492
-3.441757
43.164764
124.748589
172.994446
4.557858
43.164452
132.753052
172.994537
12.558262
43.164734
140.748566
172.994415
20.557793
43.164444
148.752945
172.994446
28.558201
43.164810
156.748474
172.994324
36.557934
43.164429
164.753021
172.994461
44.558228
43.164734
172.748474
172.994354
52.557846
43.164421
180.753082
172.994446
60.558189
43.164772
188.748535
172.994415
68.557770
43.164337
196.753021
172.994568
76.558121
43.164528
204.748352
172.994324
84.557693
43.164116
212.752838
172.994354
92.558540
43.164314
220.747711
172.994476
100.557785
43.164352
228.750977
172.992859
108.559235
43.164116
236.747620
172.992035
116.558617
43.164894
244.753235
172.991180
124.558716
43.165718
252.749649
172.991180
132.557022
43.166656
260.753418
172.990845
140.557495
43.165604
268.750305
172.991318
148.557877
43.165268
276.753418
172.991989
156.557678
43.166077
284.750336
172.993134
164.558075
43.165154
292.753571
172.994461
172.558151
43.164970
300.749512
172.994522
180.557663
43.164497
308.752808
172.994171
188.558121
43.164780
316.748352
172.993958
196.557800
43.164330
324.752960
172.994919
204.558258
43.164825
332.748505
172.994446
212.557983
43.164162
340.753052
172.994446
220.558258
43.164474
348.748413
172.994293
228.557678
43.163666
356.752563
172.994736
236.560150
43.163765
364.750763
172.993805
244.552200
43.161385
372.750275
172.999496
252.545792
43.159531
380.636963
172.919098
-59.408260
51.146225
68.713692
181.016449
-51.439579
51.171478
76.755981
180.991669
-43.441254
51.162010
84.750404
180.995499
-35.442616
51.164246
92.749870
180.996429
-27.442673
51.163605
100.751701
180.995758
-19.442673
51.163719
108.749260
180.996628
-11.442780
51.163689
116.751610
180.995697
-3.442596
51.163795
124.749321
180.996735
4.557274
51.163712
132.751648
180.995758
12.557365
51.163834
140.749390
180.996674
20.557205
51.163727
148.751740
180.995697
28.557281
51.163902
156.749420
180.996643
36.557228
51.163788
164.751587
180.995667
44.557381
51.163788
172.749390
180.996613
52.557178
51.163727
180.751617
180.995605
60.557365
51.163681
188.749329
180.996674
68.557144
51.163490
196.751495
180.995605
76.557220
51.163490
204.749161
180.996613
84.557343
51.163048
212.750671
180.995728
92.557785
51.162521
220.748016
180.996002
100.559174
51.163857
228.751709
180.994202
108.558411
51.162880
236.750031
180.994415
116.557175
51.164848
244.752670
180.991852
124.557617
51.165649
252.750824
180.993454
132.556549
51.166260
260.751923
180.992554
140.556198
51.165337
268.750000
180.993286
148.557190
51.164566
276.752380
180.993713
156.556808
51.165634
284.749207
180.994934
164.557266
51.165283
292.752014
180.995544
172.557312
51.163971
300.750793
180.996490
180.556549
51.163559
308.750854
180.995285
188.557251
51.164108
316.749329
180.996155
196.557068
51.163734
324.751526
180.995544
204.557388
51.163826
332.749481
180.996552
212.557251
51.163635
340.751617
180.995514
220.557266
51.163780
348.749329
180.996521
228.556854
51.163239
356.751190
180.995850
236.559158
51.163704
364.751526
180.995667
244.551987
51.160980
372.749512
181.001389
252.546173
51.159935
380.636536
180.920609
-59.406586
59.146225
68.714218
189.015335
-51.439442
59.172066
76.755455
188.989578
-43.440838
59.162994
84.751709
188.993851
-35.441730
59.165268
92.749123
188.994171
-27.442142
59.164375
100.753075
188.994461
-19.441658
59.164726
108.748528
188.994324
-11.442169
59.164474
116.753044
188.994354
-3.441711
59.164795
124.748566
188.994354
4.557899
59.164474
132.753098
188.994461
12.558327
59.164711
140.748581
188.994431
20.557831
59.164474
148.753036
188.994461
28.558228
59.164787
156.748383
188.994385
36.557911
59.164528
164.753113
188.994507
44.558220
59.164711
172.748413
188.994415
52.557827
59.164429
180.753052
188.994522
60.558205
59.164703
188.748322
188.994507
68.557571
59.163971
196.752731
188.994537
76.558563
59.163368
204.747681
188.994263
84.558731
59.163284
212.752747
188.993759
92.560425
59.164108
220.748718
188.992584
100.559128
59.164787
228.753937
188.991272
108.559105
59.165558
236.750824
188.991928
116.556458
59.167015
244.754303
188.989716
124.558044
59.166115
252.748688
188.991638
132.557144
59.166374
260.751648
188.992035
140.557877
59.165207
268.750092
188.992126
148.556580
59.164909
276.752472
188.991852
156.557281
59.165260
284.748901
188.992523
164.557251
59.165062
292.752960
188.993256
172.558289
59.165237
300.749420
188.994614
180.557343
59.164795
308.752777
188.994171
188.558197
59.164902
316.748627
188.993774
196.557877
59.164551
324.753143
188.994263
204.558182
59.164680
332.748413
188.994141
212.557922
59.164429
340.752930
188.994293
220.558228
59.164665
348.748383
188.994247
228.557602
59.163658
356.752502
188.994644
236.560242
59.163948
364.750763
188.993744
244.552185
59.161438
372.750214
188.999542
252.545898
59.159615
380.637054
188.919174
-59.408268
67.146164
68.713669
197.016495
-51.439629
67.171448
76.755890
196.991623
-43.441204
67.161972
84.750328
196.995361
-35.442612
67.164284
92.750038
196.996246
-27.442669
67.163658
100.751732
196.995682
-19.442650
67.163795
108.749428
196.996582
-11.442837
67.163673
116.751717
196.995636
-3.442688
67.163818
124.749344
196.996567
4.557240
67.163696
132.751740
196.995667
12.557373
67.163765
140.749420
196.996658
20.557182
67.163635
148.751648
196.995667
28.557396
67.163795
156.749344
196.996628
36.557217
67.163750
164.751678
196.995697
44.557400
67.163857
172.749420
196.996582
52.557205
67.163727
180.751648
196.995483
60.557144
67.163788
188.748993
196.996460
68.557121
67.163109
196.751236
196.995575
76.557571
67.163086
204.749207
196.995697
84.559753
67.163254
212.752991
196.994263
92.558228
67.164200
220.751160
196.994781
100.557312
67.164902
228.752823
196.993423
108.556175
67.165657
236.750336
196.993561
116.556488
67.166061
244.752228
196.993393
124.555428
67.165344
252.748474
196.993164
132.557220
67.165733
260.749817
196.991272
140.558487
67.165672
268.750946
196.994354
148.557114
67.165474
276.752014
196.992813
156.558136
67.163559
284.750214
196.994751
164.556717
67.164917
292.751709
196.994385
172.556885
67.164703
300.751495
196.996582
180.556854
67.164169
308.751068
196.995575
188.557190
67.164337
316.749390
196.996368
196.557129
67.163773
324.751678
196.995636
204.557358
67.163826
332.749268
196.996567
212.557220
67.163689
340.751526
196.995529
220.557312
67.163811
348.749329
196.996536
228.556885
67.163254
356.751251
196.995850
236.559143
67.163666
364.751495
196.995605
244.551987
67.160950
372.749573
197.001312
252.546173
67.159889
380.636536
196.920563
-59.406582
75.146217
68.714233
205.015320
-51.439377
75.172058
76.755486
204.989471
-43.440758
75.163017
84.751785
204.993805
-35.441837
75.165260
92.749176
204.994156
-27.442276
75.164383
100.752869
204.994431
-19.441784
75.164696
108.748459
204.994339
-11.442184
75.164436
116.752930
204.994354
-3.441704
75.164803
124.748550
204.994354
4.557899
75.164543
132.753113
204.994507
12.558235
75.164711
140.748459
204.994400
20.557888
75.164368
148.753021
204.994522
28.558289
75.164757
156.748535
204.994415
36.557827
75.164467
164.753021
204.994476
44.558231
75.164772
172.748535
204.994308
52.557880
75.164406
180.753036
204.994431
60.558212
75.164680
188.748047
204.994263
68.558441
75.164154
196.752869
204.994263
76.559181
75.164093
204.748474
204.992432
84.558479
75.164452
212.753937
204.990875
92.558990
75.164703
220.750977
204.991974
100.556717
75.166412
228.752762
204.992584
108.556511
75.167343
236.749237
204.992691
116.556549
75.165939
244.752518
204.991592
124.558121
75.165848
252.748566
204.991379
132.557281
75.165672
260.752777
204.990570
140.559006
75.165077
268.749756
204.992447
148.558243
75.165344
276.753174
204.991730
156.559052
75.164642
284.750549
204.991791
164.557724
75.165184
292.752808
204.992767
172.556595
75.165344
300.749451
204.993591
180.557465
75.164459
308.752136
204.994202
188.558075
75.164536
316.748047
204.993896
196.557907
75.164505
324.752991
204.994278
204.558258
75.164726
332.748383
204.994171
212.557938
75.164482
340.752960
204.994186
220.558273
75.164650
348.748474
204.994141
228.557678
75.163757
356.752594
204.994629
236.560135
75.163956
364.750732
204.993683
244.552246
75.161453
372.750336
204.999481
252.545837
75.159637
380.636993
204.919128
-59.408272
83.146172
68.713654
213.016479
-51.439583
83.171410
76.755928
212.991699
-43.441231
83.161835
84.750229
212.995453
-35.442596
83.164322
92.749962
212.996399
-27.442780
83.163689
100.751572
212.995743
-19.442684
83.163750
108.749214
212.996674
-11.442680
83.163689
116.751785
212.995712
-3.442520
83.163719
124.749359
212.996704
4.557266
83.163589
132.751617
212.995697
12.557430
83.163734
140.749390
212.996613
20.557320
83.163582
148.751648
212.995697
28.557373
83.163765
156.749420
212.996658
36.557236
83.163666
164.751633
212.995743
44.557377
83.163849
172.749390
212.996582
52.557243
83.163773
180.751648
212.995544
60.557419
83.164032
188.749191
212.996262
68.557434
83.163940
196.751495
212.994827
76.557388
83.164474
204.748779
212.993835
84.557533
83.164040
212.752808
212.992706
92.557114
83.165619
220.750229
212.995743
100.555397
83.165024
228.750946
212.994385
108.556786
83.164719
236.749207
212.995514
116.557030
83.164314
244.751465
212.994110
124.556091
83.163673
252.748962
212.994537
132.557129
83.164612
260.750702
212.993149
140.557938
83.165802
268.750305
212.993958
148.557877
83.166351
276.752594
212.993469
156.558014
83.163887
284.751587
212.995407
164.556992
83.164848
292.750488
212.994614
172.556976
83.164101
300.750031
212.996429
180.556976
83.163582
308.751556
212.995758
188.557159
83.163879
316.749146
212.996399
196.557129
83.163818
324.751770
212.995422
204.557343
83.163811
332.749298
212.996521
212.557251
83.163750
340.751678
212.995605
220.557175
83.163895
348.749268
212.996521
228.556885
83.163300
356.751343
212.995865
236.559067
83.163673
364.751465
212.995682
244.551956
83.160934
372.749573
213.001404
252.546158
83.159874
380.636505
212.920547
-59.406593
91.146217
68.714310
221.015381
-51.439438
91.172073
76.755333
220.989517
-43.440777
91.163048
84.751785
220.993744
-35.441769
91.165253
92.749268
220.994141
-27.442307
91.164474
100.752884
220.994476
-19.441750
91.164742
108.748512
220.994324
-11.442120
91.164497
116.753113
220.994461
-3.441757
91.164810
124.748489
220.994354
4.557964
91.164497
132.753067
220.994385
12.558205
91.164818
140.748474
220.994263
20.557941
91.164421
148.753113
220.994415
28.558235
91.164749
156.748413
220.994324
36.557896
91.164490
164.753082
220.994446
44.558277
91.164757
172.748535
220.994461
52.557781
91.164429
180.753021
220.994446
60.558315
91.164856
188.748322
220.994110
68.557945
91.164795
196.752686
220.993698
76.558411
91.164902
204.748810
220.993927
84.557190
91.164925
212.752502
220.992615
92.557968
91.164917
220.749130
220.994141
100.557114
91.164749
228.752686
220.994492
108.557510
91.165176
236.748672
220.993774
116.557411
91.164223
244.752335
220.993118
124.557709
91.164719
252.747559
220.992828
132.557632
91.165375
260.752502
220.990631
140.558289
91.165726
268.748413
220.991501
148.557968
91.166397
276.752808
220.991165
156.558380
91.164017
284.751129
220.994003
164.557556
91.166321
292.752228
220.993057
172.558807
91.164566
300.750183
220.993744
180.557053
91.164780
308.752319
220.994431
188.558167
91.164612
316.748444
220.993912
196.557739
91.164352
324.752960
220.994217
204.558258
91.164764
332.748383
220.994202
212.557877
91.164429
340.752930
220.994232
220.558273
91.164642
348.748413
220.994186
228.557526
91.163719
356.752441
220.994629
236.560165
91.163940
364.750763
220.993713
244.552216
91.161484
372.750214
220.999573
252.545898
91.159683
380.637085
220.919189
-59.408203
99.146271
68.713615
229.016479
-51.439648
99.171402
76.755920
228.991653
-43.441135
99.161957
84.750259
228.995438
-35.442673
99.164284
92.749985
228.996414
-27.442680
99.163673
100.751625
228.995773
-19.442635
99.163834
108.749359
228.996613
-11.442760
99.163780
116.751663
228.995712
-3.442646
99.163803
124.749435
228.996597
4.557236
99.163612
132.751648
228.995621
12.557449
99.163795
140.749420
228.996658
20.557152
99.163780
148.751587
228.995651
28.557407
99.163834
156.749374
228.996552
36.557209
99.163795
164.751556
228.995636
44.557350
99.163795
172.749481
228.996613
52.557262
99.163765
180.751617
228.995667
60.557465
99.163925
188.749329
228.996490
68.557190
99.164062
196.751511
228.995483
76.557205
99.164551
204.748901
228.995880
84.557228
99.163620
212.752106
228.995316
92.556808
99.164207
220.749176
228.996002
100.557358
99.163696
228.751343
228.995560
108.557312
99.163879
236.748688
228.996231
116.557144
99.163605
244.751343
228.994644
124.557343
99.163841
252.748230
228.995239
132.557373
99.163811
260.751221
228.993591
140.558319
99.164612
268.749573
228.994202
148.557983
99.165436
276.751648
228.992157
156.557327
99.164352
284.752136
228.995102
164.557205
99.166176
292.752869
228.995163
172.556274
99.163307
300.750305
228.996277
180.556641
99.163559
308.750793
228.995178
188.557571
99.163811
316.749847
228.996201
196.556976
99.163681
324.751221
228.995514
204.557388
99.163795
332.749268
228.996399
212.557251
99.163773
340.751617
228.995529
220.557266
99.163918
348.749359
228.996521
228.556854
99.163193
356.751282
228.995819
236.559143
99.163757
364.751495
228.995605
244.551987
99.160912
372.749664
229.001328
252.546158
99.159904
380.636475
228.920532
-59.406582
107.146255
68.714256
237.015396
-51.439468
107.172180
76.755379
236.989502
-43.440712
107.163010
84.751907
236.993851
-35.441860
107.165245
92.749100
236.994171
-27.442127
107.164505
100.753059
236.994385
-19.441780
107.164719
108.748512
236.994339
-11.442169
107.164482
116.753036
236.994385
-3.441708
107.164780
124.748398
236.994431
4.557896
107.164536
132.753113
236.994446
12.558300
107.164749
140.748566
236.994324
20.557835
107.164497
148.753082
236.994492
28.558250
107.164841
156.748505
236.994324
36.557877
107.164383
164.753082
236.994415
44.558319
107.164825
172.748581
236.994385
52.557800
107.164536
180.753067
236.994415
60.558281
107.164757
188.748520
236.994186
68.557770
107.164574
196.752899
236.994141
76.558289
107.164803
204.748627
236.994110
84.557831
107.164276
212.752548
236.994385
92.558792
107.164864
220.748413
236.994354
100.557983
107.164856
228.753601
236.994522
108.557968
107.164482
236.748062
236.993729
116.557831
107.164268
244.752411
236.993286
124.558952
107.164444
252.747223
236.992706
132.558807
107.163925
260.752991
236.991455
140.559677
107.165268
268.749023
236.991058
148.558365
107.166077
276.754395
236.990875
156.557617
107.165146
284.750549
236.992188
164.557144
107.166046
292.753326
236.993927
172.557892
107.164902
300.748596
236.993866
180.558044
107.164360
308.752625
236.993896
188.558289
107.165024
316.748199
236.994583
196.557709
107.164146
324.753052
236.993958
204.558228
107.164619
332.748291
236.993942
212.557983
107.164543
340.752899
236.994217
220.558136
107.164734
348.748474
236.994110
228.557632
107.163803
356.752563
236.994598
236.560150
107.163879
364.750763
236.993744
244.552216
107.161453
372.750305
236.999542
252.545807
107.159584
380.637024
236.919159
-59.408276
115.146225
68.713661
245.016479
-51.439590
115.171478
76.756012
244.991608
-43.441238
115.161942
84.750336
244.995377
-35.442543
115.164322
92.750038
244.996368
-27.442638
115.163658
100.751740
244.995789
-19.442684
115.163727
108.749268
244.996643
-11.442734
115.163765
116.751747
244.995575
-3.442627
115.163750
124.749329
244.996490
4.557236
115.163742
132.751755
244.995575
12.557400
115.163826
140.749496
244.996658
20.557240
115.163757
148.751617
244.995712
28.557404
115.163803
156.749481
244.996613
36.557339
115.163765
164.751770
244.995621
44.557304
115.163757
172.749359
244.996613
52.557301
115.163574
180.751648
244.995651
60.557449
115.163948
188.749420
244.996704
68.557159
115.163750
196.751648
244.995636
76.557251
115.164032
204.749146
244.996613
84.556824
115.163956
212.751862
244.995544
92.557709
115.164200
220.749603
244.996429
100.557045
115.163574
228.751434
244.995636
108.557121
115.163742
236.749222
244.996094
116.557281
115.163628
244.750763
244.994705
124.557800
115.163231
252.747925
244.993744
132.559052
115.164230
260.753387
244.992676
140.558350
115.164955
268.749847
244.993195
148.557526
115.165688
276.752594
244.992493
156.556442
115.164177
284.751251
244.994751
164.556992
115.165268
292.751404
244.995453
172.556793
115.163429
300.750610
244.996704
180.556488
115.162926
308.750610
244.995560
188.557281
115.163391
316.749207
244.996384
196.557556
115.163521
324.752106
244.995590
204.557343
115.163879
332.749207
244.996429
212.557159
115.163788
340.751617
244.995407
220.557220
115.163940
348.749329
244.996490
228.556885
115.163254
356.751251
244.995789
236.559082
115.163673
364.751465
244.995544
244.551910
115.160950
372.749603
245.001343
252.546265
115.159935
380.636566
244.920609
-59.406651
123.146286
68.714211
253.015350
-51.439404
123.172112
76.755562
252.989517
-43.440811
123.163017
84.751747
252.993759
-35.441788
123.165237
92.749176
252.994080
-27.442219
123.164444
100.752968
252.994507
-19.441715
123.164742
108.748520
252.994431
-11.442154
123.164513
116.753113
252.994476
-3.441715
123.164795
124.748497
252.994354
4.557819
123.164558
132.753052
252.994476
12.558151
123.164795
140.748520
252.994354
20.557835
123.164467
148.753143
252.994446
28.558319
123.164757
156.748474
252.994324
36.557983
123.164429
164.753113
252.994461
44.558342
123.164612
172.748505
252.994415
52.557899
123.164528
180.753036
252.994476
60.558262
123.164711
188.748566
252.994370
68.557938
123.164505
196.752991
252.994492
76.558014
123.164566
204.748016
252.994507
84.558281
123.164436
212.753632
252.995148
92.557861
123.163879
220.747726
252.994476
100.557884
123.163445
228.752747
252.994400
108.558426
123.163765
236.747803
252.994080
116.557571
123.164032
244.751205
252.992966
124.559830
123.164215
252.748230
252.991562
132.559006
123.164452
260.753387
252.990845
140.558777
123.165695
268.749939
252.991257
148.557739
123.165733
276.753265
252.991348
156.557709
123.164581
284.750977
252.992630
164.557617
123.165627
292.752289
252.993774
172.557892
123.164780
300.749268
252.994232
180.557526
123.164505
308.752136
252.993713
188.559143
123.164604
316.749023
252.994110
196.557938
123.164368
324.752838
252.994781
204.557922
123.164467
332.748596
252.993988
212.557800
123.164421
340.752808
252.994049
220.558258
123.164711
348.748322
252.994171
228.557556
123.163818
356.752502
252.994568
236.560120
123.163948
364.750671
252.993759
244.552170
123.161537
372.750305
252.999481
252.545853
123.159607
380.637024
252.919067
-59.408283
131.146271
68.713631
261.016449
-51.439667
131.171463
76.755959
260.991638
-43.441135
131.161926
84.750290
260.995422
-35.442688
131.164307
92.749969
260.996368
-27.442738
131.163635
100.751556
260.995697
-19.442665
131.163818
108.749290
260.996552
-11.442711
131.163666
116.751755
260.995789
-3.442566
131.163818
124.749420
260.996735
4.557209
131.163574
132.751633
260.995728
12.557480
131.163788
140.749252
260.996704
20.557171
131.163681
148.751678
260.995697
28.557369
131.163635
156.749298
260.996735
36.557304
131.163452
164.751617
260.995728
44.557526
131.163788
172.749359
260.996643
52.557331
131.163422
180.751877
260.995850
60.557354
131.163971
188.749237
260.996552
68.557114
131.163574
196.751663
260.995697
76.557236
131.164047
204.749084
260.996338
84.557388
131.163544
212.752106
260.995605
92.557312
131.163605
220.749176
260.996094
100.556763
131.163544
228.751099
260.995514
108.557724
131.163055
236.748856
260.996155
116.557457
131.163437
244.749969
260.993134
124.558960
131.163712
252.749969
260.994049
132.558075
131.164398
260.753174
260.992340
140.557404
131.165070
268.749603
260.993286
148.557144
131.165985
276.752441
260.992676
156.556946
131.164291
284.751984
260.994873
164.557175
131.165833
292.751709
260.995117
172.556976
131.163910
300.749817
260.996490
180.556870
131.163544
308.751373
260.995667
188.557098
131.163177
316.749023
260.996521
196.557495
131.162827
324.751373
260.995850
204.557755
131.163620
332.749451
260.996735
212.557098
131.163635
340.751526
260.995483
220.557114
131.163849
348.749268
260.996399
228.556854
131.163269
356.751129
260.995911
236.559128
131.163727
364.751343
260.995605
244.552002
131.160919
372.749695
261.001404
252.546188
131.160004
380.636536
260.920532
-59.406620
139.146210
68.714249
269.015411
-51.439491
139.171997
76.755356
268.989594
-43.440788
139.162933
84.751816
268.993774
-35.441780
139.165100
92.749214
268.994232
-27.442192
139.164368
100.753029
268.994537
-19.441757
139.164612
108.748482
268.994354
-11.442154
139.164459
116.752953
268.994446
-3.441792
139.164764
124.748497
268.994385
4.557899
139.164429
132.753082
268.994446
12.558331
139.164719
140.748444
268.994324
20.557980
139.164429
148.753021
268.994537
28.558239
139.164764
156.748428
268.994324
36.558117
139.164429
164.753113
268.994324
44.558224
139.164749
172.748413
268.994324
52.557915
139.164429
180.753098
268.994537
60.558140
139.164795
188.748444
268.994354
68.557869
139.164307
196.752930
268.994507
76.558350
139.164963
204.748428
268.994385
84.557976
139.163940
212.753143
268.994629
92.558128
139.163879
220.747742
268.993408
100.558250
139.163651
228.753235
268.994080
108.558250
139.164520
236.747650
268.993896
116.558533
139.163818
244.751862
268.990967
124.559532
139.165131
252.748779
268.991272
132.558289
139.165619
260.754456
268.991211
140.557251
139.165863
268.748962
268.990906
148.557739
139.166107
276.752563
268.990723
156.558365
139.165039
284.751465
268.992706
164.557632
139.166229
292.752380
268.993713
172.557968
139.164978
300.749176
268.994110
180.557388
139.164764
308.752563
268.993927
188.557953
139.164673
316.747833
268.993469
196.558701
139.164246
324.753265
268.994293
204.558563
139.164871
332.748627
268.994446
212.557693
139.164185
340.752991
268.994171
220.558182
139.164642
348.748383
268.994232
228.557556
139.163574
356.752289
268.994751
236.560196
139.163940
364.750793
268.993744
244.552246
139.161514
372.750366
268.999573
252.545837
139.159668
380.637054
268.919098
-59.408279
147.146194
68.713593
277.016479
-51.439541
147.171463
76.755997
276.991730
-43.441223
147.161896
84.750320
276.995453
-35.442608
147.164337
92.750130
276.996521
-27.442699
147.163635
100.751709
276.995850
-19.442699
147.163803
108.749374
276.996735
-11.442810
147.163712
116.751816
276.995728
-3.442646
147.163727
124.749329
276.996643
4.557289
147.163727
132.751755
276.995789
12.557423
147.163849
140.749451
276.996613
20.557198
147.163727
148.751770
276.995605
28.557480
147.163849
156.749390
276.996613
36.557270
147.163727
164.751831
276.995667
44.557358
147.163651
172.749130
276.996582
52.557304
147.163574
180.751663
276.995758
60.557320
147.163803
188.749176
276.996765
68.557220
147.163635
196.751755
276.995697
76.557114
147.163834
204.748962
276.996399
84.557266
147.163635
212.751740
276.995697
92.557655
147.163635
220.750031
276.996094
100.557404
147.164337
228.750793
276.994843
108.557556
147.163940
236.748871
276.995117
116.557709
147.163422
244.751343
276.992401
124.558350
147.164291
252.749146
276.993225
132.557648
147.165497
260.753510
276.993835
140.555206
147.165176
268.748901
276.993805
148.557907
147.165161
276.752319
276.992554
156.557480
147.164185
284.751831
276.995026
164.557159
147.166031
292.751892
276.995331
172.556885
147.164062
300.750305
276.996429
180.556610
147.164032
308.750977
276.995209
188.557190
147.163757
316.749420
276.996124
196.556824
147.163330
324.750793
276.995331
204.557617
147.163025
332.748901
276.996460
212.557678
147.163696
340.751709
276.995789
220.557373
147.164001
348.749390
276.996429
228.556763
147.163483
356.751190
276.995789
236.559097
147.163803
364.751434
276.995605
244.551941
147.160889
372.749634
277.001373
252.546188
147.159927
380.636566
276.920502
-59.406437
155.146210
68.714195
285.015381
-51.439415
155.172012
76.755478
284.989502
-43.440735
155.162811
84.751816
284.993713
-35.441708
155.165100
92.749023
284.994202
-27.442234
155.164368
100.752922
284.994507
-19.441582
155.164581
108.748627
284.994476
-11.442116
155.164398
116.753075
284.994507
-3.441662
155.164703
124.748543
284.994415
4.557880
155.164368
132.753098
284.994507
12.558311
155.164658
140.748505
284.994324
20.557919
155.164383
148.752960
284.994385
28.558380
155.164886
156.748428
284.994354
36.557854
155.164474
164.753174
284.994446
44.558273
155.164764
172.748474
284.994263
52.557991
155.164505
180.753143
284.994354
60.558311
155.164856
188.748505
284.994324
68.557899
155.164352
196.752960
284.994629
76.558350
155.164658
204.748444
284.994324
84.557922
155.164246
212.752869
284.994537
92.558502
155.164886
220.749268
284.994537
100.557297
155.164337
228.751953
284.993744
108.558517
155.164871
236.748535
284.992615
116.557831
155.164032
244.752380
284.990662
124.558769
155.165924
252.748398
284.990692
132.558319
155.165497
260.754028
284.992462
140.557465
155.166687
268.747833
284.991791
148.557724
155.165131
276.752991
284.991150
156.558380
155.164581
284.750702
284.993073
164.558044
155.166138
292.752777
284.993652
172.558228
155.164856
300.749756
284.994629
180.557434
155.164062
308.752625
284.994049
188.558197
155.164749
316.748047
284.994080
196.557266
155.164017
324.752289
284.993713
204.559204
155.164673
332.748474
284.994232
212.558365
155.164581
340.753296
284.994141
220.557968
155.164505
348.748718
284.994080
228.557648
155.163849
356.752411
284.994629
236.560104
155.163849
364.750580
284.993774
244.552277
155.161469
372.750122
284.999542
252.545929
155.159622
380.637146
284.919189
-59.408115
163.146179
68.713806
293.016418
-51.439621
163.171326
76.755959
292.991608
-43.441181
163.161987
84.750252
292.995453
-35.442707
163.164246
92.749878
292.996338
-27.442665
163.163513
100.751732
292.995728
-19.442627
163.163696
108.749474
292.996643
-11.442719
163.163651
116.751717
292.995605
-3.442665
163.163757
124.749329
292.996582
4.557308
163.163635
132.751785
292.995789
12.557423
163.163773
140.749359
292.996613
20.557293
163.163635
148.751785
292.995544
28.557495
163.163696
156.749512
292.996490
36.557194
163.163727
164.751541
292.995636
44.557388
163.163849
172.749466
292.996552
52.557323
163.163605
180.751770
292.995605
60.557346
163.163879
188.749176
292.996460
68.557236
163.163605
196.751648
292.995605
76.557587
163.164017
204.749542
292.996521
84.557129
163.163788
212.751190
292.995544
92.557037
163.163589
220.749161
292.996368
100.557121
163.163391
228.750290
292.994904
108.557816
163.163864
236.750977
292.995636
116.556656
163.164124
244.750885
292.993042
124.558006
163.164673
252.749390
292.993744
132.557007
163.165375
260.752411
292.993622
140.557526
163.165726
268.750122
292.994324
148.556671
163.163208
276.751343
292.992920
156.557724
163.163300
284.750275
292.994690
164.557404
163.164520
292.752075
292.994568
172.557800
163.164841
300.750366
292.996643
180.556686
163.163879
308.752563
292.995850
188.556793
163.164124
316.748505
292.996155
196.557312
163.164139
324.752075
292.995331
204.556793
163.163193
332.749237
292.995758
212.557663
163.163452
340.751038
292.995239
220.557587
163.164062
348.749481
292.996765
228.556808
163.163300
356.751160
292.995789
236.558990
163.163788
364.751587
292.995453
244.552063
163.161072
372.749664
293.001190
252.546127
163.159943
380.636475
292.920563
-59.406570
171.146210
68.714310
301.015381
-51.439339
171.171997
76.755379
300.989471
-43.440727
171.162842
84.751823
300.993774
-35.441708
171.165131
92.748985
300.994171
-27.442173
171.164413
100.753098
300.994446
-19.441692
171.164658
108.748581
300.994385
-11.442169
171.164398
116.753082
300.994354
-3.441704
171.164642
124.748367
300.994263
4.557922
171.164520
132.753036
300.994354
12.558407
171.164673
140.748718
300.994293
20.557968
171.164520
148.753082
300.994507
28.558254
171.164948
156.748581
300.994385
36.557808
171.164444
164.753006
300.994446
44.558132
171.164856
172.748383
300.994324
52.557800
171.164581
180.753189
300.994354
60.558125
171.164764
188.748444
300.994263
68.557938
171.164566
196.752960
300.994324
76.558289
171.164795
204.748566
300.994232
84.557785
171.164185
212.752808
300.994385
92.558273
171.164948
220.748611
300.994171
100.558205
171.164032
228.753021
300.993073
108.558334
171.164474
236.747803
300.993591
116.558212
171.164795
244.752411
300.992523
124.558060
171.164581
252.747986
300.991669
132.557800
171.165451
260.752625
300.991211
140.559204
171.165619
268.749878
300.992676
148.556366
171.163666
276.751923
300.992126
156.558624
171.164520
284.749878
300.992676
164.558716
171.165039
292.753448
300.992798
172.558472
171.165070
300.749298
300.993896
180.557693
171.164536
308.753357
300.994690
188.557831
171.164764
316.747742
300.993744
196.557816
171.164474
324.752991
300.994446
204.557617
171.164276
332.748138
300.994141
212.558105
171.164474
340.752502
300.994080
220.558563
171.164536
348.748779
300.993866
228.557480
171.163818
356.752686
300.994568
236.560135
171.164001
364.750793
300.993591
244.552246
171.161469
372.750336
300.999512
252.545731
171.159607
380.637024
300.919037
-59.408169
179.146179
68.713715
309.016357
-51.439556
179.171463
76.755981
308.991577
-43.441151
179.162048
84.750404
308.995361
-35.442482
179.164368
92.750092
308.996246
-27.442822
179.163773
100.751480
308.995636
-19.442585
179.163712
108.749428
308.996582
-11.442673
179.163666
116.751663
308.995819
-3.442646
179.163834
124.749268
308.996582
4.557262
179.163666
132.751587
308.995667
12.557423
179.163788
140.749557
308.996613
20.557259
179.163544
148.751694
308.995728
28.557304
179.163727
156.749359
308.996613
36.557259
179.163635
164.751556
308.995728
44.557346
179.163757
172.749390
308.996704
52.557198
179.163589
180.751480
308.995728
60.557243
179.163773
188.749252
308.996521
68.557251
179.163666
196.751740
308.995514
76.557228
179.163879
204.749130
308.996582
84.557281
179.163940
212.751541
308.995239
92.557617
179.163757
220.749664
308.996643
100.557175
179.163284
228.752075
308.995514
108.557091
179.163971
236.748688
308.995422
116.557823
179.164337
244.751160
308.993744
124.557205
179.163147
252.748520
308.994202
132.557220
179.165024
260.751343
308.992126
140.558746
179.164139
268.749756
308.994568
148.556732
179.164337
276.751343
308.993500
156.558380
179.164185
284.749329
308.994568
164.557480
179.164490
292.752991
308.994476
172.557770
179.164764
300.750031
308.996460
180.556641
179.164413
308.752075
308.996155
188.557159
179.164154
316.749695
308.996490
196.556488
179.163940
324.750793
308.994995
204.557495
179.164047
332.749695
308.996643
212.556824
179.163269
340.751465
308.995331
220.557312
179.164108
348.748718
308.996338
228.557251
179.163208
356.751740
308.996124
236.559265
179.163788
364.751343
308.995636
244.551788
179.161102
372.749634
309.001343
252.546082
179.159973
380.636505
308.920532
-59.406616
187.146118
68.714294
317.015320
-51.439407
187.171997
76.755386
316.989502
-43.440777
187.162842
84.751953
316.993744
-35.441891
187.165207
92.749069
316.994019
-27.442223
187.164276
100.752914
316.994324
-19.441753
187.164825
108.748390
316.994293
-11.442097
187.164398
116.753006
316.994507
-3.441818
187.164886
124.748482
316.994354
4.557976
187.164505
132.753006
316.994324
12.558128
187.164764
140.748627
316.994202
20.557888
187.164520
148.752975
316.994324
28.558273
187.164780
156.748566
316.994141
36.557907
187.164490
164.753082
316.994415
44.558201
187.164749
172.748367
316.994385
52.557838
187.164490
180.753052
316.994446
60.558334
187.164688
188.748474
316.994354
68.557953
187.164429
196.753021
316.994537
76.558205
187.164597
204.748291
316.994354
84.557869
187.164398
212.753174
316.994537
92.557983
187.164825
220.747955
316.993958
100.558113
187.164307
228.753326
316.994263
108.558029
187.164764
236.748001
316.993805
116.557686
187.164368
244.752228
316.993134
124.558487
187.164474
252.747864
316.992249
132.558212
187.165024
260.752869
316.990540
140.558914
187.164948
268.749817
316.991821
148.558182
187.166153
276.752197
316.991638
156.558212
187.165070
284.748932
316.991364
164.557800
187.164795
292.752930
316.991455
172.558792
187.164734
300.749695
316.992676
180.557495
187.165131
308.752533
316.994385
188.558289
187.165283
316.749359
316.994171
196.557510
187.164536
324.752319
316.993958
204.558060
187.164673
332.748413
316.994293
212.557495
187.164108
340.752747
316.994385
220.558487
187.164734
348.748230
316.994293
228.558044
187.163605
356.752502
316.994507
236.559937
187.164124
364.750488
316.993683
244.552139
187.161560
372.750183
316.999207
252.545822
187.159576
380.636902
316.919037
-59.408241
195.146072
68.713669
325.016510
-51.439617
195.171387
76.755814
324.991669
-43.441296
195.161865
84.750313
324.995422
-35.442799
195.164261
92.749939
324.996460
-27.442829
195.163788
100.751503
324.995697
-19.442791
195.163666
108.749161
324.996552
-11.442760
195.163727
116.751663
324.995636
-3.442604
195.163757
124.749420
324.996704
4.557224
195.163727
132.751648
324.995728
12.557358
195.163696
140.749481
324.996582
20.557232
195.163727
148.751648
324.995575
28.557236
195.163757
156.749283
324.996582
36.557159
195.163483
164.751495
324.995697
44.557446
195.163651
172.749176
324.996643
52.557228
195.163452
180.751617
324.995605
60.557240
195.163788
188.749100
324.996399
68.557159
195.163483
196.751434
324.995728
76.557259
195.163818
204.749146
324.996399
84.557190
195.163605
212.751495
324.995422
92.557327
195.163803
220.749359
324.996399
100.556961
195.163574
228.751190
324.995422
108.557373
195.163467
236.748749
324.996094
116.557419
195.163818
244.750214
324.994263
124.557648
195.163269
252.748810
324.994537
132.558655
195.164124
260.753082
324.992920
140.557953
195.163391
268.750549
324.995270
148.557953
195.165253
276.752136
324.993774
156.558197
195.163177
284.749847
324.993958
164.557465
195.164749
292.752655
324.993225
172.557861
195.163864
300.750977
324.995239
180.557114
195.165512
308.751587
324.995300
188.557205
195.164551
316.750183
324.997192
196.556427
195.163544
324.751099
324.995483
204.556885
195.163925
332.748901
324.995972
212.557266
195.163605
340.751770
324.995972
220.557083
195.163727
348.749146
324.996368
228.557053
195.163330
356.750732
324.996002
236.559448
195.163498
364.751801
324.995911
244.551926
195.160797
372.749390
325.001343
252.545990
195.160034
380.636444
324.920441
-59.406471
203.146179
68.714172
333.015289
-51.439247
203.171906
76.755463
332.989410
-43.440735
203.162720
84.751839
332.993835
-35.441746
203.165161
92.748924
332.994232
-27.442341
203.164291
100.752831
332.994507
-19.441799
203.164719
108.748352
332.994263
-11.442127
203.164474
116.753143
332.994324
-3.441795
203.164795
124.748474
332.994385
4.557899
203.164429
132.753052
332.994507
12.558254
203.164764
140.748474
332.994324
20.557774
203.164398
148.752869
332.994385
28.558357
203.164673
156.748245
332.994385
36.557842
203.164398
164.752808
332.994232
44.558132
203.164597
172.748611
332.993958
52.557907
203.164398
180.752899
332.994446
60.558105
203.164551
188.748291
332.994019
68.557793
203.164215
196.752441
332.994232
76.558266
203.164703
204.748230
332.994141
84.557732
203.164307
212.752502
332.994202
92.558090
203.164673
220.748062
332.993927
100.557693
203.164246
228.752655
332.994232
108.558441
203.164459
236.747772
332.994263
116.557388
203.164093
244.751617
332.992737
124.559586
203.164520
252.748413
332.991333
132.558441
203.164368
260.753937
332.990753
140.558838
203.164413
268.750702
332.993042
148.558014
203.166290
276.753723
332.991516
156.559250
203.164780
284.750153
332.991882
164.557831
203.164505
292.752930
332.992035
172.557983
203.164246
300.750732
332.993622
180.557144
203.165024
308.751709
332.993286
188.557571
203.164902
316.748779
332.994537
196.557388
203.164505
324.752777
332.994263
204.558044
203.164505
332.748505
332.993622
212.557602
203.163971
340.752563
332.994324
220.558411
203.164337
348.748596
332.994232
228.557617
203.162827
356.752045
332.994537
236.560913
203.164032
364.750580
332.993500
244.552139
203.161270
372.750305
332.999542
252.545792
203.159851
380.637146
332.919067
-59.408119
211.146103
68.713821
341.016418
-51.439518
211.171265
76.755699
340.991547
-43.441116
211.161880
84.750412
340.995453
-35.442631
211.164215
92.749992
340.996429
-27.442654
211.163589
100.751732
340.995728
-19.442650
211.163757
108.749298
340.996490
-11.442814
211.163727
116.751724
340.995514
-3.442802
211.163788
124.749199
340.996582
4.557053
211.163651
132.751648
340.995697
12.557327
211.163635
140.749390
340.996552
20.557209
211.163681
148.751495
340.995575
28.557373
211.163818
156.749374
340.996460
36.557198
211.163422
164.752136
340.995331
44.557304
211.164062
172.749069
340.996429
52.557129
211.163177
180.751099
340.995728
60.557747
211.163284
188.748764
340.997498
68.557266
211.163071
196.751190
340.996185
76.557373
211.163452
204.748352
340.997253
84.557289
211.163406
212.751251
340.995819
92.557205
211.163605
220.748962
340.996368
100.556725
211.163727
228.750793
340.995117
108.556900
211.163544
236.748840
340.996460
116.557739
211.163361
244.751144
340.994019
124.557465
211.163300
252.749573
340.993317
132.557037
211.163986
260.751465
340.992676
140.557236
211.164551
268.750000
340.993896
148.557373
211.165161
276.751770
340.992920
156.557129
211.164062
284.750305
340.993591
164.557831
211.164642
292.751526
340.992798
172.556427
211.163635
300.749756
340.994202
180.556976
211.165024
308.751984
340.993774
188.556595
211.163040
316.749573
340.996338
196.556839
211.163666
324.750549
340.995483
204.557404
211.163544
332.749420
340.996277
212.556824
211.163589
340.751190
340.995148
220.557343
211.163269
348.749664
340.997131
228.556839
211.163223
356.750977
340.995544
236.559509
211.163513
364.751221
340.995850
244.552429
211.160950
372.750183
341.001282
252.546051
211.159698
380.636353
340.920715
-59.406609
219.146088
68.714226
349.015228
-51.439281
219.171890
76.755226
348.989227
-43.440861
219.162918
84.751717
348.993591
-35.441704
219.165161
92.748955
348.993988
-27.442280
219.164398
100.752991
348.994385
-19.441750
219.164536
108.748245
348.994263
-11.442360
219.164352
116.752853
348.994293
-3.441753
219.164642
124.748131
348.994232
4.557816
219.164383
132.752838
348.994446
12.558254
219.164581
140.748428
348.994202
20.557823
219.164505
148.752930
348.994324
28.557911
219.164688
156.748291
348.994293
36.557415
219.164627
164.753052
348.993835
44.558170
219.163513
172.747711
348.993713
52.557919
219.164032
180.751785
348.993164
60.559788
219.164032
188.748566
348.994019
68.558762
219.163940
196.752670
348.994446
76.559189
219.164169
204.748718
348.994507
84.558678
219.164032
212.753265
348.994873
92.558685
219.164551
220.749329
348.994324
100.557465
219.164246
228.752213
348.993713
108.559273
219.164429
236.747559
348.993530
116.558067
219.164612
244.753387
348.992249
124.558357
219.164566
252.749054
348.992126
132.557648
219.165436
260.752686
348.991211
140.558060
219.165192
268.748291
348.991821
148.557159
219.165436
276.752441
348.991180
156.558838
219.165283
284.749146
348.991302
164.557877
219.165543
292.753601
348.990509
172.558731
219.164795
300.749786
348.992310
180.557465
219.164520
308.753357
348.991943
188.558899
219.163086
316.748108
348.994324
196.558044
219.165558
324.752777
348.994354
204.558502
219.164474
332.748932
348.994202
212.557831
219.164337
340.752563
348.994019
220.558273
219.164108
348.747925
348.994385
228.557526
219.163483
356.752075
348.994263
236.560913
219.163452
364.751221
348.993896
244.552017
219.161545
372.750244
348.999329
252.545532
219.159851
380.637085
348.919128
-59.408207
227.146408
68.714088
357.016571
-51.439583
227.171814
76.755745
356.991455
-43.441254
227.162125
84.750473
356.995239
-35.442837
227.164673
92.749832
356.996429
-27.442997
227.163757
100.751396
356.995728
-19.442726
227.164001
108.749046
356.996613
-11.442825
227.163971
116.751694
356.995667
-3.442608
227.164169
124.749374
356.996490
4.557110
227.163879
132.751587
356.995667
12.557487
227.164169
140.749268
356.996674
20.556984
227.163940
148.751617
356.995575
28.557453
227.164032
156.749176
356.996704
36.556992
227.163483
164.751724
356.996521
44.556721
227.164230
172.748413
356.995758
52.557758
227.164322
180.753204
356.993317
60.558075
227.164703
188.749542
356.994507
68.557510
227.163788
196.752121
356.993530
76.558319
227.164978
204.750275
356.994751
84.557648
227.163696
212.753723
356.994873
92.557365
227.164078
220.750427
356.996674
100.557053
227.163940
228.751740
356.994659
108.557770
227.164337
236.749695
356.994873
116.556870
227.164246
244.752289
356.993866
124.557114
227.164459
252.749390
356.994659
132.557053
227.164505
260.752350
356.993225
140.556366
227.164825
268.749695
356.994690
148.556946
227.165131
276.751709
356.992554
156.557495
227.164520
284.749939
356.993042
164.556885
227.165466
292.752441
356.991943
172.557632
227.164017
300.749817
356.994415
180.556427
227.165421
308.751678
356.993195
188.557205
227.164581
316.749725
356.994934
196.557037
227.165009
324.751556
356.994690
204.557434
227.165283
332.749146
356.996246
212.556732
227.163818
340.751282
356.994934
220.557465
227.164154
348.748596
356.996063
228.557449
227.163437
356.751709
356.996124
236.559006
227.164139
364.751160
356.995483
244.551849
227.161041
372.750061
357.001465
252.546005
227.159988
380.636536
356.920441
-59.408394
235.146835
68.714317
365.015747
-51.442207
235.171829
76.756599
364.990448
-43.443455
235.163666
84.752853
364.993958
-35.444927
235.165726
92.749695
364.994263
-27.445160
235.165298
100.753616
364.994385
-19.444607
235.165375
108.749329
364.994080
-11.445030
235.165222
116.753555
364.994263
-3.444580
235.165283
124.749413
364.994202
4.554920
235.165237
132.753342
364.994293
12.555370
235.165192
140.749496
364.994141
20.554924
235.165161
148.753357
364.994354
28.555313
235.165344
156.749390
364.993866
36.554943
235.165375
164.752991
364.993439
44.555859
235.165741
172.750427
364.993805
52.554440
235.165527
180.754150
364.994019
60.554550
235.165619
188.749023
364.993469
68.554581
235.165863
196.754059
364.992310
76.555191
235.165573
204.749451
364.992157
84.554581
235.165894
212.753326
364.993469
92.555397
235.165375
220.749573
364.993378
100.555267
235.165070
228.753479
364.993866
108.555725
235.165115
236.749847
364.994263
116.554611
235.165375
244.753571
364.993835
124.554962
235.165451
252.749573
364.993317
132.554398
235.165497
260.753174
364.993042
140.555130
235.165237
268.748169
364.992706
148.554688
235.165802
276.753876
364.992126
156.555359
235.165771
284.750122
364.992218
164.554337
235.166595
292.754089
364.992004
172.554642
235.167358
300.749023
364.991211
180.554291
235.166885
308.753693
364.991150
188.554886
235.166351
316.750549
364.992981
196.553741
235.166473
324.753601
364.993591
204.555115
235.165222
332.749023
364.993317
212.555054
235.165710
340.753235
364.993469
220.555450
235.165573
348.749512
364.992554
228.555054
235.164703
356.753784
364.993469
236.557220
235.164764
364.751831
364.993225
244.549713
235.161591
372.751556
364.998688
252.546463
235.159576
380.636353
364.918121
-59.411064
243.137024
68.721504
373.017029
-51.436638
243.166504
76.754677
372.996735
-43.439499
243.160950
84.750237
372.998169
-35.440205
243.161652
92.750031
372.997314
-27.439941
243.161392
100.751427
372.996948
-19.439964
243.161377
108.749649
372.997253
-11.439926
243.161224
116.751427
372.996765
-3.439953
243.161377
124.749695
372.997070
4.560165
243.161133
132.751541
372.996765
12.560013
243.161316
140.749863
372.997070
20.560097
243.161209
148.751404
372.996643
28.560143
243.161331
156.749969
372.997070
36.560066
243.161377
164.751465
372.996674
44.559937
243.161621
172.749481
372.996948
52.560181
243.161423
180.751450
372.996338
60.560371
243.161530
188.749664
372.996826
68.560150
243.160919
196.752136
372.997284
76.558899
243.161362
204.749756
372.996948
84.559509
243.160782
212.751099
372.996063
92.560173
243.161102
220.749786
372.996490
100.559853
243.161255
228.750778
372.995819
108.560547
243.161316
236.749741
372.996521
116.559959
243.161270
244.750565
372.996368
124.560272
243.161346
252.749405
372.996826
132.559937
243.161331
260.750793
372.995911
140.560242
243.162125
268.749542
372.995483
148.559967
243.162262
276.751251
372.994781
156.559921
243.162613
284.749939
372.995270
164.559814
243.162476
292.751434
372.994690
172.559967
243.162460
300.750153
372.995361
180.559189
243.162537
308.751831
372.995117
188.559616
243.162384
316.750244
372.995880
196.559525
243.161652
324.751648
372.995667
204.559998
243.162140
332.749969
372.996155
212.560013
243.161530
340.751892
372.995850
220.560226
243.161774
348.750122
372.996521
228.559525
243.160889
356.751007
372.996338
236.561676
243.163574
364.753906
372.996155
244.558716
243.162598
372.753632
373.000610
252.552017
243.168091
380.635315
372.919067
-59.420517
251.075363
68.673050
380.992554
-51.409550
251.063232
76.639183
380.986542
-43.411076
251.057251
84.632027
380.994080
-35.411346
251.059387
92.630211
380.992676
-27.411449
251.058960
100.632080
380.993073
-19.411221
251.059174
108.630196
380.992798
-11.411518
251.058838
116.632042
380.992920
-3.411160
251.059280
124.630295
380.992859
4.588486
251.058853
132.632111
380.993103
12.588692
251.059189
140.630219
380.992920
20.588501
251.058884
148.632111
380.993042
28.588711
251.059082
156.630173
380.992767
36.588493
251.058929
164.632080
380.992889
44.588707
251.059067
172.630234
380.992676
52.588341
251.058685
180.632050
380.992828
60.588581
251.059250
188.629974
380.992310
68.588150
251.059097
196.631897
380.992157
76.588692
251.059387
204.630157
380.992126
84.587677
251.058960
212.631638
380.991791
92.588219
251.059113
220.630310
380.992004
100.588089
251.058685
228.631897
380.991882
108.588287
251.059067
236.629944
380.992188
116.588272
251.058807
244.632004
380.992371
124.588623
251.059189
252.630051
380.992401
132.588577
251.059143
260.632385
380.992798
140.588806
251.059357
268.630371
380.992676
148.588135
251.058975
276.632202
380.992920
156.588501
251.059143
284.630432
380.992554
164.588211
251.058701
292.632019
380.992615
172.588531
251.059174
300.630096
380.992310
180.588181
251.058716
308.631714
380.992676
188.588318
251.059113
316.630157
380.992554
196.588058
251.058640
324.631897
380.992615
204.588684
251.058868
332.630127
380.992493
212.588364
251.058655
340.631775
380.992737
220.588669
251.059143
348.630341
380.992706
228.588150
251.058502
356.631775
380.992859
236.589417
251.059418
364.631287
380.992554
244.587494
251.066101
372.641663
380.993713
252.558075
251.078842
380.603729
380.943512
-120.736038
-119.823936
137.651428
135.830826
-104.735504
-119.815506
153.648514
135.828888
-88.732727
-119.812347
169.648621
135.830017
-72.732452
-119.812103
185.648697
135.829895
-56.732056
-119.811676
201.648453
135.829956
-40.732239
-119.811768
217.648636
135.830017
-24.731995
-119.811577
233.648438
135.829941
-8.732208
-119.811722
249.648605
135.830002
7.267960
-119.811478
265.648407
135.829971
23.267853
-119.811676
281.648682
135.829987
39.267990
-119.811470
297.648468
135.829956
55.267838
-119.811630
313.648560
135.830017
71.268021
-119.811470
329.648499
135.829926
87.267792
-119.811661
345.648682
135.830017
103.268005
-119.811531
361.648438
135.829987
119.267807
-119.811668
377.648621
135.829987
135.267792
-119.811478
393.648315
135.829910
151.267593
-119.811234
409.648987
135.829971
167.267242
-119.813011
425.650146
135.829895
183.263550
-119.824150
441.652008
135.828323
-120.740662
-103.833740
137.650162
151.827530
-104.742523
-103.825378
153.652023
151.825653
-88.737122
-103.824448
169.655334
151.824585
-72.737076
-103.824097
185.655792
151.824371
-56.736343
-103.823830
201.655502
151.824081
-40.736465
-103.824028
217.655762
151.824158
-24.736313
-103.823814
233.655518
151.824081
-8.736511
-103.823936
249.655746
151.824158
7.263657
-103.823746
265.655518
151.824066
23.263519
-103.823891
281.655792
151.824158
39.263596
-103.823662
297.655457
151.824020
55.263474
-103.823952
313.655701
151.824158
71.263641
-103.823715
329.655396
151.824112
87.263428
-103.823952
345.655823
151.824097
103.263626
-103.823822
361.655518
151.824097
119.263412
-103.823997
377.655853
151.824066
135.263397
-103.823669
393.655365
151.824097
151.263489
-103.823471
409.654968
151.824188
167.264923
-103.825043
425.657928
151.822784
183.269302
-103.827560
441.658997
151.822754
-120.738266
-87.834991
137.649780
167.824936
-104.740906
-87.824814
153.653229
167.823456
-88.737335
-87.823288
169.656326
167.823975
-72.737274
-87.822647
185.656296
167.823212
-56.736588
-87.822014
201.656250
167.822937
-40.736816
-87.822105
217.656494
167.823013
-24.736481
-87.821892
233.656418
167.822906
-8.736740
-87.822075
249.656525
167.822937
7.263550
-87.821907
265.656525
167.822830
23.263229
-87.822128
281.656494
167.822937
39.263580
-87.821899
297.656464
167.822968
55.263123
-87.821869
313.656616
167.822906
71.263412
-87.821838
329.656372
167.822861
87.262970
-87.822029
345.656616
167.822983
103.263504
-87.822159
361.656464
167.822876
119.263123
-87.822205
377.656586
167.822952
135.263214
-87.822205
393.656525
167.822815
151.262436
-87.821342
409.656097
167.822983
167.263916
-87.821922
425.658356
167.821716
183.269333
-87.825699
441.661438
167.823395
-120.738647
-71.835258
137.649872
183.824585
-104.741089
-71.824593
153.653961
183.823380
-88.737915
-71.823990
169.657227
183.823761
-72.737747
-71.823532
185.657349
183.822769
-56.737335
-71.823090
201.657227
183.822327
-40.737320
-71.823204
217.657608
183.822510
-24.737183
-71.822960
233.657394
183.822205
-8.737274
-71.823128
249.657654
183.822403
7.262817
-71.822945
265.657471
183.822205
23.262695
-71.823235
281.657593
183.822449
39.262756
-71.822990
297.657288
183.822266
55.262848
-71.823105
313.657715
183.822510
71.262558
-71.823418
329.657166
183.822052
87.262375
-71.823486
345.657349
183.822525
103.262848
-71.823196
361.657532
183.822235
119.262634
-71.823334
377.657776
183.822464
135.262482
-71.823120
393.657410
183.822144
151.261978
-71.822464
409.657288
183.822723
167.263184
-71.822922
425.658569
183.820923
183.269775
-71.826416
441.661713
183.823395
-120.738297
-55.835381
137.649841
199.824677
-104.741104
-55.824883
153.653366
199.823334
-88.737686
-55.824341
169.656586
199.823944
-72.737595
-55.823906
185.656677
199.822632
-56.736923
-55.823273
201.656708
199.822388
-40.737183
-55.823395
217.656830
199.822357
-24.736801
-55.823158
233.656982
199.822296
-8.737091
-55.823334
249.657028
199.822296
7.263123
-55.823143
265.657074
199.822357
23.262833
-55.823418
281.656952
199.822388
39.263062
-55.823219
297.656708
199.822296
55.262955
-55.822998
313.657166
199.822586
71.263046
-55.823212
329.656647
199.822357
87.262726
-55.823715
345.657104
199.822418
103.263046
-55.823456
361.656830
199.822342
119.262833
-55.823631
377.657013
199.822296
135.262863
-55.823502
393.656891
199.822296
151.262085
-55.822617
409.656769
199.822556
167.263367
-55.822937
425.658508
199.821136
183.269745
-55.826691
441.661194
199.823425
-120.738678
-39.835243
137.649689
215.824524
-104.741180
-39.824982
153.653641
215.823242
-88.738037
-39.824181
169.656830
215.823593
-72.737717
-39.823799
185.657135
215.822632
-56.737198
-39.823303
201.657013
215.822113
-40.737244
-39.823418
217.657303
215.822250
-24.737076
-39.823219
233.657227
215.822006
-8.737213
-39.823318
249.657425
215.822174
7.262894
-39.823189
265.657288
215.822083
23.262756
-39.823349
281.657196
215.822174
39.262970
-39.823257
297.657227
215.822174
55.262726
-39.823074
313.657410
215.822556
71.262848
-39.823189
329.657166
215.822205
87.262543
-39.823471
345.657166
215.821884
103.262634
-39.823463
361.657043
215.822052
119.262909
-39.823578
377.657532
215.822174
135.262573
-39.823677
393.657135
215.822021
151.262070
-39.822807
409.657104
215.822510
167.263199
-39.823051
425.658539
215.820786
183.269852
-39.826782
441.661530
215.823303
-120.738358
-23.835373
137.649796
231.824646
-104.741196
-23.824921
153.653381
231.823349
-88.737732
-23.824379
169.656677
231.823853
-72.737625
-23.823853
185.656769
231.822693
-56.736908
-23.823227
201.656815
231.822418
-40.737152
-23.823349
217.656952
231.822327
-24.736801
-23.823143
233.657104
231.822281
-8.737167
-23.823288
249.657013
231.822311
7.263229
-23.823128
265.657043
231.822327
23.262695
-23.823433
281.656799
231.822357
39.263321
-23.823006
297.656860
231.822601
55.262756
-23.823318
313.656860
231.822662
71.263275
-23.822701
329.656982
231.822540
87.262573
-23.823502
345.656616
231.822357
103.262985
-23.823563
361.656799
231.822357
119.262772
-23.823418
377.656982
231.822266
135.262955
-23.823685
393.656952
231.822281
151.262070
-23.822723
409.656769
231.822632
167.263443
-23.822937
425.658630
231.821075
183.269745
-23.826790
441.661255
231.823425
-120.738663
-7.835274
137.649658
247.824554
-104.741211
-7.825020
153.653625
247.823227
-88.738068
-7.824226
169.656815
247.823593
-72.737762
-7.823868
185.657074
247.822632
-56.737274
-7.823341
201.657013
247.822113
-40.737274
-7.823402
217.657318
247.822235
-24.737137
-7.823257
233.657272
247.822021
-8.737320
-7.823364
249.657272
247.822235
7.262817
-7.823334
265.657166
247.822083
23.262772
-7.823425
281.657379
247.822449
39.262756
-7.822937
297.657227
247.822296
55.262619
-7.823097
313.657501
247.822418
71.262634
-7.822899
329.657532
247.822083
87.262558
-7.823349
345.657471
247.822342
103.262726
-7.823608
361.657043
247.821884
119.262604
-7.823517
377.657349
247.822327
135.262619
-7.823547
393.657104
247.822021
151.262070
-7.822784
409.657166
247.822495
167.263168
-7.822975
425.658569
247.820831
183.269821
-7.826782
441.661560
247.823380
-120.738373
8.164604
137.649750
263.824646
-104.741196
8.175095
153.653397
263.823334
-88.737717
8.175629
169.656677
263.823853
-72.737625
8.176132
185.656738
263.822693
-56.736893
8.176743
201.656815
263.822418
-40.737137
8.176605
217.656937
263.822327
-24.736771
8.176773
233.657028
263.822327
-8.737091
8.176659
249.656876
263.822327
7.263260
8.177094
265.656982
263.822388
23.262833
8.176834
281.657074
263.822357
39.262848
8.176888
297.656830
263.822388
55.262939
8.177017
313.657349
263.822510
71.262878
8.177246
329.656799
263.822510
87.262817
8.177261
345.657227
263.822571
103.262924
8.176880
361.656860
263.822266
119.262802
8.176239
377.656982
263.822388
135.263123
8.176430
393.656860
263.822418
151.262146
8.177406
409.656677
263.822540
167.263474
8.177048
425.658630
263.821136
183.269775
8.173225
441.661255
263.823425
-120.738632
24.164734
137.649658
279.824524
-104.741196
24.175003
153.653641
279.823181
-88.738068
24.175774
169.656830
279.823608
-72.737732
24.176178
185.657089
279.822662
-56.737259
24.176689
201.657028
279.822113
-40.737305
24.176598
217.657349
279.822235
-24.737137
24.176773
233.657227
279.821960
-8.737198
24.176712
249.657303
279.822144
7.262939
24.176880
265.657349
279.822083
23.262726
24.176941
281.657471
279.822296
39.262711
24.176765
297.657043
279.821808
55.262665
24.176926
313.657471
279.822510
71.263092
24.177620
329.657471
279.822327
87.262665
24.176842
345.657379
279.822327
103.262558
24.176697
361.656921
279.822021
119.262756
24.176460
377.657440
279.822113
135.262650
24.176430
393.657043
279.822083
151.261993
24.177238
409.657074
279.822510
167.263168
24.176979
425.658569
279.820862
183.269821
24.173218
441.661560
279.823364
-120.738373
40.164612
137.649750
295.824646
-104.741196
40.175079
153.653366
295.823334
-88.737732
40.175575
169.656693
295.823883
-72.737640
40.176094
185.656754
295.822693
-56.736923
40.176765
201.656799
295.822388
-40.737198
40.176605
217.656921
295.822327
-24.736786
40.176865
233.657013
295.822296
-8.737122
40.176628
249.656998
295.822357
7.263107
40.176826
265.657043
295.822357
23.263000
40.176880
281.657166
295.822296
39.263092
40.177078
297.657043
295.822235
55.262802
40.176689
313.656860
295.822632
71.263107
40.177223
329.657074
295.822815
87.262619
40.176773
345.657043
295.822449
103.262756
40.176697
361.656799
295.822205
119.262695
40.176453
377.657013
295.822357
135.263000
40.176399
393.656860
295.822327
151.262161
40.177437
409.656708
295.822632
167.263458
40.177048
425.658600
295.821167
183.269745
40.173248
441.661224
295.823425
-120.738663
56.164719
137.649658
311.824554
-104.741211
56.174988
153.653610
311.823212
-88.738083
56.175797
169.656799
311.823578
-72.737732
56.176147
185.657089
311.822632
-56.737259
56.176704
201.656982
311.822113
-40.737289
56.176590
217.657318
311.822266
-24.737137
56.176743
233.657227
311.822021
-8.737274
56.176682
249.657349
311.822205
7.262833
56.176750
265.657349
311.821899
23.262741
56.176704
281.657532
311.822296
39.262665
56.176826
297.657043
311.822083
55.262848
56.176826
313.657288
311.822601
71.262894
56.177162
329.657532
311.822388
87.262573
56.176689
345.657471
311.822144
103.262650
56.176666
361.657043
311.821930
119.262451
56.176544
377.657257
311.822327
135.262680
56.176308
393.657104
311.822052
151.261993
56.177231
409.657043
311.822510
167.263153
56.176971
425.658508
311.820862
183.269821
56.173233
441.661530
311.823334
-120.738358
72.164604
137.649750
327.824677
-104.741180
72.175087
153.653366
327.823303
-88.737701
72.175583
169.656662
327.823883
-72.737640
72.176094
185.656738
327.822693
-56.736893
72.176697
201.656799
327.822388
-40.737167
72.176620
217.656906
327.822357
-24.736801
72.176842
233.657043
327.822296
-8.737152
72.176682
249.657043
327.822296
7.263229
72.176979
265.657135
327.822327
23.262863
72.176918
281.657043
327.822327
39.263245
72.176888
297.656830
327.822449
55.262741
72.176765
313.656982
327.822815
71.263123
72.177216
329.657043
327.822540
87.262527
72.176727
345.657196
327.822174
103.262787
72.176529
361.656555
327.822083
119.262695
72.176544
377.656982
327.822418
135.262985
72.176384
393.656860
327.822388
151.262009
72.177246
409.656647
327.822632
167.263489
72.176964
425.658630
327.821106
183.269775
72.173241
441.661255
327.823395
-120.738632
88.164726
137.649658
343.824524
-104.741196
88.174965
153.653625
343.823181
-88.738068
88.175812
169.656830
343.823578
-72.737778
88.176170
185.657089
343.822632
-56.737289
88.176697
201.657013
343.822144
-40.737274
88.176575
217.657333
343.822235
-24.737137
88.176781
233.657272
343.822021
-8.737244
88.176651
249.657394
343.822174
7.262924
88.176826
265.657318
343.821960
23.262695
88.176689
281.657410
343.822266
39.262833
88.176697
297.656982
343.822205
55.262772
88.176788
313.657562
343.822601
71.262741
88.176926
329.657288
343.822021
87.262451
88.176765
345.657715
343.822388
103.262650
88.176628
361.656799
343.821777
119.262619
88.176422
377.657288
343.822266
135.262604
88.176315
393.656952
343.822235
151.261993
88.177063
409.657043
343.822540
167.263123
88.176949
425.658508
343.820801
183.269791
88.173203
441.661499
343.823303
-120.738342
104.164589
137.649780
359.824677
-104.741165
104.175064
153.653366
359.823273
-88.737701
104.175613
169.656677
359.823914
-72.737656
104.176033
185.656754
359.822754
-56.736877
104.176735
201.656815
359.822449
-40.737167
104.176575
217.656952
359.822357
-24.736771
104.176842
233.657059
359.822327
-8.737152
104.176659
249.656982
359.822296
7.263199
104.176834
265.657013
359.822357
23.262802
104.176605
281.657013
359.822357
39.262909
104.176697
297.656738
359.822327
55.262772
104.176773
313.657227
359.822571
71.262924
104.177017
329.656860
359.822479
87.262604
104.176727
345.657043
359.822754
103.262924
104.176704
361.656921
359.822205
119.262634
104.176353
377.656830
359.822388
135.263092
104.176498
393.657043
359.822418
151.262177
104.177299
409.656769
359.822754
167.263443
104.176880
425.658569
359.821198
183.269714
104.173180
441.661255
359.823425
-120.738678
120.164818
137.649643
375.824554
-104.741241
120.175026
153.653610
375.823120
-88.738113
120.175766
169.656769
375.823608
-72.737823
120.176109
185.657059
375.822601
-56.737320
120.176636
201.656937
375.822083
-40.737366
120.176514
217.657318
375.822174
-24.737228
120.176735
233.657166
375.821991
-8.737366
120.176620
249.657318
375.822174
7.262726
120.176865
265.657288
375.821960
23.262589
120.176865
281.657349
375.822205
39.262634
120.176796
297.657013
375.821960
55.262711
120.176987
313.657440
375.822510
71.262619
120.177048
329.657135
375.822174
87.262512
120.176682
345.657288
375.822266
103.262680
120.176788
361.657104
375.821960
119.262527
120.176567
377.657043
375.821899
135.262268
120.176392
393.656982
375.822235
151.261902
120.177223
409.657013
375.822571
167.263000
120.176880
425.658386
375.820801
183.269821
120.173241
441.661560
375.823334
-120.738434
136.164688
137.649780
391.824615
-104.741486
136.174774
153.653641
391.823242
-88.738068
136.175293
169.656937
391.823730
-72.738083
136.175842
185.656921
391.822571
-56.737411
136.176300
201.656998
391.822266
-40.737701
136.176224
217.657089
391.822205
-24.737228
136.176453
233.657089
391.822235
-8.737518
136.176163
249.657043
391.822205
7.262787
136.176163
265.657166
391.822266
23.262360
136.176071
281.657166
391.822266
39.262665
136.176117
297.657227
391.822357
55.262268
136.176483
313.657257
391.822601
71.262604
136.176971
329.657288
391.822693
87.262131
136.176544
345.657013
391.822266
103.262573
136.176849
361.657410
391.822418
119.262085
136.175873
377.656799
391.821899
135.262314
136.175766
393.656799
391.822479
151.261765
136.177002
409.656830
391.822571
167.263199
136.176697
425.658569
391.820953
183.269501
136.173050
441.661133
391.823242
-120.739151
152.165237
137.649414
407.824707
-104.742203
152.175171
153.654297
407.823212
-88.739182
152.176041
169.656769
407.823151
-72.738968
152.176498
185.657318
407.822296
-56.738678
152.176956
201.656967
407.821747
-40.738663
152.176697
217.657486
407.821930
-24.738571
152.176971
233.657181
407.821777
-8.738602
152.176910
249.657440
407.821930
7.261353
152.176971
265.657166
407.821655
23.261215
152.176636
281.657501
407.821869
39.261429
152.176880
297.657318
407.821655
55.261505
152.176651
313.657471
407.822052
71.261581
152.177063
329.657379
407.821869
87.261398
152.176819
345.657288
407.821960
103.261475
152.177597
361.657135
407.821716
119.261368
152.177002
377.657318
407.821838
135.261108
152.176483
393.656799
407.821716
151.261017
152.177597
409.657104
407.821838
167.262115
152.176819
425.657593
407.820770
183.268692
152.173401
441.660950
407.824066
-120.737152
168.165558
137.649887
423.824738
-104.740570
168.173752
153.652878
423.821747
-88.737656
168.174011
169.654831
423.823425
-72.738403
168.174622
185.654678
423.822693
-56.737549
168.174683
201.654633
423.822479
-40.738037
168.174454
217.654694
423.822540
-24.737549
168.174561
233.654785
423.822388
-8.737930
168.174500
249.654953
423.822601
7.262451
168.174622
265.654846
423.822479
23.261871
168.174561
281.654785
423.822510
39.262405
168.174637
297.654846
423.822449
55.261932
168.174561
313.654877
423.822510
71.262268
168.174820
329.654968
423.822449
87.261963
168.174606
345.655212
423.822510
103.262177
168.174683
361.654846
423.822510
119.261765
168.174561
377.654877
423.822571
135.262207
168.174316
393.654449
423.822235
151.261261
168.175537
409.654175
423.822296
167.262665
168.174835
425.656494
423.821472
183.268066
168.173218
441.660400
423.824341
-120.739227
184.166656
137.654755
439.824524
-104.739319
184.168365
153.657104
439.820282
-88.740372
184.165649
169.659363
439.820374
-72.740463
184.165298
185.659119
439.819977
-56.740402
184.165131
201.659149
439.819550
-40.740356
184.164932
217.659409
439.819763
-24.740417
184.164978
233.659195
439.819580
-8.740311
184.164856
249.659500
439.819824
7.259628
184.165009
265.659180
439.819550
23.259659
184.164871
281.659546
439.819855
39.259521
184.165100
297.659332
439.819611
55.259628
184.165283
313.659668
439.819824
71.259567
184.165390
329.659607
439.819702
87.259659
184.165375
345.659668
439.820038
103.259705
184.165131
361.659515
439.819946
119.259750
184.165115
377.659668
439.820068
135.259781
184.165161
393.659485
439.819763
151.259583
184.165802
409.659393
439.819855
167.260406
184.167923
425.659149
439.818451
183.266891
184.167984
441.662537
439.820404
-239.746429
-238.916763
272.036163
273.852417
-207.732635
-238.904358
304.037964
273.860382
-175.734756
-238.904816
336.037231
273.861206
-143.734467
-238.904648
368.037140
273.861572
-111.735107
-238.902969
400.037872
273.861725
-79.735306
-238.904160
432.037872
273.862122
-47.735565
-238.903580
464.038025
273.862549
-15.735641
-238.903442
496.038269
273.862030
16.265549
-238.901703
528.037781
273.860474
48.260376
-238.891983
560.026611
273.862427
-239.739563
-206.903793
272.039520
305.842926
-207.723343
-206.890442
304.037567
305.844116
-175.723358
-206.890182
336.036621
305.844971
-143.723389
-206.890320
368.036530
305.845337
-111.724411
-206.888336
400.037689
305.845734
-79.724777
-206.888428
432.037079
305.846008
-47.724365
-206.887756
464.036957
305.846313
-15.723434
-206.886902
496.037231
305.845825
16.276947
-206.887085
528.037720
305.842590
48.277191
-206.885468
560.037231
305.852081
-239.738220
-174.906174
272.043060
337.843353
-207.719391
-174.893753
304.042664
337.843414
-175.718201
-174.893234
336.041138
337.844666
-143.717377
-174.893417
368.041504
337.844208
-111.717957
-174.891129
400.042877
337.844299
-79.717865
-174.891296
432.042114
337.844208
-47.717453
-174.890381
464.041626
337.843964
-15.716980
-174.890381
496.041962
337.843781
16.282623
-174.888672
528.042480
337.840607
48.280212
-174.887802
560.039429
337.850372
-239.738525
-142.905731
272.044342
369.845032
-207.720123
-142.892838
304.042877
369.844940
-175.718765
-142.892059
336.041382
369.845764
-143.718262
-142.892487
368.041504
369.844757
-111.718887
-142.890335
400.042603
369.844635
-79.718369
-142.890717
432.041504
369.844574
-47.718277
-142.889709
464.041382
369.844086
-15.717987
-142.889694
496.042053
369.843933
16.281723
-142.888031
528.042480
369.840424
48.279938
-142.887711
560.040039
369.850098
-239.738983
-110.905121
272.043945
401.843658
-207.721252
-110.893677
304.043457
401.843475
-175.719849
-110.892761
336.042114
401.844299
-143.720032
-110.893158
368.042450
401.843292
-111.720474
-110.890778
400.043182
401.843201
-79.720367
-110.891388
432.042572
401.843384
-47.720001
-110.890198
464.042877
401.842987
-15.719833
-110.889893
496.042969
401.842590
16.280548
-110.888702
528.043945
401.839905
48.279816
-110.887848
560.040527
401.849640
-239.739334
-78.904739
272.043213
433.842651
-207.721970
-78.893585
304.043182
433.842072
-175.720749
-78.892715
336.042419
433.842712
-143.720703
-78.893021
368.042267
433.842041
-111.720978
-78.891113
400.043091
433.842163
-79.720993
-78.891510
432.042725
433.842285
-47.720520
-78.890579
464.042145
433.841339
-15.720459
-78.889709
496.042542
433.840942
16.279816
-78.888916
528.044067
433.837860
48.279541
-78.887756
560.040710
433.848389
-239.738876
-46.904037
272.043152
465.842346
-207.721191
-46.894562
304.042816
465.841095
-175.719894
-46.893173
336.041992
465.841888
-143.720078
-46.893478
368.041656
465.841309
-111.720169
-46.892380
400.043213
465.841034
-79.720520
-46.892380
432.042145
465.840881
-47.720383
-46.891861
464.042114
465.840057
-15.719818
-46.890900
496.042755
465.840027
16.280029
-46.889755
528.043762
465.837158
48.279190
-46.887894
560.042236
465.848114
-239.738312
-14.903687
272.042236
497.842285
-207.721039
-14.893753
304.042542
497.839905
-175.719498
-14.891647
336.041382
497.841156
-143.719482
-14.892517
368.040985
497.840485
-111.719818
-14.891281
400.042389
497.840363
-79.719910
-14.891129
432.041473
497.840302
-47.719849
-14.889999
464.042267
497.839203
-15.718872
-14.889343
496.042267
497.839355
16.281113
-14.888245
528.044006
497.836914
48.280304
-14.887497
560.041809
497.848145
-239.738953
17.097687
272.040680
529.840027
-207.722443
17.107330
304.042358
529.838379
-175.721481
17.109207
336.042145
529.839233
-143.721436
17.108826
368.042206
529.838745
-111.721756
17.110168
400.042877
529.838867
-79.721893
17.109833
432.041992
529.838989
-47.721680
17.111618
464.042908
529.838074
-15.721451
17.111115
496.042450
529.838196
16.279587
17.111755
528.043640
529.836792
48.280563
17.112335
560.043152
529.847717
-239.729965
49.104019
272.045990
561.845215
-207.724182
49.112091
304.053864
561.843750
-175.723175
49.111115
336.053894
561.845825
-143.723160
49.111053
368.054474
561.845520
-111.723282
49.111908
400.054657
561.845398
-79.723145
49.111938
432.054230
561.845276
-47.722992
49.111328
464.054962
561.844482
-15.722946
49.111206
496.055267
561.843750
16.276825
49.112976
528.056030
561.843018
48.275986
49.116882
560.062134
561.848145
