-59.431160
-60.894554
68.697372
68.942352
-51.415718
-60.864502
76.742683
68.932198
-43.417412
-60.869705
84.744247
68.932747
-35.415382
-60.869080
92.742065
68.934464
-27.415863
-60.870255
100.744148
68.934052
-19.414116
-60.869781
108.742783
68.934845
-11.416164
-60.870377
116.743622
68.934586
-3.415138
-60.869720
124.742073
68.934418
4.584705
-60.869873
132.744324
68.934456
12.584698
-60.869858
140.742188
68.934700
20.583630
-60.869202
148.744217
68.934013
28.584534
-60.869614
156.741730
68.934326
36.583649
-60.869690
164.744247
68.933617
44.585007
-60.869392
172.741882
68.934196
52.584156
-60.869141
180.744904
68.934120
60.583904
-60.870094
188.741013
68.934006
68.583931
-60.869408
196.744141
68.933846
76.584717
-60.870148
204.741669
68.934418
84.583572
-60.869514
212.743988
68.933899
92.584259
-60.869774
220.741241
68.933990
100.583740
-60.869720
228.744080
68.933975
108.585007
-60.869888
236.741699
68.934303
116.584000
-60.869492
244.744080
68.933830
124.584526
-60.870239
252.742126
68.934975
132.584320
-60.869888
260.744537
68.934067
140.584595
-60.870193
268.741455
68.934181
148.582916
-60.869690
276.742615
68.933708
156.584259
-60.870079
284.741577
68.933960
164.583740
-60.869987
292.745056
68.934509
172.584686
-60.869591
300.742279
68.934601
180.584412
-60.869827
308.744629
68.934250
188.585938
-60.869942
316.742554
68.935211
196.584503
-60.870132
324.744507
68.934235
204.585800
-60.870003
332.742493
68.935257
212.584686
-60.869865
340.744080
68.934288
220.585785
-60.869621
348.742554
68.935120
228.584686
-60.869759
356.744690
68.934509
236.584961
-60.868835
364.740021
68.932106
244.579880
-60.877762
372.748291
68.942162
252.583435
-60.894302
380.670197
68.930885
-59.405212
-52.847656
68.711487
77.012802
-51.439655
-52.834793
76.748268
76.994568
-43.444817
-52.846413
84.746376
76.992798
-35.445656
-52.844620
92.743271
76.992851
-27.445553
-52.845474
100.748428
76.992119
-19.445118
-52.845192
108.743271
76.993599
-11.445541
-52.845993
116.747734
76.993774
-3.444901
-52.845490
124.744789
76.992599
4.554672
-52.845856
132.748047
76.993149
12.555721
-52.844955
140.745071
76.992981
20.554192
-52.845322
148.747589
76.993614
28.554234
-52.844818
156.743988
76.993073
36.553505
-52.844666
164.749191
76.993233
44.554237
-52.845055
172.744293
76.992493
52.553467
-52.844955
180.748260
76.992920
60.553928
-52.844818
188.742783
76.993141
68.554260
-52.844872
196.747833
76.993317
76.554672
-52.845200
204.744232
76.993164
84.554291
-52.844788
212.748322
76.993134
92.554459
-52.845406
220.743805
76.993408
100.553963
-52.844986
228.748352
76.992981
108.554092
-52.845398
236.744095
76.992645
116.553970
-52.845337
244.748291
76.992645
124.554565
-52.844215
252.744339
76.992554
132.554108
-52.844093
260.748657
76.992912
140.553940
-52.844246
268.744263
76.993462
148.553452
-52.844795
276.746582
76.992897
156.554504
-52.845711
284.744019
76.992485
164.554199
-52.845779
292.747833
76.992744
172.553970
-52.845558
300.742401
76.992065
180.554413
-52.845863
308.747528
76.991737
188.555756
-52.846344
316.743835
76.992096
196.555588
-52.845406
324.748810
76.992371
204.555557
-52.846069
332.744690
76.991959
212.555084
-52.845856
340.748474
76.991547
220.555710
-52.845833
348.744568
76.991989
228.554993
-52.846169
356.748840
76.992546
236.556107
-52.846825
364.746002
76.993690
244.549011
-52.848518
372.742737
76.993332
252.547699
-52.851639
380.633423
76.913055
-59.408604
-44.853981
68.712509
85.014740
-51.440674
-44.832199
76.756157
84.992569
-43.442253
-44.839966
84.747871
84.997475
-35.443275
-44.839272
92.746880
84.997299
-27.443245
-44.839149
100.750145
84.998154
-19.444912
-44.839600
108.745987
84.996498
-11.442104
-44.838943
116.749825
84.995895
-3.442963
-44.840225
124.748627
84.997681
4.557045
-44.838631
132.748810
84.997261
12.557346
-44.840508
140.748260
84.998138
20.555988
-44.839493
148.749023
84.997963
28.556736
-44.838997
156.747375
84.998215
36.556293
-44.838684
164.749252
84.998032
44.556950
-44.839462
172.748657
84.998573
52.555878
-44.838531
180.749008
84.997871
60.556667
-44.839050
188.747650
84.998177
68.556282
-44.839134
196.748764
84.997681
76.556526
-44.839233
204.747910
84.997711
84.556198
-44.838577
212.749268
84.997833
92.556061
-44.838440
220.747177
84.997734
100.556549
-44.838600
228.749390
84.997513
108.556114
-44.839668
236.747437
84.998116
116.555908
-44.838608
244.749786
84.997932
124.555870
-44.839569
252.747009
84.998535
132.556061
-44.839508
260.748474
84.998489
140.556702
-44.839439
268.746399
84.998711
148.556137
-44.839096
276.748596
84.997063
156.557007
-44.839706
284.747833
84.997345
164.556656
-44.840408
292.748383
84.997787
172.556198
-44.840317
300.745544
84.996910
180.558167
-44.839333
308.749725
84.995270
188.556961
-44.840416
316.747406
84.995461
196.556992
-44.838348
324.749329
84.995018
204.557831
-44.839851
332.748230
84.995987
212.556854
-44.838333
340.749634
84.994949
220.557251
-44.839111
348.748077
84.995262
228.556595
-44.838074
356.749725
84.995483
236.558853
-44.838516
364.750641
84.995262
244.550140
-44.839516
372.747437
85.000259
252.545898
-44.841484
380.636719
84.922279
-59.406662
-36.853943
68.713669
93.013840
-51.439938
-36.829330
76.755066
92.988922
-43.441093
-36.838394
84.751831
92.992851
-35.441486
-36.834213
92.747696
92.993553
-27.442753
-36.836090
100.753792
92.993843
-19.442791
-36.834709
108.748230
92.993790
-11.442677
-36.835808
116.754128
92.993538
-3.441940
-36.836151
124.747787
92.993317
4.558624
-36.834862
132.752930
92.993362
12.558289
-36.835266
140.750061
92.994377
20.555981
-36.835388
148.752579
92.992996
28.558746
-36.835373
156.748337
92.993851
36.558022
-36.835823
164.753479
92.995148
44.557800
-36.835510
172.749222
92.994194
52.557037
-36.836212
180.753525
92.993988
60.557510
-36.835815
188.747665
92.993950
68.558403
-36.835663
196.752777
92.995087
76.557487
-36.835541
204.748611
92.994278
84.557388
-36.835152
212.753174
92.994316
92.557724
-36.835358
220.747314
92.993889
100.556839
-36.835480
228.752319
92.993980
108.557663
-36.835434
236.747971
92.994095
116.556763
-36.836365
244.751297
92.994804
124.557823
-36.836647
252.748016
92.994858
132.557526
-36.836906
260.752716
92.994148
140.558441
-36.836937
268.748047
92.993774
148.558289
-36.836319
276.752777
92.993301
156.558670
-36.837677
284.748840
92.992920
164.558655
-36.836876
292.752625
92.993286
172.559204
-36.835922
300.747803
92.991364
180.559021
-36.836029
308.754333
92.991310
188.558319
-36.835266
316.749329
92.992302
196.557678
-36.834816
324.752228
92.990761
204.558197
-36.835213
332.748962
92.990929
212.557434
-36.834595
340.753632
92.990334
220.558350
-36.834488
348.749146
92.991013
228.557007
-36.834938
356.752380
92.990829
236.559937
-36.835075
364.751373
92.990776
244.550629
-36.836365
372.751587
92.996773
252.544678
-36.840233
380.637543
92.919609
-59.407944
-28.853714
68.713081
101.014420
-51.439358
-28.828522
76.755707
100.989967
-43.441341
-28.836853
84.750275
100.993530
-35.442894
-28.835770
92.749016
100.995079
-27.443356
-28.834869
100.751259
100.995224
-19.444008
-28.836006
108.748039
100.996010
-11.443539
-28.835709
116.750771
100.995224
-3.443474
-28.836273
124.748878
100.994766
4.557667
-28.834641
132.751831
100.994263
12.557003
-28.835213
140.749878
100.996178
20.556145
-28.836037
148.751022
100.995827
28.556606
-28.835464
156.748291
100.995529
36.556953
-28.836174
164.751068
100.996315
44.556435
-28.835716
172.750885
100.996178
52.555786
-28.836235
180.749664
100.995346
60.556709
-28.834839
188.748352
100.996193
68.557098
-28.835701
196.751160
100.995171
76.556908
-28.835594
204.749039
100.997040
84.556183
-28.835480
212.750977
100.995918
92.556732
-28.834923
220.748825
100.997169
100.555969
-28.835556
228.750702
100.995384
108.556160
-28.836235
236.748749
100.995461
116.556877
-28.836601
244.750031
100.994240
124.558487
-28.836594
252.749847
100.996201
132.557312
-28.837112
260.752075
100.995041
140.558014
-28.836296
268.749817
100.994911
148.558380
-28.836769
276.752625
100.994072
156.558136
-28.836281
284.750366
100.994804
164.558243
-28.835716
292.752075
100.993210
172.558228
-28.835518
300.750610
100.994171
180.557297
-28.835136
308.751526
100.992935
188.557617
-28.834908
316.749390
100.993492
196.556824
-28.834427
324.751617
100.992142
204.557297
-28.834457
332.749695
100.993408
212.556717
-28.834175
340.751648
100.992088
220.557007
-28.834137
348.749268
100.993103
228.556427
-28.834602
356.751343
100.992409
236.558746
-28.834251
364.751465
100.992683
244.549561
-28.836517
372.750977
100.998459
252.544861
-28.839516
380.636902
100.920959
-59.406212
-20.854050
68.714066
109.013153
-51.438339
-20.828735
76.754509
108.987305
-43.440380
-20.837265
84.752670
108.991959
-35.442066
-20.834053
92.748123
108.992859
-27.443058
-20.835838
100.753769
108.994415
-19.442726
-20.834511
108.747467
108.993637
-11.442623
-20.835670
116.752396
108.993866
-3.442085
-20.835266
124.748611
108.993599
4.557838
-20.835030
132.752228
108.994019
12.557564
-20.834946
140.749084
108.993835
20.556194
-20.835564
148.750443
108.993423
28.557564
-20.834984
156.748444
108.993027
36.557068
-20.835175
164.752594
108.994431
44.557465
-20.834854
172.748199
108.994614
52.556168
-20.835594
180.751526
108.993996
60.558266
-20.835747
188.748413
108.995003
68.556679
-20.835938
196.752197
108.994080
76.557716
-20.835205
204.746841
108.994339
84.557602
-20.835068
212.752106
108.995117
92.557899
-20.835144
220.748199
108.994034
100.557816
-20.835915
228.752258
108.995239
108.557068
-20.835159
236.748505
108.992744
116.557907
-20.836029
244.752594
108.991829
124.559059
-20.836784
252.748688
108.992729
132.558121
-20.836090
260.752716
108.992088
140.559296
-20.835701
268.749176
108.992317
148.558060
-20.835640
276.753479
108.991684
156.558746
-20.835487
284.749329
108.992081
164.557510
-20.835388
292.752686
108.991478
172.558289
-20.834671
300.748627
108.991837
180.557465
-20.834587
308.752625
108.990723
188.558136
-20.834091
316.748871
108.990967
196.557312
-20.834099
324.752533
108.990173
204.558136
-20.833801
332.748810
108.990616
212.557159
-20.833862
340.752686
108.989975
220.558060
-20.833572
348.748901
108.990593
228.556717
-20.834160
356.752289
108.990318
236.559845
-20.834320
364.751221
108.990440
244.550293
-20.836037
372.751709
108.996643
252.544769
-20.839844
380.637665
108.919884
-59.407997
-12.854561
68.713402
117.014557
-51.439354
-12.828438
76.756355
116.988739
-43.441414
-12.837318
84.751297
116.993538
-35.443848
-12.834557
92.749535
116.994370
-27.443848
-12.835991
100.751213
116.994720
-19.443329
-12.834824
108.749344
116.996033
-11.443886
-12.836105
116.751289
116.995232
-3.442993
-12.836403
124.748703
116.996170
4.558098
-12.836067
132.750336
116.995087
12.556999
-12.836296
140.749969
116.996269
20.556816
-12.836494
148.751160
116.994987
28.556667
-12.836052
156.748932
116.995590
36.556526
-12.836105
164.750366
116.995178
44.556095
-12.835968
172.748932
116.996330
52.556862
-12.836151
180.751678
116.995110
60.556606
-12.835609
188.748230
116.996292
68.556725
-12.836487
196.752106
116.995819
76.556747
-12.835480
204.747925
116.995850
84.557137
-12.836723
212.752747
116.995110
92.556992
-12.836197
220.748779
116.995728
100.556946
-12.835831
228.751434
116.994637
108.556412
-12.835976
236.748856
116.995018
116.557434
-12.836555
244.751312
116.992874
124.558182
-12.837135
252.748993
116.994766
132.557861
-12.836159
260.751801
116.993408
140.557877
-12.836136
268.749573
116.994041
148.557358
-12.835876
276.751770
116.992912
156.557587
-12.835564
284.749817
116.993988
164.557419
-12.834961
292.751740
116.992340
172.557465
-12.834961
300.749390
116.993240
180.557190
-12.834297
308.752045
116.991997
188.557297
-12.834641
316.749390
116.993347
196.556915
-12.834183
324.751953
116.991798
204.557251
-12.834480
332.749420
116.993095
212.556839
-12.834000
340.751801
116.991737
220.557068
-12.834167
348.749329
116.993050
228.556427
-12.834496
356.751648
116.992111
236.558807
-12.834297
364.751526
116.992638
244.549530
-12.836578
372.750793
116.998566
252.544800
-12.839363
380.636902
116.920998
-59.406464
-4.853127
68.713753
125.013527
-51.439304
-4.828224
76.755676
124.988098
-43.442852
-4.836624
84.749741
124.991829
-35.442139
-4.833389
92.749268
124.993538
-27.444378
-4.835350
100.751732
124.992523
-19.442131
-4.834412
108.746796
124.993912
-11.442558
-4.834892
116.752045
124.994110
-3.441696
-4.836342
124.747879
124.994095
4.558533
-4.834496
132.753113
124.993546
12.558071
-4.835381
140.749756
124.993401
20.557880
-4.834816
148.752899
124.994553
28.556419
-4.834953
156.748062
124.992928
36.557426
-4.834633
164.751617
124.993866
44.557381
-4.834808
172.747040
124.994415
52.556538
-4.835152
180.751312
124.993584
60.557507
-4.834801
188.747131
124.993050
68.557587
-4.835503
196.752380
124.993958
76.557060
-4.835106
204.747498
124.993385
84.557541
-4.835182
212.752304
124.993088
92.558975
-4.836060
220.749207
124.994255
100.557938
-4.836044
228.751038
124.994270
108.557526
-4.836197
236.748489
124.993340
116.557816
-4.836540
244.751953
124.992081
124.558929
-4.836166
252.748184
124.992241
132.557983
-4.835938
260.752258
124.991386
140.558655
-4.835442
268.748962
124.991905
148.557648
-4.835251
276.752747
124.991272
156.558472
-4.834938
284.748932
124.991470
164.557739
-4.834885
292.752777
124.990738
172.558533
-4.834740
300.748962
124.991425
180.557465
-4.834412
308.752472
124.990471
188.558258
-4.834305
316.748840
124.990891
196.557343
-4.834106
324.752563
124.990120
204.558090
-4.833992
332.748993
124.990685
212.557190
-4.833817
340.752502
124.989944
220.558075
-4.833755
348.748901
124.990692
228.556763
-4.834335
356.752380
124.990402
236.559875
-4.834412
364.751038
124.990616
244.550308
-4.836014
372.751587
124.996750
252.544800
-4.839951
380.637756
124.919899
-59.408085
3.145828
68.713470
133.014969
-51.440083
3.171288
76.756004
132.991074
-43.442097
3.162300
84.748276
132.994110
-35.443489
3.164688
92.749435
132.995316
-27.443958
3.164230
100.750427
132.994766
-19.443027
3.164139
108.746613
132.994934
-11.442413
3.163948
116.751541
132.994568
-3.442146
3.164246
124.750122
132.995880
4.557407
3.164116
132.751938
132.994278
12.556595
3.164619
140.749405
132.994476
20.556793
3.164276
148.750885
132.995758
28.555561
3.164566
156.748871
132.995880
36.556606
3.163239
164.749863
132.995193
44.556702
3.164429
172.747849
132.996307
52.556534
3.163666
180.751007
132.995056
60.557098
3.164749
188.748138
132.994781
68.556885
3.162720
196.751190
132.995239
76.556610
3.164482
204.747131
132.995209
84.557106
3.163727
212.751892
132.993622
92.557678
3.163673
220.749237
132.995239
100.558075
3.164154
228.752075
132.994949
108.556297
3.163879
236.748505
132.995300
116.557465
3.163666
244.751984
132.993530
124.557884
3.162849
252.749008
132.994339
132.557434
3.163795
260.751831
132.992981
140.557632
3.164001
268.749695
132.994202
148.557129
3.164322
276.751495
132.993042
156.557617
3.164482
284.749207
132.993958
164.557297
3.164917
292.751831
132.992554
172.557709
3.164757
300.749481
132.993744
180.557190
3.165207
308.751740
132.992310
188.557465
3.165085
316.749329
132.993439
196.556900
3.165588
324.751801
132.991898
204.557312
3.165428
332.749451
132.993164
212.556824
3.165848
340.751801
132.991760
220.557144
3.165642
348.749329
132.993042
228.556290
3.165382
356.751617
132.992188
236.558929
3.165657
364.751373
132.992554
244.549606
3.163551
372.750732
132.998535
252.544891
3.160721
380.636993
132.920990
-59.405853
11.146606
68.713890
141.013641
-51.440277
11.171463
76.754814
140.988785
-43.441238
11.164017
84.751701
140.993073
-35.442921
11.165398
92.747887
140.993439
-27.443401
11.165115
100.751755
140.993454
-19.442078
11.165123
108.747726
140.991821
-11.441784
11.165756
116.752930
140.992249
-3.441761
11.165344
124.750267
140.993927
4.557747
11.165298
132.752380
140.993835
12.557503
11.165138
140.749725
140.993652
20.556389
11.164314
148.751465
140.993820
28.557632
11.165581
156.747070
140.993744
36.557091
11.166183
164.752747
140.993484
44.558029
11.165512
172.747787
140.993256
52.556950
11.165459
180.750946
140.992950
60.558140
11.164787
188.748962
140.993652
68.557724
11.164528
196.751740
140.993622
76.558212
11.165131
204.747009
140.992172
84.558044
11.164490
212.752487
140.992081
92.558784
11.164383
220.748688
140.992188
100.557877
11.164970
228.752441
140.993317
108.558029
11.163956
236.748138
140.993332
116.557755
11.164032
244.752167
140.991486
124.559486
11.163956
252.749084
140.992004
132.557892
11.164536
260.752502
140.991394
140.558395
11.164993
268.749115
140.991867
148.557068
11.164719
276.751892
140.991089
156.558777
11.165054
284.748810
140.991516
164.557693
11.165848
292.752258
140.990601
172.558517
11.165436
300.749481
140.991272
180.557404
11.165695
308.752686
140.990570
188.558304
11.165733
316.748901
140.991028
196.557297
11.165894
324.752502
140.990204
204.558136
11.165955
332.748962
140.990753
212.557190
11.166016
340.752502
140.990128
220.557892
11.165947
348.748932
140.990616
228.556564
11.165443
356.752167
140.990448
236.559875
11.165459
364.750977
140.990707
244.550171
11.163719
372.751465
140.996735
252.544800
11.160057
380.637512
140.919601
-59.408478
19.146446
68.713242
149.015671
-51.441048
19.171288
76.755463
148.990540
-43.441662
19.162460
84.749710
148.995880
-35.444115
19.164444
92.748543
148.995850
-27.443153
19.163681
100.750252
148.994919
-19.442928
19.164589
108.749115
148.994812
-11.443558
19.164337
116.751053
148.994293
-3.443718
19.164597
124.749260
148.996552
4.556763
19.164955
132.750641
148.994247
12.557297
19.163712
140.749146
148.996750
20.555611
19.164833
148.750305
148.996109
28.556595
19.164162
156.748688
148.995300
36.556698
19.163193
164.751923
148.995102
44.556061
19.164307
172.748657
148.995453
52.556152
19.163155
180.749985
148.994034
60.557568
19.164429
188.748810
148.996185
68.556473
19.163750
196.752380
148.994385
76.556976
19.165054
204.748505
148.994232
84.557587
19.164215
212.751709
148.993500
92.557175
19.164719
220.748703
148.994156
100.557220
19.164734
228.751099
148.993698
108.556511
19.164444
236.748871
148.993958
116.557434
19.164001
244.751907
148.992981
124.558113
19.164566
252.749786
148.994125
132.557404
19.164322
260.752747
148.992798
140.557388
19.164055
268.749207
148.994522
148.557251
19.164894
276.751953
148.992905
156.557953
19.164627
284.750183
148.993423
164.557037
19.165512
292.751282
148.991730
172.557739
19.165535
300.750183
148.993408
180.556961
19.165352
308.752136
148.992340
188.557526
19.165291
316.749451
148.993500
196.557007
19.165619
324.752014
148.992035
204.557373
19.165413
332.749420
148.993210
212.556839
19.165756
340.751801
148.991943
220.557159
19.165550
348.749573
148.993225
228.556229
19.165314
356.751312
148.992157
236.558990
19.165390
364.751282
148.992722
244.549591
19.162949
372.750854
148.998779
252.544800
19.160652
380.636841
148.920868
-59.406059
27.146759
68.713799
157.014984
-51.439907
27.171829
76.755302
156.988922
-43.441574
27.162712
84.750267
156.993484
-35.441502
27.165886
92.748360
156.994003
-27.442169
27.165359
100.752487
156.993759
-19.442356
27.165047
108.749084
156.993378
-11.443565
27.165352
116.751541
156.992554
-3.441780
27.164108
124.749191
156.994659
4.557049
27.165009
132.751770
156.994446
12.557785
27.164154
140.747559
156.993622
20.557468
27.164871
148.751465
156.994446
28.558563
27.165115
156.749527
156.994019
36.556282
27.165062
164.751831
156.993881
44.556732
27.165154
172.747772
156.993027
52.557232
27.164574
180.751099
156.991241
60.559113
27.163849
188.748581
156.993484
68.557755
27.164383
196.753265
156.993454
76.558716
27.165016
204.746704
156.993484
84.557350
27.164955
212.752686
156.991699
92.558289
27.165176
220.749237
156.991608
100.557541
27.166161
228.751587
156.991409
108.556908
27.165222
236.748978
156.991272
116.557236
27.165024
244.752533
156.990677
124.558487
27.165253
252.748611
156.991165
132.557220
27.165749
260.752960
156.990540
140.558441
27.165596
268.749908
156.991882
148.558472
27.166092
276.752930
156.991302
156.558472
27.165489
284.750427
156.991333
164.557312
27.166016
292.752686
156.990341
172.557907
27.165817
300.749329
156.991104
180.557404
27.165947
308.753235
156.990417
188.558380
27.165680
316.749298
156.991119
196.557159
27.165909
324.752594
156.990295
204.558060
27.165840
332.749054
156.990814
212.557266
27.165733
340.752350
156.990204
220.558136
27.165955
348.749115
156.991150
228.556992
27.165443
356.752045
156.990768
236.559769
27.165329
364.750793
156.990936
244.550262
27.163391
372.751526
156.997223
252.544846
27.160049
380.637573
156.919937
-59.407982
35.146866
68.712868
165.015778
-51.440182
35.171356
76.756615
164.990997
-43.441700
35.162750
84.748581
164.994049
-35.442310
35.165565
92.749992
164.994537
-27.442379
35.165405
100.751572
164.994675
-19.443974
35.165611
108.748985
164.995438
-11.444401
35.165123
116.751129
164.993591
-3.443600
35.165009
124.748886
164.995331
4.557003
35.165131
132.750549
164.995331
12.557285
35.164612
140.749664
164.994751
20.557190
35.164024
148.750977
164.994324
28.556816
35.164925
156.749603
164.996399
36.555077
35.164108
164.748901
164.994415
44.556408
35.164925
172.747299
164.995499
52.556931
35.163483
180.750824
164.993103
60.558617
35.163933
188.748535
164.994080
68.557297
35.165092
196.752243
164.993286
76.558624
35.165092
204.748749
164.993866
84.558578
35.165466
212.752930
164.993210
92.557625
35.164825
220.750488
164.992950
100.557579
35.164894
228.751846
164.993225
108.556442
35.165871
236.749084
164.993942
116.556290
35.164207
244.752197
164.992096
124.557564
35.164894
252.748779
164.993713
132.557068
35.164719
260.751404
164.992554
140.557190
35.164993
268.749481
164.993179
148.557632
35.164787
276.751740
164.992157
156.557449
35.165268
284.750397
164.994202
164.556244
35.166092
292.751740
164.992416
172.556992
35.165710
300.749725
164.993027
180.557098
35.165993
308.752533
164.991974
188.557449
35.165344
316.749939
164.993729
196.556595
35.165741
324.752045
164.992004
204.557495
35.165543
332.749664
164.993469
212.557159
35.165680
340.751770
164.992081
220.557037
35.165413
348.749268
164.993103
228.556473
35.165527
356.751495
164.992371
236.558167
35.165405
364.750610
164.992554
244.549240
35.163971
372.750763
164.998291
252.544830
35.160416
380.637482
164.921173
-59.405910
43.147430
68.714424
173.014801
-51.439991
43.172791
76.756775
172.988876
-43.441837
43.164162
84.751526
172.992599
-35.442574
43.166977
92.748871
172.992798
-27.443958
43.166252
100.752251
172.993317
-19.442848
43.165916
108.747520
172.994415
-11.444077
43.165825
116.751060
172.994141
-3.442657
43.165291
124.747780
172.994049
4.556992
43.164726
132.750549
172.993179
12.558731
43.165611
140.750259
172.993011
20.557388
43.164940
148.751617
172.994019
28.556335
43.165161
156.748306
172.995239
36.555470
43.164810
164.749634
172.993225
44.558025
43.165215
172.745636
172.992615
52.558460
43.165237
180.752808
172.991486
60.559307
43.164421
188.748734
172.992004
68.556511
43.164963
196.753632
172.991333
76.559448
43.165527
204.747772
172.990448
84.558731
43.165436
212.753723
172.990540
92.558533
43.166519
220.751648
172.991180
100.558136
43.166145
228.752502
172.990845
108.558212
43.165047
236.748749
172.992218
116.557785
43.165192
244.752533
172.991104
124.558502
43.165100
252.748383
172.992035
132.557312
43.165512
260.753845
172.991562
140.558197
43.165039
268.749786
172.991760
148.556763
43.166245
276.752197
172.990616
156.556915
43.166641
284.748871
172.991013
164.556015
43.166611
292.751831
172.990570
172.557266
43.166901
300.749054
172.990601
180.556824
43.165787
308.752472
172.990143
188.558411
43.166031
316.749023
172.991577
196.557068
43.166000
324.752625
172.990631
204.558350
43.165604
332.748962
172.991150
212.557663
43.165520
340.752686
172.990570
220.558197
43.165779
348.749420
172.990784
228.556381
43.166000
356.751556
172.991226
236.558319
43.165863
364.750580
172.990143
244.549561
43.164230
372.750183
172.996323
252.544724
43.160103
380.637817
172.919647
-59.407825
51.147331
68.714043
181.016190
-51.440720
51.172424
76.756836
180.990906
-43.441963
51.162796
84.749855
180.995239
-35.443760
51.165054
92.749123
180.996307
-27.444309
51.164543
100.750046
180.995880
-19.443710
51.165634
108.747627
180.996246
-11.443493
51.165039
116.750740
180.994385
-3.443214
51.165024
124.749802
180.996735
4.557583
51.165115
132.750366
180.994110
12.557190
51.164154
140.750031
180.994446
20.557198
51.163223
148.751465
180.995270
28.556229
51.164253
156.747955
180.997467
36.556004
51.164230
164.750641
180.995392
44.557877
51.164398
172.748077
180.993958
52.558998
51.163673
180.753021
180.993103
60.557697
51.164246
188.750275
180.995728
68.556732
51.164909
196.752106
180.993073
76.558380
51.164787
204.750549
180.994629
84.557617
51.165504
212.753632
180.992981
92.557449
51.164627
220.750565
180.993210
100.556564
51.165520
228.752167
180.992844
108.557678
51.165977
236.749130
180.993881
116.556396
51.165047
244.752869
180.991943
124.558205
51.164886
252.749176
180.993896
132.557251
51.165482
260.751587
180.992889
140.557175
51.165207
268.750092
180.993683
148.556931
51.164970
276.751923
180.993652
156.556122
51.164635
284.749084
180.995361
164.555740
51.165024
292.750366
180.993164
172.556107
51.164856
300.749084
180.993683
180.555923
51.165611
308.751434
180.991974
188.556580
51.164719
316.748047
180.993286
196.557404
51.165848
324.751190
180.992081
204.557907
51.165100
332.749634
180.993500
212.557419
51.165421
340.752197
180.991989
220.557159
51.165436
348.750122
180.992889
228.556702
51.164970
356.750488
180.993683
236.557831
51.165634
364.751190
180.993713
244.549530
51.163239
372.750092
180.999664
252.544998
51.159904
380.637390
180.921402
-59.405983
59.147125
68.715294
189.015884
-51.440704
59.172363
76.756165
188.989899
-43.441597
59.162872
84.751907
188.994354
-35.441944
59.165955
92.748329
188.994812
-27.443768
59.165291
100.751816
188.995544
-19.442802
59.165939
108.749321
188.994965
-11.442764
59.164886
116.752899
188.994339
-3.442123
59.165466
124.748833
188.995041
4.557835
59.165565
132.751831
188.993591
12.558189
59.164368
140.748734
188.992279
20.557991
59.164368
148.753479
188.993744
28.557121
59.165222
156.747849
188.993698
36.557110
59.164795
164.750732
188.992401
44.559387
59.164871
172.749054
188.991577
52.558491
59.164574
180.753128
188.991547
60.558064
59.165230
188.748291
188.991577
68.557419
59.166000
196.753601
188.990036
76.558899
59.165558
204.749741
188.991638
84.558060
59.166077
212.753448
188.991272
92.558029
59.165451
220.750412
188.991638
100.557617
59.166527
228.753372
188.990845
108.558426
59.166039
236.748840
188.991821
116.556290
59.164948
244.753952
188.990814
124.558472
59.165733
252.748566
188.991272
132.557404
59.165520
260.753265
188.990662
140.558334
59.165215
268.749573
188.992523
148.556564
59.165390
276.751953
188.991882
156.557892
59.165001
284.748047
188.992584
164.557175
59.164963
292.752197
188.992767
172.558044
59.165443
300.749146
188.993744
180.555389
59.164314
308.750610
188.992157
188.558182
59.164940
316.747925
188.991516
196.558044
59.164589
324.752014
188.990341
204.558563
59.165527
332.749115
188.991272
212.557922
59.166550
340.753571
188.990601
220.556915
59.166359
348.749115
188.991013
228.555756
59.165497
356.751129
188.990005
236.559723
59.166367
364.750793
188.990723
244.551208
59.165138
372.751648
188.996185
252.545120
59.160133
380.638519
188.919983
-59.407906
67.146851
68.714600
197.017105
-51.440800
67.170914
76.755692
196.991760
-43.442184
67.162498
84.750252
196.995911
-35.443699
67.164085
92.749985
196.996384
-27.443558
67.163651
100.750404
196.995956
-19.442753
67.164192
108.748787
196.996338
-11.443047
67.163742
116.752205
196.995178
-3.443363
67.163620
124.748840
196.997650
4.557003
67.163452
132.750427
196.995636
12.558136
67.163589
140.749664
196.995300
20.556328
67.162857
148.751846
196.994797
28.556870
67.163963
156.747940
196.996643
36.557102
67.163895
164.749573
196.993469
44.558151
67.162430
172.748398
196.994507
52.557823
67.164062
180.752258
196.993744
60.556767
67.165192
188.749023
196.993835
68.556496
67.165634
196.753220
196.992508
76.556610
67.165703
204.749435
196.993347
84.556976
67.165428
212.752472
196.991608
92.558182
67.165710
220.751282
196.993378
100.556503
67.165642
228.752319
196.991699
108.557617
67.166084
236.749084
196.993729
116.556244
67.165535
244.753876
196.992401
124.557785
67.165451
252.749573
196.994125
132.556320
67.165710
260.752197
196.992126
140.557266
67.165131
268.750183
196.993713
148.556625
67.165527
276.751709
196.993134
156.555817
67.164993
284.748230
196.994232
164.556519
67.164856
292.750763
196.993896
172.556915
67.163940
300.747772
196.995789
180.556915
67.164841
308.750366
196.993958
188.557114
67.163094
316.748596
196.994110
196.557709
67.164444
324.751801
196.992386
204.558044
67.164581
332.749634
196.993408
212.557281
67.165611
340.752563
196.992706
220.555603
67.165176
348.749268
196.994629
228.554672
67.165199
356.750854
196.993408
236.557632
67.164337
364.750397
196.992401
244.550537
67.163162
372.750061
196.998596
252.545502
67.159981
380.637268
196.920959
-59.406429
75.146851
68.714432
205.016022
-51.440426
75.171120
76.754990
204.989746
-43.441643
75.162788
84.750542
204.995117
-35.442013
75.165390
92.747993
204.995636
-27.442902
75.164627
100.750618
204.994049
-19.441948
75.164879
108.749168
204.994934
-11.443581
75.164017
116.752747
204.994232
-3.443077
75.163620
124.746262
204.994446
4.558716
75.164146
132.751968
204.993561
12.559566
75.162926
140.749374
204.994904
20.556370
75.162773
148.751801
204.993973
28.559288
75.163643
156.747070
204.992813
36.558556
75.164139
164.751678
204.991119
44.559116
75.164627
172.750137
204.991547
52.557713
75.165260
180.753326
204.990250
60.558487
75.166168
188.748505
204.990967
68.557053
75.166428
196.753189
204.990509
76.558640
75.165932
204.749710
204.991959
84.557205
75.166779
212.753769
204.989990
92.558578
75.165451
220.750656
204.990952
100.557472
75.166397
228.753296
204.990616
108.558159
75.166702
236.747940
204.991058
116.556244
75.166435
244.753647
204.990784
124.557800
75.166656
252.747940
204.991180
132.556412
75.166603
260.752960
204.990601
140.557892
75.165398
268.748230
204.991699
148.556381
75.166161
276.752228
204.991379
156.557556
75.165146
284.747253
204.992981
164.556076
75.164444
292.751953
204.992432
172.559143
75.164276
300.747498
204.992981
180.557953
75.164558
308.751831
204.991211
188.559357
75.164368
316.749115
204.991806
196.558243
75.164703
324.753174
204.991150
204.559143
75.165016
332.750031
204.991486
212.557358
75.164940
340.752747
204.992004
220.557159
75.166847
348.748474
204.992538
228.556458
75.163071
356.752625
204.994110
236.559601
75.164749
364.748962
204.991531
244.552155
75.161926
372.751312
204.996490
252.545837
75.159523
380.637726
204.919800
-59.408081
83.146568
68.713303
213.016632
-51.439842
83.171242
76.756279
212.992874
-43.442444
83.162163
84.748970
212.996155
-35.442913
83.163803
92.748528
212.996796
-27.442474
83.163506
100.751434
212.995178
-19.443329
83.162392
108.748436
212.995789
-11.443573
83.163757
116.751648
212.996185
-3.443470
83.163368
124.746651
212.996368
4.557701
83.163780
132.751526
212.995239
12.557568
83.162682
140.749039
212.996735
20.557129
83.162674
148.750412
212.994766
28.558735
83.164177
156.749374
212.993805
36.559036
83.164970
164.753113
212.992859
44.557384
83.165405
172.750519
212.993851
52.556568
83.164680
180.752823
212.992279
60.556828
83.165146
188.748749
212.992889
68.556808
83.165627
196.751862
212.991470
76.558228
83.166740
204.749847
212.992615
84.557137
83.166122
212.753586
212.991745
92.557739
83.165909
220.750290
212.993378
100.556976
83.165710
228.753113
212.992630
108.556732
83.165924
236.748444
212.994278
116.555214
83.165169
244.752151
212.993286
124.556625
83.165123
252.747101
212.993530
132.556274
83.165009
260.750916
212.992676
140.557083
83.165604
268.749603
212.993820
148.556305
83.165672
276.751099
212.992386
156.556488
83.165787
284.748779
212.994492
164.555908
83.164803
292.751740
212.993393
172.557541
83.164719
300.749573
212.992767
180.557709
83.164909
308.752350
212.991699
188.557678
83.165474
316.750336
212.993225
196.558121
83.164986
324.752777
212.992920
204.557343
83.164940
332.750214
212.993866
212.557266
83.165108
340.752380
212.993469
220.556595
83.164536
348.749268
212.996567
228.556870
83.164261
356.751343
212.994797
236.560303
83.162697
364.752228
212.994293
244.551346
83.162148
372.751343
212.999329
252.545227
83.159821
380.637268
212.921158
-59.405708
91.145950
68.713585
221.014771
-51.439129
91.170181
76.755219
220.990112
-43.440777
91.161705
84.750412
220.993744
-35.440712
91.164833
92.748711
220.993515
-27.442062
91.164337
100.753685
220.993240
-19.441387
91.165390
108.748894
220.993286
-11.443535
91.163689
116.751389
220.992386
-3.440075
91.164604
124.747185
220.993500
4.557953
91.163422
132.752548
220.993683
12.558144
91.164177
140.747803
220.993256
20.557755
91.163841
148.752777
220.991821
28.560078
91.165039
156.749649
220.991730
36.558056
91.165962
164.754242
220.991028
44.557922
91.164856
172.749939
220.992767
52.556877
91.164345
180.753174
220.992828
60.558578
91.164940
188.747528
220.992645
68.557144
91.165764
196.752808
220.990753
76.558548
91.165726
204.749664
220.990387
84.557411
91.167213
212.752594
220.990387
92.558861
91.166710
220.749786
220.990540
100.557068
91.166824
228.752884
220.990540
108.557884
91.166809
236.748718
220.992432
116.555679
91.164673
244.751816
220.991562
124.558380
91.165550
252.748444
220.990784
132.557800
91.165344
260.751953
220.990082
140.558563
91.166374
268.749634
220.991089
148.556595
91.165611
276.753082
220.990921
156.557846
91.166901
284.748016
220.992538
164.556244
91.164963
292.751587
220.991455
172.557892
91.166718
300.748871
220.991364
180.557404
91.165314
308.753296
220.991058
188.557678
91.166580
316.748566
220.991013
196.557343
91.165596
324.752563
220.990158
204.558411
91.164917
332.749542
220.992172
212.556839
91.165718
340.752319
220.991943
220.558258
91.166252
348.748444
220.993317
228.556961
91.164139
356.752411
220.992523
236.561249
91.165047
364.751373
220.992126
244.551605
91.162720
372.751587
220.997253
252.545135
91.159821
380.637970
220.919983
-59.407478
99.145935
68.713089
229.014832
-51.439072
99.170288
76.755280
228.990234
-43.439602
99.162369
84.751297
228.993546
-35.441547
99.164604
92.750473
228.996216
-27.442619
99.165176
100.753357
228.995544
-19.443657
99.163559
108.748047
228.995941
-11.443890
99.163765
116.750496
228.992584
-3.441395
99.164978
124.749161
228.993134
4.557613
99.165207
132.752075
228.993286
12.557854
99.165749
140.750580
228.995117
20.557449
99.164429
148.752289
228.993378
28.557629
99.163803
156.749817
228.993866
36.557613
99.164963
164.751953
228.992813
44.556984
99.164635
172.749817
228.994370
52.557297
99.165123
180.751831
228.993027
60.557449
99.164352
188.748352
228.994308
68.557587
99.164116
196.752777
228.993439
76.558083
99.165031
204.750473
228.993286
84.556702
99.165009
212.751572
228.991425
92.557724
99.166512
220.750443
228.992981
100.556633
99.166092
228.752472
228.992279
108.556641
99.166405
236.748642
228.994415
116.556549
99.163826
244.752121
228.993408
124.557785
99.164230
252.749542
228.993164
132.558243
99.163422
260.752258
228.992096
140.557663
99.164764
268.749939
228.994080
148.557587
99.165459
276.752930
228.992676
156.556931
99.165573
284.748566
228.994415
164.555954
99.165672
292.751862
228.993164
172.557327
99.164154
300.749084
228.993271
180.556793
99.165787
308.750549
228.992798
188.556076
99.164970
316.749084
228.993439
196.556671
99.164581
324.752380
228.992584
204.557281
99.164886
332.750183
228.993683
212.557220
99.164848
340.752319
228.993256
220.557098
99.165909
348.748901
228.994492
228.556290
99.164139
356.753998
228.993744
236.557312
99.164215
364.751801
228.992401
244.551514
99.162468
372.749664
228.999512
252.544800
99.159668
380.636597
228.921249
-59.405319
107.146561
68.713821
237.012695
-51.438370
107.171028
76.756569
236.987274
-43.439835
107.163666
84.752853
236.991592
-35.441345
107.165390
92.749237
236.993408
-27.442284
107.164894
100.753494
236.994370
-19.441727
107.165192
108.748047
236.993774
-11.442986
107.164085
116.753357
236.991516
-3.441444
107.165184
124.748260
236.991333
4.557518
107.164993
132.753067
236.992126
12.557110
107.165466
140.747375
236.992065
20.558537
107.164268
148.753143
236.992554
28.558224
107.164574
156.748199
236.992340
36.558151
107.165131
164.753326
236.992081
44.558281
107.164764
172.748383
236.992401
52.557236
107.165230
180.752930
236.992004
60.558834
107.164703
188.747742
236.992004
68.558189
107.164719
196.753479
236.990601
76.560013
107.165039
204.749893
236.992325
84.557800
107.166138
212.753540
236.990631
92.558510
107.166061
220.750198
236.991425
100.557030
107.167076
228.753998
236.990875
108.557564
107.166664
236.748840
236.992004
116.557098
107.164322
244.753296
236.991577
124.558823
107.163452
252.748657
236.991577
132.559021
107.163353
260.753357
236.990509
140.559387
107.164886
268.748718
236.991119
148.557678
107.165428
276.754761
236.990021
156.558899
107.165291
284.749084
236.993073
164.556549
107.164970
292.752686
236.992401
172.557999
107.165855
300.747864
236.991364
180.557434
107.164299
308.752625
236.991577
188.557144
107.165810
316.748077
236.991058
196.558151
107.164322
324.752869
236.990601
204.559113
107.163742
332.750000
236.992004
212.558136
107.165176
340.752106
236.991089
220.558716
107.166794
348.749084
236.991425
228.556671
107.165222
356.755341
236.993546
236.558136
107.164383
364.750549
236.991333
244.551514
107.162285
372.750061
236.997955
252.545609
107.159462
380.637878
236.920486
-59.408298
115.145859
68.712997
245.013947
-51.438580
115.171127
76.756966
244.988922
-43.440285
115.161835
84.751755
244.993423
-35.442951
115.165451
92.749710
244.994720
-27.443077
115.165031
100.752075
244.995087
-19.443130
115.164536
108.749275
244.995728
-11.443218
115.163170
116.752090
244.993576
-3.442928
115.163551
124.749100
244.993805
4.558304
115.164017
132.752594
244.994202
12.557144
115.164612
140.748383
244.994019
20.558819
115.164520
148.752472
244.993790
28.557854
115.163788
156.750366
244.994904
36.557888
115.163406
164.752075
244.993973
44.557461
115.164200
172.749451
244.994568
52.556686
115.164253
180.752350
244.992798
60.557930
115.163696
188.749817
244.994873
68.556839
115.163948
196.751984
244.992462
76.558304
115.164818
204.749084
244.992737
84.557785
115.166077
212.752960
244.991974
92.556892
115.166451
220.749969
244.993103
100.556725
115.166733
228.752625
244.992371
108.556015
115.165794
236.748627
244.993958
116.556442
115.163895
244.752304
244.993195
124.557892
115.162918
252.748718
244.993530
132.558411
115.162544
260.753906
244.992065
140.558563
115.164230
268.749054
244.993805
148.557098
115.165009
276.752747
244.992554
156.558044
115.164963
284.749390
244.994553
164.557220
115.164337
292.751190
244.994156
172.556763
115.165146
300.749207
244.994049
180.556488
115.164780
308.751007
244.993851
188.556137
115.164192
316.749329
244.994003
196.557510
115.163757
324.751465
244.993347
204.558395
115.163666
332.749756
244.994263
212.558105
115.163940
340.752472
244.993546
220.556732
115.165337
348.748932
244.994019
228.555161
115.164391
356.750671
244.994400
236.557953
115.165009
364.753265
244.992889
244.551514
115.161652
372.747406
244.999237
252.545715
115.160072
380.636871
244.921051
-59.406307
123.146194
68.712639
253.012436
-51.438286
123.170815
76.756851
252.987518
-43.439957
123.163467
84.752525
252.991348
-35.441387
123.165436
92.748825
252.992401
-27.442558
123.164810
100.752884
252.993225
-19.441418
123.165825
108.748856
252.993607
-11.443027
123.163727
116.752823
252.993027
-3.441132
123.164116
124.748566
252.992126
4.558575
123.163345
132.752167
252.991196
12.559998
123.164879
140.749847
252.991974
20.558846
123.164551
148.754272
252.992004
28.558659
123.164764
156.749100
252.992142
36.557739
123.164558
164.753525
252.991699
44.558678
123.164581
172.748718
252.993179
52.557060
123.165268
180.752502
252.992218
60.558800
123.164352
188.747665
252.992004
68.557686
123.163811
196.752808
252.991669
76.559113
123.165520
204.748566
252.991180
84.557358
123.165588
212.753235
252.990616
92.557823
123.165726
220.749359
252.991089
100.557220
123.166412
228.753036
252.990829
108.557495
123.165443
236.748032
252.992157
116.556297
123.163918
244.752716
252.991394
124.558708
123.163162
252.748917
252.991241
132.557999
123.163681
260.753235
252.990906
140.559647
123.164650
268.748505
252.991852
148.557739
123.164986
276.753296
252.990936
156.558228
123.165695
284.749268
252.991776
164.557770
123.165558
292.753143
252.992416
172.558075
123.165657
300.748352
252.991760
180.556702
123.164131
308.750977
252.992722
188.558029
123.164520
316.747986
252.993179
196.557800
123.163994
324.751007
252.991837
204.559967
123.164185
332.749634
252.993225
212.557846
123.164688
340.753632
252.993927
220.557205
123.165245
348.748260
252.993973
228.556824
123.164230
356.752716
252.993347
236.559860
123.164467
364.751129
252.993042
244.551193
123.161682
372.750366
252.998322
252.546249
123.158875
380.636414
252.919830
-59.408154
131.144989
68.713737
261.014282
-51.438278
131.170044
76.755997
260.988953
-43.439430
131.161438
84.751686
260.993225
-35.442463
131.163773
92.750168
260.995178
-27.442673
131.164856
100.752151
260.994354
-19.442345
131.164352
108.749298
260.996002
-11.443474
131.163727
116.751068
260.994751
-3.442554
131.162613
124.750130
260.994263
4.557613
131.163055
132.750534
260.992737
12.558525
131.164001
140.749390
260.994263
20.557198
131.164429
148.753281
260.994171
28.556999
131.164001
156.749573
260.994934
36.556938
131.163940
164.751892
260.993958
44.557415
131.162979
172.748505
260.994904
52.557648
131.162903
180.750977
260.994446
60.558571
131.163940
188.749512
260.994751
68.557983
131.163773
196.751953
260.993561
76.558182
131.164032
204.749664
260.993713
84.557449
131.165314
212.752548
260.992523
92.557526
131.165451
220.750809
260.993774
100.556396
131.165588
228.751862
260.991943
108.556725
131.165359
236.749435
260.993927
116.556915
131.163727
244.752686
260.993164
124.557983
131.163330
252.748779
260.993347
132.557205
131.163193
260.751038
260.992828
140.558365
131.164886
268.748291
260.994049
148.557693
131.164948
276.753143
260.992676
156.557175
131.166290
284.750092
260.993958
164.557510
131.165512
292.752625
260.993408
172.557404
131.164398
300.749939
260.994659
180.557434
131.164413
308.750977
260.993988
188.557877
131.163345
316.749634
260.995758
196.557846
131.164642
324.750824
260.993225
204.558029
131.163696
332.750488
260.994751
212.557083
131.164124
340.751617
260.995392
220.556656
131.164307
348.749695
260.996399
228.555939
131.164001
356.750977
260.995361
236.558685
131.163498
364.751617
260.995575
244.551453
131.162659
372.749329
261.001038
252.545807
131.159912
380.636322
260.920532
-59.405903
139.145416
68.714661
269.013641
-51.437862
139.170044
76.755791
268.987610
-43.439564
139.161560
84.751923
268.991180
-35.440430
139.164230
92.749313
268.992920
-27.442410
139.165314
100.752754
268.992706
-19.441067
139.165436
108.748810
268.994476
-11.443577
139.164154
116.753098
268.993073
-3.441204
139.164261
124.748764
268.992401
4.557697
139.163864
132.752167
268.990417
12.559513
139.164963
140.747559
268.991547
20.557674
139.165283
148.753860
268.991852
28.557842
139.165253
156.748810
268.991516
36.557636
139.164154
164.752579
268.991730
44.558781
139.164520
172.748276
268.992157
52.558449
139.165192
180.752777
268.990662
60.559834
139.165085
188.749619
268.991821
68.558395
139.165131
196.752747
268.990967
76.558823
139.165100
204.749908
268.990997
84.557846
139.165710
212.752747
268.990417
92.558083
139.165176
220.749359
268.991425
100.557159
139.165924
228.752930
268.990723
108.557724
139.165909
236.748932
268.992035
116.556923
139.164474
244.753494
268.992310
124.558426
139.163727
252.748444
268.991943
132.557419
139.164215
260.750427
268.990906
140.559113
139.165497
268.748016
268.990997
148.557327
139.166473
276.753510
268.990173
156.558105
139.166626
284.748779
268.991425
164.556976
139.165558
292.753662
268.990570
172.559052
139.165451
300.748596
268.991852
180.557800
139.166260
308.752502
268.991730
188.559113
139.165527
316.749573
268.992920
196.557999
139.164581
324.753235
268.991974
204.559204
139.164841
332.749451
268.993622
212.557602
139.163940
340.753571
268.994385
220.557190
139.165344
348.747803
268.994263
228.556183
139.163727
356.751526
268.994629
236.560394
139.164291
364.749939
268.993591
244.552322
139.160980
372.750977
269.000061
252.545639
139.159866
380.636719
268.918854
-59.408058
147.145065
68.714088
277.014832
-51.438179
147.169952
76.755692
276.989685
-43.439953
147.161270
84.750847
276.993866
-35.441837
147.164383
92.750587
276.995178
-27.442818
147.164246
100.751808
276.994080
-19.442478
147.164734
108.748650
276.996124
-11.443661
147.163834
116.751785
276.995636
-3.442837
147.163666
124.750061
276.995392
4.557171
147.163818
132.750092
276.992859
12.557896
147.164581
140.748718
276.993835
20.557026
147.163956
148.752563
276.993591
28.557198
147.164612
156.748596
276.993805
36.557892
147.163330
164.752380
276.993134
44.557575
147.163513
172.749664
276.994049
52.557922
147.164291
180.752213
276.993011
60.557831
147.164642
188.749619
276.994293
68.557510
147.164795
196.752747
276.992554
76.557617
147.164978
204.750397
276.993347
84.557083
147.165527
212.751984
276.992096
92.557213
147.164917
220.749802
276.993256
100.557549
147.165894
228.753082
276.992218
108.556503
147.165497
236.748779
276.994476
116.556190
147.164276
244.752594
276.994385
124.556915
147.163727
252.748947
276.994904
132.557022
147.164062
260.749664
276.992249
140.558624
147.164948
268.749817
276.993530
148.556732
147.165939
276.753296
276.992157
156.557388
147.166550
284.749817
276.993652
164.556396
147.165497
292.752441
276.993286
172.556808
147.166077
300.750732
276.993134
180.557465
147.165939
308.752136
276.992523
188.557373
147.165009
316.750824
276.995789
196.557556
147.165894
324.752533
276.994507
204.558075
147.163544
332.750702
276.995636
212.556442
147.164612
340.752533
276.995911
220.555878
147.164459
348.748199
276.996246
228.556335
147.163361
356.750519
276.995117
236.560120
147.163666
364.751801
276.995392
244.552689
147.160843
372.750305
277.001434
252.545868
147.159973
380.636536
276.920502
-59.405952
155.145355
68.713936
285.013672
-51.438244
155.170288
76.755592
284.987549
-43.439800
155.161880
84.751648
284.991089
-35.440819
155.165009
92.749603
284.993164
-27.442745
155.164810
100.753716
284.992188
-19.441406
155.164780
108.748123
284.993286
-11.442253
155.163910
116.754028
284.994415
-3.442074
155.164612
124.748047
284.993591
4.558136
155.163910
132.751801
284.991852
12.559265
155.164383
140.748322
284.992615
20.557713
155.164719
148.753983
284.992920
28.558823
155.164612
156.749023
284.991760
36.558777
155.164291
164.752960
284.991821
44.558796
155.164429
172.749542
284.992126
52.557915
155.165009
180.752670
284.990967
60.558552
155.166092
188.749161
284.991394
68.557266
155.165741
196.753677
284.990662
76.557709
155.165695
204.749466
284.990540
84.557610
155.166260
212.753067
284.990662
92.558243
155.165192
220.749771
284.991272
100.557518
155.165619
228.753174
284.990356
108.557945
155.165817
236.749115
284.992554
116.556717
155.165070
244.753021
284.993042
124.558144
155.164703
252.747650
284.993011
132.557693
155.164642
260.751617
284.990814
140.559357
155.165192
268.749939
284.990967
148.557281
155.166000
276.753479
284.990295
156.557892
155.166992
284.748230
284.990479
164.556915
155.166870
292.754089
284.990204
172.558578
155.166885
300.750092
284.991669
180.556793
155.166916
308.753784
284.990479
188.558350
155.166107
316.749237
284.992371
196.556961
155.166763
324.753540
284.991913
204.558868
155.165039
332.750793
284.993927
212.556259
155.164215
340.752197
284.994873
220.557236
155.165161
348.747131
284.994385
228.557129
155.163361
356.751404
284.994385
236.560577
155.163345
364.750854
284.992981
244.552826
155.160553
372.750977
284.998901
252.546631
155.159683
380.637817
284.919891
-59.407944
163.144806
68.714020
293.014587
-51.437798
163.170135
76.756195
292.989807
-43.440346
163.161926
84.751259
292.993042
-35.442158
163.164062
92.749802
292.994415
-27.442802
163.164169
100.752312
292.993500
-19.441849
163.163818
108.750175
292.995819
-11.443291
163.163849
116.751595
292.995880
-3.443302
163.163940
124.748596
292.995483
4.557690
163.163559
132.751709
292.993408
12.557762
163.163589
140.748871
292.993835
20.558578
163.164017
148.752686
292.994019
28.557838
163.164368
156.750031
292.994232
36.558388
163.164001
164.751495
292.993317
44.558270
163.164108
172.749725
292.993805
52.558407
163.164993
180.752411
292.992554
60.557056
163.166168
188.749390
292.993347
68.556717
163.164978
196.752838
292.993042
76.556511
163.165802
204.750336
292.992828
84.557510
163.165573
212.751892
292.992371
92.556625
163.164917
220.750412
292.993500
100.557480
163.164948
228.753204
292.992371
108.557251
163.165466
236.748947
292.994629
116.556549
163.165161
244.751923
292.994263
124.557663
163.163879
252.747971
292.994537
132.557892
163.164856
260.751221
292.992554
140.558289
163.164276
268.750671
292.993958
148.556808
163.166367
276.752319
292.991882
156.556274
163.165588
284.749634
292.992889
164.556335
163.166595
292.751770
292.992310
172.557068
163.166138
300.750244
292.992737
180.556793
163.166199
308.752899
292.992279
188.556747
163.165924
316.749725
292.994507
196.556030
163.165466
324.752472
292.994141
204.557022
163.163986
332.750366
292.996674
212.555359
163.163544
340.750916
292.996368
220.555862
163.164459
348.746704
292.996429
228.557617
163.162415
356.751007
292.995758
236.559372
163.162109
364.751373
292.994843
244.552246
163.161240
372.749390
292.999207
252.546600
163.159363
380.637695
292.921875
-59.406036
171.145309
68.714317
301.013733
-51.437752
171.170013
76.755852
300.987488
-43.439877
171.161560
84.751595
300.991241
-35.440632
171.165009
92.749252
300.992462
-27.442039
171.164612
100.753159
300.991730
-19.441437
171.164886
108.749733
300.993073
-11.442307
171.164795
116.752823
300.994049
-3.441624
171.164825
124.748459
300.993286
4.558544
171.163757
132.753281
300.992615
12.559212
171.163788
140.748596
300.993103
20.558205
171.163589
148.753235
300.992859
28.559284
171.163696
156.749695
300.992371
36.558369
171.164688
164.753281
300.991516
44.558701
171.164917
172.749359
300.991089
52.558636
171.166016
180.753143
300.989960
60.557941
171.166199
188.749146
300.990540
68.557510
171.165955
196.753128
300.990906
76.557884
171.165863
204.749298
300.991394
84.557472
171.165253
212.752777
300.990967
92.558334
171.164932
220.749817
300.991760
100.557770
171.165268
228.753143
300.991241
108.558746
171.165192
236.748505
300.992981
116.557487
171.164337
244.752930
300.992218
124.559647
171.165192
252.748596
300.991547
132.558258
171.164948
260.753357
300.990112
140.559418
171.165527
268.750610
300.991150
148.557617
171.166534
276.753510
300.990692
156.557449
171.166321
284.748840
300.991516
164.556381
171.166916
292.752838
300.990295
172.558655
171.166290
300.750183
300.991058
180.557022
171.166641
308.753815
300.989929
188.557526
171.165665
316.748810
300.991760
196.555939
171.166290
324.751831
300.991974
204.558350
171.164551
332.750275
300.993835
212.556396
171.164139
340.751465
300.994263
220.558441
171.164673
348.747009
300.993774
228.557770
171.163483
356.751862
300.994110
236.560669
171.162964
364.751526
300.993225
244.551117
171.162125
372.750641
300.997284
252.545807
171.158783
380.637299
300.919891
-59.407818
179.144836
68.713997
309.015015
-51.438354
179.169922
76.756119
308.990143
-43.439972
179.160538
84.750610
308.993591
-35.441452
179.163605
92.750015
308.994598
-27.441872
179.163559
100.752823
308.993622
-19.442585
179.163681
108.749878
308.995026
-11.442818
179.163940
116.751900
308.994385
-3.442829
179.163071
124.749336
308.995422
4.557640
179.162674
132.751221
308.993591
12.558247
179.162598
140.749573
308.994751
20.558105
179.163376
148.752350
308.994141
28.558247
179.163727
156.750580
308.994507
36.557911
179.163391
164.752762
308.994019
44.557209
179.164078
172.749954
308.994202
52.558128
179.164719
180.752563
308.992401
60.557037
179.165283
188.749573
308.993561
68.556839
179.165070
196.752304
308.993317
76.556496
179.164703
204.749176
308.993591
84.557755
179.165283
212.752380
308.992584
92.556946
179.164124
220.750122
308.993927
100.557312
179.164078
228.751953
308.992737
108.557922
179.165375
236.748566
308.993958
116.557510
179.164856
244.753021
308.992065
124.558548
179.165375
252.750580
308.993408
132.557602
179.165543
260.752716
308.992126
140.558105
179.165268
268.751343
308.993378
148.556229
179.166565
276.751404
308.991974
156.556015
179.165466
284.749146
308.993225
164.556793
179.166687
292.751099
308.992249
172.557220
179.166214
300.750397
308.993164
180.556580
179.166473
308.753662
308.992249
188.556396
179.165573
316.749146
308.993896
196.556274
179.165619
324.751740
308.993256
204.557526
179.164597
332.751007
308.995728
212.555908
179.164337
340.750977
308.993713
220.558136
179.163483
348.747742
308.994415
228.557831
179.164093
356.751160
308.995331
236.559021
179.163925
364.751770
308.995178
244.549789
179.161285
372.749695
308.999542
252.545868
179.159637
380.637054
308.921021
-59.406380
187.145279
68.714104
317.013733
-51.438133
187.169861
76.755394
316.987976
-43.439541
187.161163
84.752083
316.991791
-35.439922
187.164200
92.750038
316.993042
-27.442280
187.164459
100.753258
316.992340
-19.441521
187.163162
108.749382
316.993347
-11.442123
187.163269
116.752548
316.993805
-3.441189
187.163483
124.747810
316.993561
4.558533
187.162979
132.753510
316.992432
12.558964
187.163605
140.748688
316.992676
20.558567
187.163879
148.753082
316.992096
28.558823
187.164047
156.749329
316.992645
36.558044
187.163910
164.752457
316.992493
44.558464
187.163635
172.749008
316.992188
52.558334
187.164261
180.753448
316.991760
60.558170
187.164795
188.748474
316.991730
68.557465
187.164673
196.752655
316.991669
76.558601
187.164825
204.749100
316.991821
84.557823
187.164505
212.752930
316.991760
92.558350
187.164154
220.748657
316.992676
100.557404
187.164703
228.752930
316.990692
108.559341
187.164963
236.748779
316.991974
116.557388
187.165619
244.753998
316.991150
124.558456
187.165710
252.748657
316.991394
132.557526
187.166153
260.753082
316.990784
140.557770
187.165237
268.749939
316.991760
148.557159
187.166565
276.752350
316.992218
156.556641
187.165710
284.748718
316.991608
164.556458
187.166534
292.751312
316.990173
172.557953
187.167236
300.749573
316.990845
180.556168
187.166611
308.752808
316.990295
188.557114
187.166000
316.748352
316.991486
196.557632
187.165863
324.752441
316.991760
204.558868
187.163696
332.749329
316.993958
212.556305
187.164505
340.751495
316.992279
220.559204
187.164932
348.749268
316.992126
228.556839
187.164719
356.750641
316.991211
236.560577
187.165955
364.751007
316.991638
244.551498
187.163330
372.751770
316.997437
252.545486
187.160126
380.638275
316.919617
-59.408066
195.144775
68.713997
325.015289
-51.438652
195.170319
76.756096
324.989532
-43.439632
195.161301
84.751190
324.993561
-35.441784
195.163132
92.749969
324.994934
-27.442333
195.162811
100.751595
324.994507
-19.442345
195.163177
108.749550
324.995667
-11.442650
195.162781
116.750977
324.994293
-3.441746
195.162796
124.749237
324.995300
4.558350
195.162720
132.753052
324.994263
12.558010
195.163116
140.749115
324.995117
20.557701
195.163528
148.751312
324.993225
28.558426
195.163422
156.749985
324.994690
36.557156
195.163437
164.752350
324.993774
44.557426
195.163940
172.749741
324.993713
52.558434
195.163803
180.752182
324.994080
60.557026
195.163406
188.749161
324.994507
68.557922
195.164154
196.752213
324.993042
76.557899
195.164673
204.749481
324.994019
84.556976
195.163956
212.751740
324.992737
92.557625
195.163849
220.749237
324.994232
100.557373
195.164032
228.752380
324.992950
108.558243
195.164612
236.749084
324.993896
116.557159
195.165192
244.752670
324.992432
124.557968
195.165985
252.749542
324.993042
132.556946
195.165695
260.752502
324.992126
140.556442
195.165771
268.750153
324.993347
148.557678
195.166443
276.751007
324.993378
156.555099
195.165573
284.749878
324.993958
164.555847
195.165802
292.750916
324.992371
172.556274
195.165833
300.748596
324.993469
180.555756
195.165604
308.750183
324.992310
188.556519
195.165787
316.749207
324.994049
196.556946
195.164551
324.751831
324.993073
204.557709
195.164551
332.749207
324.995026
212.558029
195.164459
340.751801
324.993744
220.557739
195.164093
348.750061
324.995178
228.555557
195.164795
356.751556
324.992889
236.558578
195.164764
364.750305
324.992432
244.551559
195.162476
372.750977
324.998627
252.545654
195.159744
380.637573
324.920563
-59.406570
203.146133
68.714531
333.014374
-51.438629
203.170868
76.755692
332.987427
-43.440155
203.161530
84.750427
332.991669
-35.440323
203.163742
92.749367
332.992950
-27.441433
203.163803
100.752632
332.992706
-19.441189
203.163727
108.749290
332.993469
-11.442074
203.164429
116.753563
332.992706
-3.440910
203.164108
124.748688
332.992798
4.558247
203.164001
132.752563
332.992676
12.558956
203.163757
140.748062
332.992920
20.558105
203.163788
148.752930
332.991699
28.559448
203.164597
156.749222
332.992310
36.557621
203.164703
164.753815
332.991882
44.559120
203.164948
172.750000
332.992310
52.557678
203.163681
180.751343
332.991882
60.559086
203.165421
188.749268
332.991943
68.558640
203.164993
196.754257
332.991608
76.558296
203.164764
204.748322
332.992401
84.556976
203.164917
212.752808
332.991486
92.558403
203.164612
220.748291
332.992126
100.557571
203.164978
228.752960
332.991272
108.559204
203.165131
236.749237
332.991882
116.557968
203.165771
244.753281
332.990723
124.558502
203.166656
252.749878
332.990601
132.557373
203.166412
260.753662
332.990601
140.557205
203.165512
268.749390
332.991272
148.557983
203.166077
276.752014
332.991425
156.557404
203.165192
284.748810
332.992035
164.557343
203.166229
292.751862
332.992371
172.556946
203.165894
300.748230
332.993134
180.556274
203.166092
308.751556
332.990479
188.558105
203.165634
316.748505
332.990112
196.557892
203.165619
324.753540
332.991302
204.558228
203.164963
332.749268
332.992249
212.558258
203.165070
340.753174
332.992249
220.558655
203.164215
348.749084
332.993011
228.556320
203.163361
356.751068
332.992432
236.560791
203.163849
364.750763
332.991577
244.551880
203.161469
372.751099
332.997467
252.545547
203.159210
380.638062
332.919922
-59.408478
211.145966
68.713997
341.016785
-51.440228
211.171631
76.756187
340.990204
-43.440990
211.160828
84.749878
340.992615
-35.441917
211.163635
92.749329
340.994080
-27.442368
211.163269
100.751846
340.993805
-19.442059
211.163696
108.749519
340.994995
-11.441898
211.163757
116.752815
340.994293
-3.442898
211.163147
124.749191
340.995514
4.556980
211.163040
132.750656
340.994568
12.557987
211.163361
140.748825
340.994446
20.558197
211.163361
148.752258
340.993500
28.557526
211.164047
156.749557
340.995117
36.557518
211.163498
164.752075
340.993927
44.557461
211.164017
172.749603
340.994507
52.557327
211.163391
180.751465
340.992828
60.557819
211.164017
188.749527
340.993347
68.557892
211.164154
196.751648
340.993103
76.557716
211.164246
204.749802
340.994385
84.556999
211.163956
212.752319
340.993103
92.557632
211.164597
220.749237
340.993591
100.556984
211.164017
228.752365
340.992645
108.557655
211.164215
236.749512
340.993225
116.557404
211.165192
244.752884
340.991913
124.557266
211.166321
252.750153
340.992889
132.556198
211.166077
260.751984
340.992371
140.556076
211.166443
268.749481
340.993988
148.557037
211.165237
276.752014
340.992096
156.557465
211.165268
284.750244
340.992981
164.557816
211.166443
292.751312
340.993317
172.556824
211.165771
300.749023
340.993774
180.557083
211.164902
308.752045
340.992615
188.556793
211.165375
316.749725
340.992767
196.557022
211.165497
324.752136
340.992401
204.556808
211.165619
332.749390
340.993591
212.557068
211.164703
340.752991
340.993530
220.557404
211.163895
348.749512
340.995911
228.557068
211.164078
356.750092
340.994934
236.559906
211.162964
364.751648
340.993652
244.550903
211.161041
372.750244
340.999298
252.545547
211.159515
380.637512
340.921021
-59.406448
219.147049
68.714050
349.015198
-51.439991
219.172577
76.756020
348.989258
-43.441792
219.162750
84.751137
348.992371
-35.441875
219.163788
92.748581
348.992310
-27.441853
219.163788
100.752060
348.992310
-19.440369
219.164154
108.748917
348.993439
-11.442238
219.163925
116.752754
348.993896
-3.442329
219.164108
124.748077
348.993347
4.558456
219.163727
132.752213
348.992645
12.559196
219.164124
140.748749
348.993744
20.557285
219.163940
148.752884
348.993225
28.558594
219.163940
156.747162
348.992981
36.558498
219.164581
164.753113
348.993164
44.558102
219.164322
172.748993
348.993561
52.557178
219.164566
180.752899
348.992706
60.558571
219.164886
188.748596
348.991455
68.557724
219.164185
196.752319
348.990967
76.559311
219.165039
204.748993
348.992035
84.558060
219.164795
212.753494
348.991394
92.558777
219.164520
220.748993
348.992432
100.557617
219.164154
228.752838
348.991821
108.558769
219.165070
236.749527
348.991913
116.557045
219.165985
244.752991
348.990631
124.558029
219.166321
252.748337
348.991211
132.556305
219.166046
260.751434
348.989929
140.558319
219.165161
268.748901
348.991730
148.557678
219.165802
276.753113
348.991547
156.558624
219.165009
284.750031
348.991394
164.557648
219.165466
292.752045
348.990723
172.558304
219.165543
300.749237
348.991699
180.557556
219.165833
308.752899
348.990875
188.557892
219.165253
316.748474
348.990601
196.557434
219.165848
324.752838
348.989899
204.558563
219.165604
332.749237
348.991882
212.557114
219.165894
340.753357
348.991608
220.558426
219.164993
348.748840
348.992218
228.557373
219.163940
356.751770
348.991516
236.561127
219.163361
364.751953
348.991943
244.551682
219.161591
372.750763
348.997559
252.545532
219.158966
380.637634
348.920227
-59.408577
227.146912
68.714134
357.016602
-51.440327
227.172531
76.755219
356.991119
-43.441605
227.162170
84.749962
356.995239
-35.442936
227.163925
92.749290
356.995117
-27.442406
227.162735
100.751556
356.993439
-19.442089
227.163696
108.748329
356.995392
-11.442596
227.163742
116.751511
356.994507
-3.442036
227.163910
124.748947
356.995850
4.557568
227.163895
132.751434
356.994446
12.558327
227.163879
140.749542
356.996246
20.556950
227.163300
148.752075
356.994873
28.557526
227.163635
156.748917
356.994476
36.557880
227.163040
164.752609
356.994141
44.557732
227.164429
172.750397
356.996246
52.556816
227.164047
180.752213
356.994385
60.556850
227.163208
188.749420
356.994385
68.557663
227.163788
196.752197
356.993347
76.557976
227.163483
204.748825
356.995148
84.557640
227.163788
212.752243
356.993561
92.557770
227.164001
220.749146
356.994141
100.557655
227.164352
228.752319
356.993011
108.557831
227.164551
236.749634
356.994659
116.556694
227.165054
244.751282
356.993530
124.556801
227.164795
252.748138
356.994202
132.556625
227.165253
260.751923
356.992432
140.557968
227.166077
268.748962
356.993286
148.557007
227.165680
276.752625
356.991333
156.558502
227.165741
284.750763
356.993896
164.556839
227.165604
292.751648
356.992279
172.557770
227.165558
300.749878
356.993317
180.557526
227.165344
308.752014
356.992310
188.558029
227.165665
316.750244
356.993591
196.556793
227.165421
324.752441
356.991760
204.557861
227.165665
332.749786
356.993103
212.557068
227.165939
340.752747
356.991821
220.557892
227.165436
348.750763
356.993835
228.556534
227.165283
356.751648
356.993042
236.559128
227.164398
364.752625
356.993164
244.551025
227.161804
372.750763
356.999146
252.544769
227.159851
380.636780
356.921143
-59.408974
235.147079
68.714104
365.016022
-51.442783
235.171646
76.755692
364.991028
-43.443161
235.163239
84.752449
364.993683
-35.443752
235.164612
92.750381
364.993835
-27.444962
235.164337
100.753418
364.992798
-19.444134
235.163757
108.749039
364.993103
-11.444832
235.164673
116.753494
364.992493
-3.443466
235.163971
124.750046
364.992706
4.555359
235.164795
132.753845
364.992798
12.556297
235.164673
140.750351
364.993103
20.554993
235.165283
148.754120
364.992737
28.556320
235.164825
156.751038
364.993256
36.555077
235.164703
164.754578
364.993622
44.556107
235.165161
172.750412
364.994385
52.554512
235.165436
180.753296
364.993347
60.556057
235.165314
188.749573
364.992920
68.555389
235.164398
196.753357
364.992981
76.556046
235.164520
204.748871
364.993042
84.555481
235.164444
212.754242
364.992126
92.556778
235.164276
220.750519
364.992401
100.554970
235.164948
228.753403
364.992279
108.556183
235.164597
236.749695
364.992950
116.554657
235.164825
244.752930
364.992676
124.555779
235.166016
252.749405
364.991852
132.555267
235.166107
260.754425
364.990448
140.555359
235.165466
268.748901
364.991547
148.554825
235.166138
276.753693
364.990662
156.555969
235.165497
284.750000
364.990906
164.554993
235.166382
292.754059
364.990417
172.555954
235.166336
300.750488
364.990997
180.554565
235.166504
308.753815
364.990295
188.556076
235.165466
316.751038
364.990448
196.555450
235.165695
324.753784
364.989685
204.556595
235.166718
332.750336
364.990601
212.554916
235.166443
340.754578
364.989899
220.556366
235.166504
348.751526
364.991608
228.554138
235.166229
356.753693
364.991394
236.557098
235.164429
364.753052
364.990845
244.549011
235.161194
372.752136
364.997009
252.545654
235.159119
380.636597
364.919128
-59.411327
243.136749
68.720650
373.017029
-51.436192
243.166367
76.754585
372.996796
-43.438747
243.160065
84.751434
372.997253
-35.438953
243.160950
92.750885
372.996643
-27.439716
243.160263
100.752319
372.995850
-19.439220
243.160812
108.750435
372.995209
-11.439148
243.160339
116.752991
372.994843
-3.438873
243.161560
124.751106
372.995575
4.560596
243.160599
132.753174
372.994843
12.561096
243.161530
140.751175
372.996338
20.559834
243.161072
148.752777
372.995239
28.560852
243.160645
156.750275
372.996368
36.559353
243.160706
164.751831
372.996002
44.560375
243.160278
172.749359
372.996765
52.560101
243.160797
180.751343
372.996765
60.560116
243.160858
188.749069
372.996429
68.560387
243.160812
196.751099
372.995117
76.561455
243.161118
204.750336
372.994873
84.560829
243.160858
212.752777
372.994537
92.560776
243.161560
220.751190
372.994751
100.560692
243.160919
228.752167
372.994019
108.560478
243.161987
236.750580
372.995453
116.560104
243.162079
244.752090
372.994110
124.561546
243.161911
252.751862
372.994537
132.560150
243.161011
260.752502
372.994812
140.560150
243.162399
268.749695
372.994019
148.560715
243.162354
276.753296
372.992737
156.561111
243.164062
284.751190
372.993469
164.560028
243.163635
292.753418
372.992889
172.560776
243.163605
300.752167
372.994171
180.560059
243.162811
308.753235
372.993774
188.561157
243.162659
316.751984
372.993622
196.560669
243.162704
324.753601
372.993042
204.560669
243.163696
332.751038
372.993958
212.559509
243.164062
340.753967
372.992645
220.561157
243.163574
348.751556
372.994141
228.559738
243.162964
356.752991
372.994080
236.561768
243.164124
364.755096
372.994446
244.557480
243.163483
372.754578
372.998688
252.551544
243.167908
380.635986
372.919403
-59.420387
251.075348
68.672890
380.992310
-51.408871
251.063354
76.639587
380.985901
-43.410816
251.057404
84.632645
380.993622
-35.410934
251.059906
92.631287
380.992188
-27.411343
251.058960
100.632378
380.992065
-19.411282
251.059387
108.631058
380.992126
-11.411919
251.058441
116.632477
380.991913
-3.411232
251.059067
124.630898
380.992218
4.587608
251.058472
132.632141
380.992096
12.588730
251.058838
140.630768
380.992310
20.587769
251.057831
148.632050
380.992432
28.588238
251.058746
156.630737
380.992432
36.587925
251.057404
164.631714
380.993042
44.588413
251.058716
172.630005
380.992493
52.589108
251.058228
180.631348
380.992828
60.588959
251.059311
188.630676
380.993042
68.588654
251.058807
196.633087
380.992004
76.588516
251.059143
204.630890
380.991547
84.588165
251.057877
212.632385
380.991669
92.588531
251.058685
220.630859
380.992126
100.587555
251.058167
228.631378
380.991608
108.588692
251.059143
236.630386
380.991669
116.587692
251.059021
244.632233
380.991302
124.587906
251.060364
252.630920
380.991272
132.587982
251.059433
260.632141
380.991028
140.588379
251.060684
268.630920
380.991089
148.586685
251.060165
276.632324
380.990570
156.587494
251.061188
284.631134
380.989777
164.586456
251.060471
292.631958
380.990173
172.587433
251.061264
300.631561
380.990845
180.586700
251.060333
308.633118
380.990601
188.587585
251.060211
316.632019
380.990784
196.586609
251.059433
324.632019
380.990570
204.587555
251.060516
332.630463
380.990692
212.586136
251.060516
340.632904
380.990906
220.587112
251.061066
348.631226
380.990692
228.587234
251.059479
356.631256
380.991333
236.588531
251.060898
364.632996
380.992126
244.586060
251.067062
372.642670
380.992981
252.557526
251.078766
380.603699
380.943878
-120.735977
-119.824295
137.651352
135.831009
-104.735657
-119.815643
153.648453
135.829025
-88.732819
-119.812683
169.648529
135.830109
-72.732452
-119.812157
185.648773
135.829849
-56.732162
-119.811829
201.648392
135.829987
-40.732330
-119.811897
217.648651
135.829956
-24.732162
-119.811691
233.648651
135.829865
-8.732254
-119.811790
249.648712
135.829926
7.267914
-119.811546
265.648499
135.829819
23.267685
-119.811661
281.648743
135.829880
39.267853
-119.811409
297.648651
135.829834
55.267715
-119.811668
313.648712
135.829834
71.267853
-119.811768
329.648376
135.829926
87.267639
-119.811920
345.648743
135.830093
103.268066
-119.811699
361.648346
135.830231
119.267746
-119.812035
377.648682
135.830292
135.267822
-119.811966
393.648224
135.830292
151.267502
-119.811806
409.649078
135.830246
167.267227
-119.813759
425.649841
135.830093
183.263458
-119.824715
441.652100
135.828491
-120.740631
-103.833664
137.650085
151.827713
-104.742477
-103.825386
153.651703
151.825363
-88.737259
-103.824890
169.655121
151.824585
-72.737167
-103.824554
185.655807
151.824173
-56.736420
-103.824226
201.655304
151.824081
-40.736816
-103.824356
217.655746
151.824295
-24.736465
-103.823753
233.655472
151.824158
-8.736526
-103.824112
249.655869
151.824280
7.263779
-103.823708
265.655579
151.824173
23.263458
-103.824173
281.655792
151.824142
39.263794
-103.823860
297.655609
151.824188
55.263580
-103.824173
313.655640
151.824432
71.263550
-103.824127
329.655273
151.824219
87.263443
-103.824020
345.655701
151.824341
103.263580
-103.823952
361.655396
151.824036
119.263397
-103.824440
377.655731
151.824188
135.263382
-103.824455
393.655090
151.824066
151.263351
-103.824242
409.654724
151.824463
167.264664
-103.825546
425.657928
151.822983
183.269409
-103.827682
441.659180
151.822754
-120.738159
-87.834984
137.649933
167.825195
-104.740692
-87.824783
153.653214
167.823456
-88.737289
-87.823097
169.656540
167.823944
-72.737427
-87.822586
185.656479
167.823212
-56.736557
-87.822113
201.656235
167.822968
-40.737061
-87.822357
217.656616
167.822983
-24.736389
-87.822136
233.656693
167.822845
-8.736908
-87.822441
249.656754
167.823029
7.263397
-87.822090
265.656708
167.822906
23.263168
-87.821915
281.656738
167.822937
39.263474
-87.822144
297.656555
167.822998
55.263245
-87.822182
313.656738
167.823257
71.263397
-87.822014
329.656738
167.823151
87.263046
-87.822037
345.656677
167.823120
103.263412
-87.821815
361.656433
167.823181
119.263351
-87.821869
377.656616
167.823212
135.263229
-87.822083
393.656372
167.822922
151.262421
-87.821320
409.655945
167.823090
167.263657
-87.822075
425.658325
167.821869
183.269592
-87.825874
441.661499
167.823517
-120.738632
-71.835197
137.650009
183.824570
-104.740997
-71.824394
153.653885
183.823303
-88.738113
-71.823898
169.657196
183.823715
-72.738007
-71.823738
185.657471
183.822983
-56.737610
-71.822945
201.657227
183.822388
-40.737457
-71.823082
217.657837
183.822571
-24.737457
-71.822800
233.657623
183.822418
-8.737381
-71.822861
249.657745
183.822662
7.262741
-71.822861
265.657837
183.822418
23.262543
-71.823158
281.657806
183.822662
39.262711
-71.823105
297.657593
183.822540
55.262711
-71.823044
313.657837
183.822830
71.262604
-71.823196
329.657227
183.822479
87.262604
-71.823219
345.657440
183.822632
103.262665
-71.823120
361.657318
183.822510
119.262589
-71.823273
377.657471
183.822632
135.262482
-71.823318
393.657227
183.822296
151.262009
-71.822685
409.657043
183.822693
167.262772
-71.822929
425.658722
183.821167
183.269806
-71.826645
441.662079
183.823547
-120.738205
-55.835045
137.649963
199.824371
-104.741211
-55.824600
153.653381
199.823456
-88.737595
-55.824257
169.656708
199.824036
-72.737717
-55.823608
185.656799
199.822769
-56.737045
-55.823349
201.657013
199.822601
-40.737427
-55.823326
217.657135
199.822739
-24.737061
-55.823036
233.657257
199.822586
-8.737579
-55.823196
249.656799
199.822754
7.262909
-55.822983
265.656738
199.822784
23.262650
-55.823143
281.656982
199.822632
39.262970
-55.823059
297.656738
199.822647
55.262802
-55.823387
313.657043
199.822784
71.262939
-55.823196
329.656738
199.822540
87.262558
-55.823357
345.656769
199.822601
103.262894
-55.823166
361.656799
199.822571
119.262589
-55.823288
377.656738
199.822540
135.262726
-55.823486
393.656799
199.822327
151.262070
-55.822685
409.656586
199.822693
167.263168
-55.823006
425.658630
199.821289
183.269669
-55.827026
441.661621
199.823502
-120.738495
-39.835014
137.649902
215.824249
-104.741318
-39.824608
153.653793
215.823242
-88.738251
-39.823891
169.657181
215.823792
-72.737808
-39.823532
185.657516
215.822784
-56.737335
-39.823349
201.657349
215.822235
-40.737503
-39.823242
217.657379
215.822357
-24.737183
-39.823166
233.657639
215.822418
-8.737534
-39.823273
249.657410
215.822311
7.262711
-39.823349
265.657471
215.822540
23.262558
-39.823303
281.657562
215.822586
39.262604
-39.823540
297.656860
215.822296
55.262695
-39.823410
313.657257
215.822510
71.262787
-39.823219
329.657074
215.822327
87.262527
-39.823303
345.657288
215.822433
103.262680
-39.822975
361.657135
215.822266
119.262589
-39.823227
377.657288
215.822235
135.262527
-39.823372
393.656982
215.822098
151.262085
-39.822678
409.656921
215.822601
167.262848
-39.823021
425.658691
215.821136
183.269775
-39.827118
441.661987
215.823410
-120.738434
-23.835083
137.650070
231.824585
-104.741226
-23.824623
153.653336
231.823303
-88.737885
-23.824066
169.656738
231.823822
-72.737473
-23.823326
185.657333
231.822876
-56.736984
-23.822929
201.657059
231.822479
-40.737381
-23.823074
217.657227
231.822464
-24.736984
-23.822807
233.656906
231.822784
-8.737076
-23.822952
249.657135
231.822723
7.262878
-23.822762
265.656708
231.822571
23.262680
-23.822960
281.657104
231.822784
39.262924
-23.822914
297.656860
231.822495
55.262711
-23.823364
313.656860
231.822632
71.262985
-23.823242
329.656738
231.822571
87.262497
-23.823700
345.656799
231.822571
103.262985
-23.823341
361.656830
231.822586
119.262711
-23.823235
377.656952
231.822540
135.262680
-23.823441
393.656677
231.822327
151.262192
-23.822426
409.656647
231.822800
167.263153
-23.823059
425.658813
231.821381
183.269638
-23.826889
441.661591
231.823441
-120.738647
-7.835060
137.649887
247.824585
-104.741241
-7.824814
153.653915
247.823105
-88.738007
-7.823883
169.657242
247.823761
-72.737976
-7.823341
185.657486
247.822845
-56.737152
-7.822777
201.657455
247.822449
-40.737503
-7.823051
217.657471
247.822571
-24.737274
-7.823235
233.657394
247.822601
-8.737320
-7.822891
249.657745
247.822815
7.262573
-7.822952
265.657410
247.822235
23.262527
-7.823212
281.657288
247.822708
39.262589
-7.822868
297.657288
247.822220
55.262604
-7.823196
313.657349
247.822449
71.262543
-7.823044
329.656921
247.822266
87.262482
-7.823380
345.657288
247.822342
103.262482
-7.823341
361.656891
247.822021
119.262589
-7.823334
377.657349
247.822601
135.262711
-7.823578
393.657104
247.822205
151.261978
-7.822891
409.657074
247.822647
167.263092
-7.822876
425.658630
247.821121
183.269592
-7.827095
441.661896
247.823364
-120.738342
8.164696
137.649841
263.824646
-104.740952
8.175049
153.653427
263.823181
-88.737762
8.175613
169.657043
263.824066
-72.737885
8.176361
185.656967
263.823029
-56.737274
8.176743
201.656891
263.822754
-40.737274
8.176903
217.656937
263.822815
-24.737289
8.176971
233.657120
263.822693
-8.737305
8.177147
249.656967
263.822693
7.262955
8.177330
265.657104
263.822723
23.262421
8.177010
281.656769
263.822693
39.262756
8.176956
297.656982
263.822540
55.262665
8.176521
313.656952
263.822510
71.262894
8.177055
329.656799
263.822449
87.262695
8.176758
345.657043
263.822510
103.262726
8.176598
361.656616
263.822479
119.262680
8.176620
377.656921
263.822723
135.262848
8.176956
393.657104
263.822510
151.261841
8.177277
409.656677
263.822571
167.263504
8.177132
425.658752
263.821106
183.269653
8.173019
441.661591
263.823364
-120.738678
24.164680
137.649551
279.824554
-104.741150
24.175079
153.653717
279.823303
-88.738342
24.175789
169.656982
279.823730
-72.737808
24.176048
185.657425
279.822968
-56.737610
24.176750
201.657135
279.822266
-40.737579
24.176735
217.657364
279.822449
-24.737244
24.176949
233.657425
279.822174
-8.737396
24.176773
249.657379
279.822357
7.262619
24.176788
265.657074
279.822510
23.262543
24.176773
281.657166
279.822632
39.262680
24.177116
297.657104
279.822144
55.262680
24.176514
313.657166
279.822327
71.262726
24.176926
329.657043
279.822235
87.262466
24.176559
345.657227
279.822327
103.262787
24.176804
361.657104
279.822235
119.262589
24.176636
377.657471
279.822510
135.262299
24.176445
393.657288
279.822357
151.261887
24.177422
409.656982
279.822510
167.262863
24.176964
425.658752
279.821167
183.269760
24.173271
441.661743
279.823547
-120.738312
40.164703
137.649689
295.824768
-104.741196
40.174927
153.653351
295.823212
-88.737808
40.175514
169.656418
295.823853
-72.737656
40.176361
185.656921
295.823181
-56.737045
40.176926
201.656631
295.822632
-40.737274
40.176613
217.656830
295.822693
-24.736847
40.176895
233.656708
295.822418
-8.737366
40.176842
249.656891
295.822754
7.262756
40.177185
265.656891
295.822662
23.262695
40.177040
281.657104
295.822693
39.262680
40.177055
297.656860
295.822449
55.262589
40.176643
313.656891
295.822632
71.263000
40.177185
329.656982
295.822510
87.262497
40.176697
345.656738
295.822601
103.262985
40.176559
361.656586
295.822510
119.262665
40.176498
377.656860
295.822571
135.262573
40.176369
393.656616
295.822327
151.261749
40.177292
409.656799
295.822723
167.263397
40.176788
425.658691
295.821289
183.269516
40.173187
441.661499
295.823547
-120.738663
56.164879
137.649597
311.824646
-104.741135
56.175148
153.653519
311.823303
-88.738342
56.175591
169.656494
311.823730
-72.738007
56.176186
185.656982
311.822937
-56.737442
56.176949
201.657150
311.822388
-40.737534
56.176628
217.657211
311.822449
-24.737320
56.176796
233.657257
311.822205
-8.737640
56.176369
249.657028
311.822388
7.262711
56.176895
265.656982
311.822327
23.262619
56.176727
281.657227
311.822571
39.262619
56.176857
297.657043
311.822205
55.262619
56.176666
313.657349
311.822418
71.262787
56.177292
329.657349
311.822266
87.262482
56.176872
345.657471
311.822510
103.262558
56.176910
361.657166
311.821960
119.262741
56.176491
377.657562
311.822510
135.262466
56.176422
393.657013
311.822052
151.261902
56.177246
409.656982
311.822632
167.263092
56.177277
425.658447
311.821075
183.269623
56.172913
441.661591
311.823425
-120.738373
72.164810
137.649780
327.824707
-104.741074
72.175323
153.653366
327.823517
-88.737961
72.175476
169.656326
327.823914
-72.737915
72.175980
185.656509
327.822845
-56.737030
72.177094
201.656754
327.822876
-40.737289
72.176636
217.656830
327.822540
-24.737030
72.177025
233.656982
327.822510
-8.737427
72.176682
249.656616
327.822693
7.263062
72.176773
265.656982
327.822754
23.262558
72.176735
281.657135
327.822632
39.262909
72.176842
297.657166
327.822266
55.262619
72.176636
313.656921
327.822418
71.262939
72.177155
329.657104
327.822723
87.262726
72.177071
345.656982
327.822632
103.262833
72.177063
361.656921
327.822510
119.262650
72.176666
377.657104
327.822540
135.262558
72.176552
393.656921
327.822205
151.261734
72.177231
409.656555
327.822754
167.263504
72.177040
425.658691
327.821259
183.269440
72.173317
441.661407
327.823425
-120.738663
88.164703
137.649673
343.824585
-104.741058
88.175262
153.653488
343.823425
-88.738159
88.175751
169.656601
343.823517
-72.738129
88.175781
185.656738
343.822662
-56.737366
88.176910
201.657135
343.822510
-40.737427
88.176834
217.657303
343.822327
-24.737396
88.177124
233.657104
343.822357
-8.737488
88.176636
249.657333
343.822632
7.262573
88.176613
265.657043
343.822327
23.262589
88.176903
281.657349
343.822418
39.262604
88.177170
297.657166
343.822052
55.262558
88.176735
313.657043
343.822388
71.262680
88.177139
329.657257
343.822510
87.262482
88.176788
345.657349
343.822449
103.262711
88.177017
361.657104
343.822327
119.262543
88.176750
377.657349
343.822327
135.262421
88.176407
393.656982
343.822205
151.261841
88.177155
409.656982
343.822479
167.263138
88.177193
425.658691
343.821106
183.269806
88.173080
441.661560
343.823303
-120.738388
104.164589
137.649765
359.824738
-104.741119
104.175476
153.653320
359.823517
-88.737885
104.175774
169.656723
359.823914
-72.738007
104.175934
185.656403
359.822754
-56.737000
104.176788
201.656616
359.822632
-40.737228
104.176720
217.656921
359.822510
-24.737122
104.176849
233.656586
359.822632
-8.737335
104.176804
249.656876
359.822723
7.262894
104.176819
265.656860
359.822388
23.262451
104.176682
281.656738
359.822388
39.262863
104.176949
297.656738
359.822449
55.262695
104.176651
313.656921
359.822693
71.262848
104.177139
329.656860
359.822723
87.262619
104.176804
345.657043
359.822510
103.262909
104.177185
361.656860
359.822571
119.262604
104.176544
377.657074
359.822479
135.262604
104.176277
393.656738
359.822266
151.262054
104.177307
409.656311
359.822662
167.263229
104.176743
425.658844
359.821381
183.269653
104.173286
441.661133
359.823547
-120.738708
120.164848
137.649826
375.824646
-104.741150
120.175346
153.653534
375.823273
-88.738190
120.176025
169.656754
375.823792
-72.738022
120.176147
185.656891
375.822662
-56.737564
120.176788
201.656952
375.822388
-40.737518
120.176666
217.657333
375.822357
-24.737549
120.176880
233.657104
375.822144
-8.737595
120.176941
249.657364
375.822418
7.262558
120.177017
265.656982
375.822266
23.262466
120.176834
281.656952
375.822296
39.262573
120.176949
297.656921
375.822113
55.262451
120.176537
313.657104
375.822510
71.262589
120.177063
329.657104
375.822266
87.262405
120.176743
345.657410
375.822388
103.262390
120.177002
361.657196
375.822174
119.262512
120.176697
377.657257
375.822510
135.262283
120.176384
393.656860
375.821991
151.261856
120.177208
409.656708
375.822510
167.262894
120.176941
425.658325
375.821228
183.269577
120.172958
441.661682
375.823212
-120.738556
136.164734
137.649933
391.824646
-104.741394
136.174911
153.653549
391.823395
-88.738037
136.175476
169.656891
391.823730
-72.738342
136.175888
185.656799
391.822632
-56.737488
136.176376
201.656754
391.822571
-40.737595
136.176514
217.657333
391.822388
-24.737595
136.176575
233.656998
391.822479
-8.737701
136.176529
249.657257
391.822510
7.262665
136.176697
265.657227
391.822449
23.262253
136.176422
281.656921
391.822510
39.262573
136.176727
297.656952
391.822418
55.262238
136.176422
313.657074
391.822479
71.262405
136.176727
329.657135
391.822449
87.262024
136.176605
345.657104
391.822418
103.262314
136.176620
361.657227
391.822449
119.262192
136.176270
377.657043
391.822540
135.262451
136.176147
393.657074
391.822327
151.261658
136.176773
409.656250
391.822571
167.263321
136.176880
425.658569
391.821075
183.269516
136.172974
441.661407
391.823334
-120.739273
152.165375
137.649628
407.824646
-104.741989
152.175613
153.654434
407.823334
-88.738998
152.176453
169.657059
407.823120
-72.738922
152.176605
185.657181
407.822388
-56.738647
152.176880
201.656921
407.821869
-40.738571
152.176880
217.657257
407.822174
-24.738602
152.176956
233.657181
407.821747
-8.738571
152.176880
249.657257
407.822083
7.261734
152.177139
265.657288
407.821960
23.261612
152.176956
281.657349
407.822052
39.261597
152.177185
297.656982
407.821838
55.261322
152.176971
313.657288
407.822113
71.261490
152.177383
329.657135
407.821716
87.261490
152.177277
345.657166
407.821960
103.261490
152.177460
361.656982
407.821808
119.261398
152.176895
377.657288
407.822266
135.261383
152.176819
393.656982
407.821777
151.261215
152.177368
409.656738
407.821899
167.261841
152.176682
425.657623
407.820892
183.268768
152.173218
441.661072
407.824097
-120.737244
168.165482
137.649673
423.824738
-104.740631
168.173706
153.653229
423.821991
-88.737762
168.174011
169.655334
423.823425
-72.738388
168.174591
185.654999
423.823090
-56.737915
168.174667
201.654938
423.822632
-40.738113
168.174500
217.655197
423.822632
-24.737946
168.174591
233.654785
423.822510
-8.738419
168.174515
249.654953
423.822510
7.262207
168.174927
265.655151
423.822510
23.261810
168.174423
281.655151
423.822815
39.262024
168.174484
297.654907
423.822632
55.261795
168.174149
313.655029
423.822693
71.262115
168.174561
329.654938
423.822754
87.261627
168.174423
345.655182
423.822876
103.262070
168.174530
361.654968
423.822815
119.261688
168.174484
377.655029
423.822845
135.262131
168.174408
393.654968
423.822510
151.261124
168.175598
409.654449
423.822510
167.262634
168.174927
425.656494
423.821564
183.267792
168.173096
441.660522
423.824341
-120.739182
184.166534
137.654800
439.824524
-104.739441
184.168488
153.657181
439.820343
-88.740372
184.165726
169.659821
439.820679
-72.740479
184.165344
185.659332
439.820312
-56.740356
184.165237
201.659332
439.819916
-40.740463
184.165192
217.659637
439.820007
-24.740387
184.165161
233.659424
439.819855
-8.740295
184.165344
249.659622
439.820007
7.259628
184.165344
265.659546
439.819885
23.259598
184.165192
281.659790
439.820038
39.259598
184.165222
297.659607
439.820068
55.259766
184.165283
313.659729
439.820251
71.259521
184.165070
329.659302
439.820190
87.259583
184.164963
345.659729
439.820465
103.259552
184.165009
361.659424
439.820160
119.259659
184.165009
377.659668
439.820374
135.259674
184.165283
393.659515
439.820190
151.259430
184.165634
409.659393
439.820374
167.260483
184.167877
425.659180
439.818695
183.266785
184.167877
441.662567
439.820709
-239.746536
-238.915955
272.035980
273.852722
-207.732971
-238.903854
304.037781
273.860443
-175.735001
-238.904449
336.037567
273.861267
-143.734512
-238.904083
368.037598
273.861877
-111.735031
-238.902695
400.037872
273.861725
-79.735306
-238.903656
432.037964
273.862152
-47.735703
-238.903076
464.038116
273.862274
-15.735992
-238.902786
496.038177
273.861389
16.265015
-238.901093
528.038086
273.859680
48.260925
-238.892365
560.026367
273.861969
-239.739365
-206.903122
272.039368
305.843536
-207.723892
-206.890106
304.037689
305.844696
-175.724426
-206.889938
336.037109
305.845093
-143.724182
-206.890305
368.036591
305.845947
-111.724701
-206.888504
400.037323
305.846100
-79.725067
-206.888794
432.036682
305.846100
-47.725021
-206.887878
464.036591
305.846313
-15.723877
-206.887299
496.036804
305.845856
16.276718
-206.887100
528.036987
305.842468
48.277328
-206.885361
560.037476
305.851410
-239.738403
-174.905457
272.042572
337.843964
-207.720215
-174.893341
304.042419
337.844208
-175.719513
-174.892883
336.041016
337.844482
-143.718552
-174.893005
368.041504
337.844482
-111.718597
-174.890945
400.042572
337.844208
-79.718491
-174.891159
432.041656
337.844177
-47.718109
-174.890259
464.041687
337.843445
-15.717926
-174.890320
496.041626
337.843567
16.281891
-174.889374
528.042480
337.840698
48.279678
-174.887726
560.039978
337.849701
-239.738663
-142.905319
272.043701
369.845734
-207.721115
-142.892517
304.042450
369.845612
-175.719849
-142.892014
336.040833
369.845978
-143.719223
-142.892334
368.041412
369.845215
-111.719315
-142.890335
400.042389
369.844513
-79.718796
-142.891327
432.041962
369.844543
-47.718552
-142.890076
464.041962
369.844116
-15.718170
-142.889954
496.041962
369.843872
16.281052
-142.888596
528.042480
369.840240
48.279617
-142.887634
560.040161
369.849426
-239.739441
-110.904388
272.043396
401.843933
-207.722000
-110.893326
304.042847
401.843811
-175.720917
-110.892654
336.042175
401.844299
-143.721054
-110.892868
368.042175
401.843506
-111.721207
-110.891022
400.042694
401.843353
-79.720901
-110.891357
432.042725
401.843384
-47.720520
-110.890305
464.042664
401.842987
-15.720230
-110.890030
496.042542
401.842712
16.279892
-110.889023
528.043701
401.839966
48.279541
-110.887787
560.040405
401.849365
-239.739944
-78.903946
272.042725
433.842651
-207.722641
-78.893387
304.042816
433.842468
-175.721390
-78.892654
336.042542
433.842560
-143.721359
-78.892654
368.042450
433.842194
-111.721588
-78.890976
400.043274
433.842255
-79.721359
-78.891327
432.042786
433.841949
-47.721115
-78.890396
464.042450
433.841492
-15.720428
-78.890259
496.042175
433.841217
16.279205
-78.889023
528.043701
433.837799
48.279419
-78.887466
560.040710
433.848206
-239.739349
-46.903305
272.042999
465.842743
-207.721954
-46.894180
304.042633
465.841339
-175.720718
-46.893326
336.042358
465.841675
-143.720978
-46.893478
368.041901
465.841217
-111.721237
-46.891983
400.043304
465.840973
-79.721191
-46.892258
432.042450
465.841125
-47.721039
-46.891815
464.042358
465.840088
-15.720490
-46.890961
496.042694
465.840118
16.279694
-46.889923
528.044189
465.837616
48.278763
-46.887848
560.041870
465.847870
-239.738846
-14.902969
272.042267
497.842957
-207.721771
-14.893295
304.042114
497.840363
-175.720535
-14.891693
336.041473
497.841370
-143.720718
-14.892212
368.041199
497.840424
-111.720779
-14.891205
400.042206
497.840363
-79.720779
-14.891281
432.041809
497.840424
-47.720474
-14.889984
464.042084
497.839386
-15.719528
-14.889771
496.042114
497.839325
16.280609
-14.888062
528.043579
497.837097
48.279984
-14.887451
560.041504
497.847595
-239.739349
17.097870
272.040405
529.841125
-207.723145
17.107361
304.041687
529.838989
-175.722488
17.108810
336.041962
529.839539
-143.722595
17.108597
368.042114
529.838989
-111.722778
17.109650
400.042755
529.838867
-79.723328
17.109512
432.041626
529.839233
-47.722473
17.110977
464.042999
529.838501
-15.721924
17.110138
496.042725
529.838379
16.278915
17.111328
528.043701
529.837036
48.279633
17.112228
560.043091
529.847656
-239.730301
49.103943
272.045593
561.845947
-207.724640
49.111664
304.053375
561.844299
-175.723450
49.110657
336.053528
561.846252
-143.723663
49.110611
368.054077
561.845886
-111.723526
49.111694
400.054077
561.845581
-79.723755
49.111084
432.053711
561.845703
-47.723633
49.110901
464.054443
561.844604
-15.723145
49.110687
496.054779
561.844238
16.276123
49.112808
528.055908
561.843384
48.275620
49.116348
560.061768
561.848572
