-59.430374
-60.895515
68.697327
68.942818
-51.414646
-60.865067
76.742767
68.932549
-43.415936
-60.870644
84.744530
68.934135
-35.414291
-60.870285
92.742874
68.935654
-27.415081
-60.870712
100.744484
68.935043
-19.414555
-60.870369
108.742210
68.935341
-11.415188
-60.870598
116.744637
68.934883
-3.414024
-60.870316
124.742294
68.935654
4.584919
-60.870270
132.744949
68.934563
12.585991
-60.869705
140.742859
68.935951
20.583954
-60.869911
148.744873
68.934715
28.584068
-60.869858
156.740753
68.934044
36.583229
-60.869545
164.743744
68.934029
44.584023
-60.869240
172.741211
68.934189
52.583061
-60.869041
180.744415
68.934242
60.583260
-60.869179
188.741486
68.934334
68.583420
-60.868973
196.744156
68.933884
76.583908
-60.869156
204.741425
68.934166
84.583389
-60.869629
212.743988
68.934013
92.584183
-60.869667
220.740967
68.934082
100.583847
-60.869423
228.744598
68.934456
108.583961
-60.869324
236.741760
68.934647
116.583130
-60.869110
244.744263
68.933983
124.583618
-60.869255
252.740509
68.934181
132.582855
-60.869324
260.743225
68.933952
140.584274
-60.869659
268.740784
68.934326
148.583862
-60.869537
276.743469
68.934540
156.585022
-60.869980
284.741394
68.935127
164.583954
-60.869904
292.743744
68.934280
172.585236
-60.870026
300.741516
68.935204
180.584717
-60.869766
308.744171
68.934364
188.585846
-60.869835
316.742615
68.935318
196.585159
-60.870506
324.744568
68.934753
204.585770
-60.870201
332.742126
68.935440
212.585159
-60.870689
340.744568
68.934525
220.585266
-60.870087
348.742249
68.934929
228.584885
-60.870369
356.744873
68.934517
236.585190
-60.868874
364.740356
68.932228
244.579987
-60.877960
372.748779
68.942070
252.583405
-60.894318
380.670227
68.930832
-59.404964
-52.847641
68.711502
77.012115
-51.439224
-52.835602
76.749062
76.992706
-43.443508
-52.846779
84.747467
76.991646
-35.444473
-52.846275
92.744576
76.992020
-27.444237
-52.846062
100.748863
76.992317
-19.444237
-52.846489
108.744598
76.992256
-11.444611
-52.845886
116.748871
76.992012
-3.443703
-52.846100
124.745293
76.991905
4.556145
-52.845451
132.749878
76.992302
12.555458
-52.844688
140.745148
76.992805
20.554329
-52.844917
148.748871
76.993484
28.554115
-52.845215
156.743973
76.993065
36.553982
-52.845680
164.747528
76.993187
44.554424
-52.845688
172.743835
76.992989
52.553688
-52.845917
180.747650
76.994164
60.553673
-52.845375
188.743622
76.993652
68.553505
-52.845573
196.747406
76.993080
76.554337
-52.845261
204.743073
76.992729
84.554138
-52.845200
212.748077
76.993027
92.554070
-52.845383
220.742783
76.992516
100.554260
-52.845184
228.748047
76.993164
108.554138
-52.845184
236.743652
76.993301
116.553322
-52.845406
244.747711
76.993271
124.554138
-52.845543
252.742599
76.992943
132.553940
-52.845955
260.746613
76.992874
140.554260
-52.846268
268.742310
76.992302
148.554291
-52.845909
276.746521
76.992264
156.554840
-52.845367
284.742798
76.992386
164.554932
-52.845604
292.747864
76.992989
172.554520
-52.846085
300.743286
76.991722
180.554871
-52.845062
308.747986
76.990921
188.555008
-52.845497
316.744598
76.991379
196.554291
-52.844742
324.748352
76.991646
204.555344
-52.845001
332.744385
76.991249
212.555328
-52.844681
340.749573
76.991364
220.554871
-52.845207
348.744385
76.991653
228.554932
-52.846130
356.748688
76.991943
236.556671
-52.847206
364.746460
76.993767
244.549316
-52.848465
372.743011
76.993584
252.547760
-52.851677
380.633606
76.913116
-59.408371
-44.855209
68.712883
85.015259
-51.439461
-44.833397
76.756294
84.991905
-43.440823
-44.841736
84.748428
84.996696
-35.441574
-44.840309
92.748665
84.996780
-27.442318
-44.839218
100.749756
84.995926
-19.442055
-44.839874
108.748512
84.996468
-11.442936
-44.839088
116.750748
84.995743
-3.442238
-44.839500
124.748192
84.996513
4.556820
-44.838821
132.751404
84.996201
12.557045
-44.840248
140.748566
84.997093
20.556313
-44.838760
148.749374
84.997673
28.556580
-44.838989
156.748169
84.997589
36.556717
-44.839500
164.750427
84.997391
44.556267
-44.839119
172.746613
84.997208
52.556423
-44.838791
180.748718
84.997696
60.556355
-44.839226
188.747772
84.998741
68.555481
-44.839325
196.747726
84.998344
76.556641
-44.840065
204.747131
84.997849
84.555595
-44.839020
212.748108
84.997414
92.556213
-44.838890
220.746735
84.997711
100.555649
-44.838837
228.748840
84.997246
108.556107
-44.840149
236.746277
84.997803
116.556107
-44.838921
244.748245
84.998306
124.556404
-44.839752
252.746033
84.997513
132.556030
-44.839676
260.747833
84.996765
140.556808
-44.839554
268.746765
84.996162
148.556854
-44.838837
276.748932
84.996384
156.557037
-44.838730
284.747223
84.996330
164.556992
-44.838562
292.749420
84.995621
172.557526
-44.838936
300.748291
84.995689
180.557251
-44.838394
308.750122
84.995239
188.557465
-44.839264
316.747833
84.996750
196.556595
-44.838310
324.749786
84.995651
204.557678
-44.839195
332.748383
84.995773
212.556778
-44.838364
340.750183
84.995369
220.557251
-44.839134
348.747925
84.995537
228.556458
-44.838272
356.749878
84.995834
236.559113
-44.838737
364.750427
84.995239
244.550354
-44.840088
372.747345
85.000282
252.546005
-44.841705
380.636871
84.922432
-59.405048
-36.853745
68.713844
93.012619
-51.438129
-36.829788
76.756393
92.987526
-43.439735
-36.837898
84.752029
92.990875
-35.440731
-36.835533
92.750671
92.991585
-27.441952
-36.834808
100.754150
92.991150
-19.442093
-36.834656
108.750259
92.991287
-11.442966
-36.834633
116.753799
92.990967
-3.442017
-36.834732
124.748993
92.991798
4.556732
-36.834480
132.753433
92.992294
12.556602
-36.834183
140.749252
92.992294
20.556526
-36.835091
148.752258
92.992630
28.557045
-36.834839
156.747681
92.992371
36.557415
-36.835892
164.751709
92.993149
44.558174
-36.835464
172.747681
92.993248
52.557201
-36.836174
180.752213
92.993202
60.557518
-36.835365
188.748001
92.994408
68.557663
-36.836105
196.751953
92.994667
76.557610
-36.835815
204.747620
92.994545
84.556709
-36.836121
212.751617
92.993645
92.557648
-36.835411
220.747223
92.993690
100.556313
-36.835785
228.751862
92.993843
108.556961
-36.835365
236.746902
92.993164
116.556976
-36.835793
244.751190
92.993088
124.558289
-36.835083
252.746994
92.992737
132.557175
-36.835251
260.751831
92.992218
140.557693
-36.834648
268.747833
92.991188
148.557434
-36.834145
276.752563
92.990181
156.558289
-36.833893
284.749054
92.990578
164.558182
-36.833992
292.753723
92.990204
172.558228
-36.834618
300.750366
92.990906
180.557739
-36.833176
308.753052
92.989822
188.558289
-36.834358
316.749817
92.990448
196.557755
-36.833565
324.753754
92.990189
204.558533
-36.834076
332.749756
92.990692
212.557678
-36.833939
340.754059
92.990601
220.558258
-36.834206
348.749695
92.990952
228.557236
-36.834824
356.752655
92.991364
236.560196
-36.835167
364.752136
92.990959
244.550766
-36.836784
372.752045
92.996552
252.544586
-36.840469
380.637512
92.919975
-59.407265
-28.854179
68.713181
101.013573
-51.437855
-28.828873
76.756516
100.989426
-43.440262
-28.837326
84.752083
100.992653
-35.442455
-28.834755
92.750984
100.993141
-27.443016
-28.833763
100.752419
100.993256
-19.444233
-28.834679
108.749626
100.993797
-11.444107
-28.834274
116.751007
100.993011
-3.443726
-28.833786
124.749374
100.993752
4.555756
-28.835236
132.750824
100.993858
12.555836
-28.835602
140.748047
100.995453
20.555954
-28.836151
148.750000
100.995514
28.556099
-28.836777
156.747681
100.995674
36.556694
-28.836464
164.750000
100.994125
44.557487
-28.836014
172.748123
100.994339
52.557281
-28.835709
180.751587
100.994156
60.557110
-28.835365
188.748871
100.995293
68.557556
-28.835190
196.750977
100.994980
76.557549
-28.835701
204.749329
100.997047
84.556000
-28.835594
212.750519
100.995316
92.556229
-28.835327
220.747986
100.995758
100.556236
-28.835823
228.750153
100.994576
108.556503
-28.836037
236.747314
100.995323
116.556580
-28.835403
244.749420
100.993744
124.556694
-28.834564
252.748322
100.993896
132.556900
-28.834496
260.750641
100.993248
140.556763
-28.834740
268.749146
100.993652
148.556610
-28.834976
276.751221
100.992966
156.557022
-28.834633
284.748810
100.993156
164.556854
-28.834732
292.752258
100.992508
172.557144
-28.833977
300.749634
100.993408
180.557114
-28.833755
308.752869
100.992546
188.556976
-28.833908
316.750153
100.993584
196.556915
-28.834038
324.752686
100.992264
204.557312
-28.833572
332.749908
100.993080
212.556488
-28.833817
340.753052
100.991776
220.556793
-28.833389
348.749878
100.992828
228.556702
-28.834053
356.751953
100.992378
236.559036
-28.833443
364.752136
100.992554
244.549561
-28.836327
372.751099
100.998413
252.544479
-28.839546
380.637085
100.920746
-59.405605
-20.853149
68.713448
109.012291
-51.438114
-20.827934
76.756744
108.986679
-43.440350
-20.835815
84.753136
108.991043
-35.442619
-20.833649
92.749367
108.991531
-27.444050
-20.834137
100.751221
108.992027
-19.443016
-20.833542
108.748322
108.993256
-11.443493
-20.834450
116.751518
108.992493
-3.442249
-20.835045
124.747223
108.992584
4.556583
-20.835136
132.751648
108.992310
12.558353
-20.835358
140.747971
108.992294
20.557274
-20.835480
148.750946
108.991859
28.558712
-20.834488
156.748398
108.992126
36.557884
-20.835098
164.752594
108.991516
44.558384
-20.834488
172.748642
108.991867
52.557461
-20.834778
180.753067
108.991859
60.558140
-20.834351
188.749283
108.991592
68.557541
-20.834457
196.752686
108.991829
76.557724
-20.833900
204.747742
108.993088
84.556488
-20.834534
212.751938
108.993179
92.557129
-20.834984
220.746674
108.993591
100.556580
-20.834595
228.751312
108.992668
108.557457
-20.834671
236.746490
108.991425
116.557564
-20.834137
244.752380
108.991470
124.557617
-20.833565
252.747681
108.992043
132.556580
-20.834274
260.751495
108.991180
140.557938
-20.834290
268.748169
108.991615
148.556488
-20.833878
276.751892
108.989883
156.558258
-20.833397
284.748810
108.990829
164.556793
-20.833221
292.753143
108.989838
172.557983
-20.833481
300.748962
108.990479
180.556915
-20.832870
308.752747
108.989746
188.557907
-20.833420
316.749756
108.990822
196.557343
-20.832520
324.753479
108.989861
204.557800
-20.833405
332.749512
108.990555
212.556763
-20.832687
340.753265
108.990242
220.557495
-20.833611
348.749481
108.990700
228.557007
-20.833466
356.752258
108.990662
236.559830
-20.834259
364.751923
108.990898
244.550018
-20.835793
372.751251
108.997452
252.544861
-20.840263
380.638275
108.919609
-59.407825
-12.853767
68.714638
117.013863
-51.439121
-12.827904
76.756447
116.988640
-43.441864
-12.836220
84.750908
116.993233
-35.444637
-12.834251
92.749435
116.995209
-27.444946
-12.834511
100.749596
116.994301
-19.443810
-12.835808
108.748009
116.995285
-11.442848
-12.836044
116.750641
116.993744
-3.442379
-12.836121
124.749252
116.995422
4.556747
-12.835991
132.751404
116.993774
12.557384
-12.835999
140.749451
116.994514
20.557041
-12.835419
148.751694
116.993225
28.557301
-12.835602
156.748856
116.994385
36.557327
-12.835274
164.751724
116.993416
44.557255
-12.835678
172.749146
116.993813
52.557610
-12.834930
180.751846
116.992828
60.557537
-12.834946
188.750397
116.993866
68.557297
-12.834686
196.752625
116.993225
76.556541
-12.834808
204.749191
116.994827
84.555771
-12.834450
212.750626
116.994576
92.556358
-12.834801
220.748505
116.995338
100.556229
-12.835197
228.750381
116.993713
108.556602
-12.834496
236.747650
116.993286
116.556686
-12.835182
244.751343
116.992790
124.556580
-12.834610
252.748383
116.994232
132.556915
-12.834702
260.750732
116.992195
140.557373
-12.834717
268.749268
116.993477
148.556580
-12.834274
276.752319
116.992241
156.556839
-12.833687
284.748779
116.993828
164.556183
-12.833923
292.752045
116.992302
172.556595
-12.833954
300.749512
116.992455
180.556870
-12.833611
308.752319
116.991600
188.556458
-12.833076
316.749451
116.992737
196.556549
-12.833771
324.752655
116.991791
204.556808
-12.833893
332.749237
116.992813
212.557281
-12.833656
340.752533
116.992287
220.556915
-12.833855
348.749603
116.993439
228.556366
-12.834190
356.752319
116.992287
236.558838
-12.833572
364.751221
116.992989
244.548996
-12.835899
372.750244
116.999161
252.545105
-12.839127
380.637695
116.920967
-59.406178
-4.853134
68.714722
125.013275
-51.440022
-4.828262
76.755920
124.987968
-43.442177
-4.835869
84.750671
124.992157
-35.442780
-4.833847
92.747238
124.993004
-27.443245
-4.834686
100.751625
124.993828
-19.442947
-4.834816
108.747849
124.992874
-11.442390
-4.835045
116.752045
124.991707
-3.441639
-4.834976
124.747452
124.991714
4.557602
-4.834526
132.752579
124.991608
12.558002
-4.834335
140.748596
124.991920
20.556992
-4.834396
148.752472
124.991249
28.558086
-4.834267
156.748398
124.991997
36.557049
-4.834366
164.752121
124.991135
44.558346
-4.834488
172.748734
124.991516
52.557068
-4.834190
180.752533
124.990463
60.558289
-4.833961
188.749252
124.991180
68.556946
-4.833725
196.753357
124.990921
76.557411
-4.832993
204.748840
124.991623
84.556534
-4.834000
212.751587
124.992516
92.557297
-4.834084
220.747681
124.993126
100.557175
-4.834648
228.752182
124.992371
108.558334
-4.834717
236.747513
124.991974
116.556999
-4.834915
244.752136
124.991180
124.558243
-4.833481
252.748413
124.991295
132.557037
-4.833847
260.753418
124.990707
140.558044
-4.834038
268.748657
124.991608
148.556717
-4.833351
276.752747
124.990494
156.557831
-4.833755
284.748199
124.991295
164.557098
-4.833527
292.752991
124.990845
172.557571
-4.833565
300.748932
124.990936
180.556656
-4.833275
308.752747
124.990524
188.557785
-4.833664
316.748596
124.991272
196.556610
-4.833313
324.752533
124.990479
204.557892
-4.833557
332.749878
124.990662
212.557236
-4.833145
340.752167
124.990021
220.558777
-4.833885
348.749939
124.990814
228.557083
-4.834335
356.752808
124.990692
236.559860
-4.834572
364.751373
124.991646
244.550278
-4.835960
372.751068
124.996796
252.544998
-4.840370
380.638397
124.919258
-59.408886
3.145767
68.713737
133.015747
-51.440052
3.171051
76.755302
132.991730
-43.441933
3.162056
84.749138
132.995148
-35.443695
3.164871
92.748886
132.995453
-27.443722
3.164207
100.749893
132.994568
-19.443130
3.164040
108.748383
132.995300
-11.443424
3.163681
116.750885
132.993759
-3.443123
3.164383
124.748070
132.994293
4.556610
3.164482
132.750977
132.993103
12.556915
3.165039
140.748550
132.994263
20.556572
3.164948
148.751068
132.993073
28.556786
3.164902
156.748199
132.994064
36.556946
3.165108
164.751678
132.992706
44.557049
3.164818
172.749268
132.993561
52.556980
3.165428
180.751556
132.992188
60.556992
3.165359
188.749451
132.993469
68.556610
3.165741
196.752197
132.992874
76.556427
3.165298
204.749481
132.994171
84.556259
3.165871
212.750427
132.994461
92.556274
3.165665
220.749146
132.995483
100.555710
3.164841
228.750244
132.992432
108.557648
3.165543
236.748627
132.993286
116.556290
3.165245
244.751663
132.992340
124.556702
3.165649
252.747986
132.993362
132.556610
3.165466
260.752136
132.992554
140.556839
3.165604
268.748535
132.993530
148.556549
3.166061
276.751953
132.992203
156.556274
3.166420
284.748352
132.993011
164.557205
3.165779
292.752197
132.992249
172.556656
3.166367
300.749237
132.993286
180.556641
3.165474
308.752014
132.992584
188.556534
3.166275
316.748413
132.993164
196.557068
3.165871
324.752411
132.991882
204.557526
3.165924
332.749878
132.993454
212.556946
3.165939
340.752197
132.992279
220.557632
3.166100
348.750244
132.993164
228.556854
3.165573
356.752655
132.992508
236.558777
3.166046
364.751434
132.992615
244.550613
3.163521
372.751770
132.998825
252.544678
3.160629
380.637207
132.921005
-59.406372
11.145760
68.713356
141.014908
-51.439690
11.171822
76.754784
140.989288
-43.441330
11.162445
84.750793
140.993378
-35.442478
11.165230
92.747093
140.993073
-27.442844
11.164665
100.751564
140.993073
-19.442390
11.165146
108.747238
140.992935
-11.442974
11.164772
116.751595
140.991791
-3.441792
11.165009
124.748138
140.991974
4.557079
11.165298
132.752197
140.991638
12.557739
11.165604
140.748230
140.991760
20.556690
11.165489
148.752106
140.990997
28.558220
11.166084
156.748245
140.991928
36.556740
11.165756
164.752228
140.991013
44.558048
11.165955
172.748657
140.991684
52.556767
11.165741
180.752319
140.990875
60.557720
11.165894
188.748260
140.991531
68.556679
11.165764
196.752502
140.990784
76.557968
11.166000
204.749405
140.991684
84.557114
11.166611
212.751480
140.992157
92.557610
11.165886
220.748260
140.993546
100.555969
11.165703
228.751556
140.991211
108.558075
11.165504
236.747253
140.991760
116.556015
11.166222
244.752045
140.991135
124.557144
11.166397
252.746979
140.991287
132.556305
11.166527
260.751587
140.990295
140.557693
11.166527
268.748444
140.990967
148.556885
11.166672
276.752197
140.990540
156.557465
11.166573
284.748169
140.991104
164.556824
11.167259
292.752319
140.990173
172.558014
11.166183
300.749023
140.991043
180.556473
11.166458
308.752502
140.990723
188.558350
11.166161
316.749084
140.991119
196.556915
11.166237
324.753021
140.990128
204.558517
11.166168
332.749695
140.990784
212.557648
11.166771
340.752655
140.989822
220.558716
11.166183
348.750366
140.990845
228.557251
11.165932
356.753235
140.990997
236.560242
11.165665
364.752136
140.990829
244.550568
11.163910
372.752197
140.997253
252.544861
11.160118
380.637817
140.919708
-59.408211
19.145798
68.712669
149.015533
-51.439514
19.170631
76.754807
148.991211
-43.441616
19.161560
84.749161
148.995087
-35.443436
19.164200
92.748466
148.994934
-27.443115
19.163612
100.750420
148.994232
-19.442856
19.164459
108.748215
148.994995
-11.443520
19.164207
116.750954
148.993195
-3.443054
19.164673
124.748680
148.993896
4.556831
19.164490
132.750885
148.992859
12.557457
19.165474
140.749344
148.994232
20.556633
19.165047
148.751282
148.993011
28.556896
19.165451
156.748642
148.994064
36.556572
19.165352
164.751144
148.992767
44.556759
19.165146
172.748657
148.993408
52.556541
19.165131
180.751389
148.992401
60.557125
19.165649
188.749207
148.993622
68.557022
19.165459
196.751831
148.992218
76.556763
19.165497
204.749603
148.993561
84.556793
19.166344
212.751266
148.993210
92.555817
19.165611
220.748383
148.994446
100.556335
19.165497
228.750534
148.993164
108.556503
19.165665
236.747467
148.993347
116.556343
19.165833
244.751007
148.993210
124.556091
19.165810
252.748108
148.993835
132.556076
19.165428
260.750702
148.993118
140.556702
19.165550
268.747986
148.993195
148.556946
19.165604
276.751526
148.992203
156.556824
19.166016
284.748840
148.993530
164.557053
19.166290
292.752655
148.992584
172.556534
19.166245
300.749146
148.992935
180.556580
19.165573
308.752991
148.992218
188.557068
19.166183
316.749512
148.993088
196.557495
19.165726
324.752472
148.992050
204.557327
19.165802
332.750397
148.993103
212.557205
19.166481
340.752869
148.991898
220.557266
19.166229
348.750122
148.992767
228.556686
19.165787
356.752441
148.992142
236.559036
19.166199
364.752350
148.992706
244.549484
19.163376
372.751190
148.998993
252.544815
19.160934
380.637115
148.920990
-59.406090
27.146332
68.713158
157.014069
-51.439575
27.171417
76.754745
156.988876
-43.441334
27.162361
84.750023
156.992737
-35.442177
27.165459
92.747803
156.992569
-27.442719
27.164764
100.751869
156.992462
-19.442177
27.164909
108.747444
156.992691
-11.442547
27.164833
116.752350
156.992355
-3.442116
27.164726
124.747681
156.992645
4.557083
27.165062
132.751953
156.991333
12.557896
27.165077
140.747635
156.991684
20.557281
27.165146
148.752655
156.991531
28.558441
27.165237
156.748627
156.992249
36.557465
27.165474
164.752960
156.991608
44.557755
27.165298
172.748795
156.991882
52.556854
27.165405
180.752335
156.990799
60.558384
27.165466
188.748566
156.991455
68.557449
27.166039
196.753250
156.990570
76.557831
27.165588
204.749207
156.991379
84.557732
27.166359
212.752487
156.992249
92.557281
27.165405
220.747070
156.992706
100.557068
27.165451
228.751617
156.991867
108.557877
27.165886
236.748230
156.991501
116.556465
27.166206
244.751007
156.991638
124.557037
27.166206
252.747314
156.991180
132.556671
27.166153
260.751221
156.990448
140.558197
27.166313
268.748962
156.991043
148.556976
27.166664
276.752625
156.990356
156.557953
27.166489
284.749390
156.991150
164.556992
27.166664
292.752502
156.989868
172.557892
27.166199
300.749481
156.990585
180.557449
27.166595
308.753479
156.990662
188.558472
27.166222
316.749512
156.990997
196.557343
27.165878
324.752777
156.990005
204.558655
27.166374
332.750122
156.990936
212.557404
27.166779
340.753326
156.989975
220.557999
27.166214
348.749664
156.991074
228.556656
27.166290
356.752747
156.990601
236.560089
27.165489
364.751831
156.991211
244.550369
27.163940
372.752289
156.997009
252.544647
27.159874
380.637543
156.919632
-59.407814
35.145790
68.713196
165.015152
-51.439659
35.170868
76.754555
164.991272
-43.441273
35.162064
84.749794
164.994415
-35.443420
35.164307
92.749084
164.994720
-27.443565
35.164024
100.750114
164.994202
-19.442947
35.164642
108.747932
164.994415
-11.443336
35.164383
116.751152
164.993347
-3.443016
35.164818
124.748131
164.994232
4.557095
35.164848
132.751495
164.992859
12.556957
35.165001
140.748978
164.993469
20.556744
35.165741
148.752243
164.992264
28.557518
35.165482
156.749832
164.993347
36.556633
35.165512
164.752197
164.992340
44.557011
35.165207
172.749496
164.994049
52.556808
35.165161
180.752075
164.992737
60.557270
35.165474
188.749359
164.993256
68.557114
35.165512
196.752197
164.992493
76.557014
35.165535
204.749786
164.993271
84.557518
35.165276
212.751801
164.992737
92.556686
35.165504
220.749451
164.993988
100.557190
35.165665
228.751999
164.992432
108.557816
35.165474
236.749298
164.993713
116.557175
35.165581
244.751129
164.992737
124.556717
35.166077
252.749619
164.993988
132.556244
35.165619
260.751282
164.992004
140.556854
35.166252
268.749023
164.992752
148.556747
35.166428
276.752319
164.991516
156.556915
35.165955
284.749878
164.993103
164.556976
35.166328
292.752441
164.992340
172.557465
35.166031
300.750763
164.992935
180.557373
35.165680
308.752380
164.992020
188.556946
35.166039
316.750122
164.993134
196.557480
35.166069
324.752686
164.992188
204.557434
35.165962
332.750122
164.993103
212.557007
35.166397
340.752319
164.991730
220.557053
35.166443
348.750000
164.992996
228.556427
35.165901
356.752045
164.992493
236.558899
35.165993
364.751953
164.992554
244.549759
35.163589
372.751434
164.998993
252.544434
35.160851
380.637390
164.920837
-59.405853
43.146744
68.713005
173.013580
-51.439304
43.171539
76.754753
172.988037
-43.441029
43.163078
84.751312
172.992371
-35.442554
43.165894
92.747978
172.992584
-27.443443
43.164856
100.751312
172.991898
-19.442154
43.165436
108.747955
172.992096
-11.443275
43.165543
116.751579
172.991882
-3.442013
43.165787
124.747993
172.991608
4.556953
43.165558
132.752213
172.990860
12.558083
43.166237
140.748795
172.991516
20.556419
43.165962
148.752075
172.991226
28.557499
43.165894
156.748962
172.992126
36.556198
43.165848
164.751862
172.991440
44.557610
43.166039
172.748169
172.991974
52.556778
43.165565
180.751923
172.991074
60.558182
43.165932
188.748734
172.991364
68.557129
43.165840
196.752350
172.990814
76.557892
43.165749
204.749268
172.991211
84.557434
43.166306
212.752686
172.990417
92.558342
43.166138
220.749207
172.991348
100.556885
43.167015
228.752792
172.990433
108.558479
43.165955
236.750107
172.990723
116.557579
43.166763
244.752472
172.990387
124.557869
43.166504
252.749008
172.991013
132.556870
43.167007
260.752563
172.990677
140.557648
43.165871
268.749115
172.991364
148.556641
43.166626
276.752411
172.990372
156.557800
43.165962
284.749481
172.991028
164.557678
43.166588
292.752869
172.990311
172.558273
43.165611
300.749542
172.991211
180.557114
43.166298
308.753204
172.990509
188.558228
43.165970
316.749481
172.991180
196.557434
43.167000
324.753021
172.990341
204.558151
43.166298
332.749969
172.990967
212.557220
43.166908
340.753143
172.990112
220.558121
43.166580
348.749359
172.990906
228.556778
43.166153
356.752838
172.990601
236.560181
43.166023
364.751648
172.990692
244.549973
43.164192
372.751587
172.996964
252.544830
43.159813
380.638245
172.919922
-59.407715
51.146210
68.712837
181.014435
-51.439365
51.171547
76.755028
180.989777
-43.440971
51.162506
84.749680
180.993927
-35.443375
51.165138
92.748779
180.994263
-27.443199
51.164169
100.750870
180.993484
-19.443111
51.164871
108.748077
180.994705
-11.443096
51.164627
116.751381
180.993332
-3.442974
51.164619
124.748909
180.994415
4.556355
51.165192
132.751389
180.993042
12.556370
51.165077
140.748932
180.994156
20.555962
51.165421
148.750427
180.993256
28.555977
51.165230
156.747513
180.994080
36.556183
51.164833
164.750824
180.992950
44.556217
51.164734
172.748001
180.993866
52.556965
51.164803
180.751282
180.992676
60.557079
51.165367
188.749176
180.993530
68.556946
51.165726
196.751831
180.992065
76.557220
51.165779
204.749512
180.993195
84.557236
51.165596
212.752975
180.992462
92.557182
51.165779
220.749329
180.993286
100.556885
51.165886
228.752701
180.992599
108.557396
51.165939
236.750549
180.993576
116.556793
51.165237
244.752411
180.992401
124.556824
51.165848
252.749603
180.992935
132.556747
51.165680
260.752014
180.992126
140.557343
51.166069
268.749451
180.993332
148.556808
51.165634
276.752380
180.991699
156.557434
51.166092
284.749695
180.993179
164.557343
51.165955
292.752502
180.992279
172.557144
51.165840
300.749756
180.993195
180.556854
51.166229
308.752258
180.991852
188.557114
51.166519
316.749756
180.992798
196.557236
51.166245
324.752563
180.991669
204.557190
51.166046
332.749847
180.993149
212.557037
51.166451
340.752686
180.991852
220.557175
51.166153
348.749878
180.993057
228.556458
51.165886
356.752686
180.992325
236.558777
51.166199
364.751953
180.992844
244.549118
51.164055
372.750702
180.998749
252.544708
51.160645
380.637329
180.921249
-59.405632
59.146370
68.713089
189.013519
-51.438919
59.170532
76.755264
188.987732
-43.440121
59.162262
84.751511
188.991562
-35.441696
59.165054
92.748428
188.992279
-27.443119
59.165024
100.751884
188.991547
-19.441467
59.164963
108.748329
188.992020
-11.442669
59.165550
116.752266
188.991425
-3.442219
59.165619
124.748161
188.991821
4.556503
59.165352
132.752075
188.991791
12.557384
59.165916
140.747925
188.992706
20.556320
59.165230
148.750763
188.991974
28.557476
59.165833
156.747101
188.992111
36.557114
59.165413
164.751587
188.991486
44.557789
59.165733
172.747925
188.991425
52.557205
59.165359
180.752060
188.990585
60.558266
59.165390
188.748688
188.991028
68.557205
59.166283
196.752258
188.990326
76.558159
59.165787
204.749146
188.991058
84.557518
59.166046
212.753143
188.990463
92.558151
59.166367
220.749771
188.990845
100.557068
59.166794
228.752319
188.989838
108.557968
59.165680
236.749710
188.991165
116.557396
59.166405
244.753082
188.990570
124.558273
59.165894
252.749573
188.991501
132.557129
59.166603
260.752625
188.990448
140.558502
59.165619
268.750153
188.991257
148.557373
59.166710
276.753113
188.990631
156.558167
59.165894
284.749603
188.991180
164.557297
59.166580
292.753021
188.990128
172.558212
59.166054
300.749786
188.990723
180.557129
59.166855
308.753052
188.990143
188.558395
59.166161
316.749603
188.991257
196.557022
59.166885
324.752747
188.990143
204.558121
59.166176
332.750061
188.990814
212.557297
59.166954
340.753357
188.990143
220.557953
59.166565
348.749573
188.990707
228.556656
59.166443
356.752930
188.990646
236.559723
59.165855
364.751434
188.991180
244.549988
59.164230
372.751160
188.996750
252.545166
59.159889
380.638092
188.919556
-59.407314
67.145576
68.712959
197.014130
-51.437988
67.170967
76.757156
196.989853
-43.440636
67.162582
84.751472
196.993347
-35.442867
67.165504
92.749687
196.993973
-27.443516
67.165283
100.751572
196.993210
-19.443333
67.165359
108.748611
196.993713
-11.443687
67.165070
116.751297
196.992447
-3.443367
67.165466
124.748840
196.994446
4.556095
67.165176
132.750198
196.993561
12.556435
67.164703
140.747757
196.994720
20.556538
67.164406
148.750549
196.993469
28.557289
67.164368
156.748215
196.993652
36.557728
67.164238
164.751221
196.992798
44.557545
67.165192
172.749222
196.993774
52.557434
67.165070
180.752411
196.992798
60.556847
67.165359
188.749481
196.993378
68.556801
67.165604
196.751709
196.991867
76.557182
67.166176
204.749252
196.992783
84.557007
67.165817
212.752289
196.992004
92.557312
67.165604
220.749603
196.993652
100.556725
67.165771
228.751755
196.992432
108.557037
67.165817
236.749634
196.993591
116.557121
67.165619
244.752441
196.992065
124.557411
67.165604
252.749695
196.993088
132.557022
67.165962
260.752258
196.991867
140.557388
67.166023
268.749634
196.993088
148.556915
67.166100
276.752472
196.991653
156.557053
67.166122
284.749756
196.992844
164.557037
67.166214
292.752716
196.991882
172.557159
67.165939
300.750427
196.993103
180.556976
67.166367
308.752319
196.991913
188.557343
67.166603
316.749603
196.992584
196.557541
67.166603
324.753021
196.991608
204.557190
67.166397
332.750244
196.992905
212.556381
67.166588
340.752563
196.991791
220.556671
67.166870
348.749451
196.993042
228.555695
67.166039
356.751465
196.992798
236.557831
67.166214
364.750916
196.992523
244.549469
67.163506
372.750610
196.998306
252.544571
67.160812
380.637207
196.920319
-59.405235
75.147133
68.713333
205.012207
-51.438469
75.171700
76.756325
204.987183
-43.441193
75.164444
84.751938
204.991150
-35.442364
75.166420
92.747955
204.992508
-27.444092
75.166260
100.751114
204.991531
-19.443008
75.166313
108.747551
204.992493
-11.444309
75.165894
116.751503
204.991562
-3.443165
75.165588
124.746559
204.992142
4.556355
75.165939
132.750977
204.991455
12.557846
75.165627
140.748123
204.992706
20.556820
75.165062
148.752014
204.991852
28.557922
75.164780
156.748260
204.991608
36.558010
75.165253
164.752762
204.991058
44.558357
75.165474
172.749374
204.991394
52.557007
75.166214
180.752380
204.991302
60.557884
75.165932
188.749237
204.991821
68.556992
75.166039
196.752228
204.991028
76.557823
75.166069
204.748779
204.991455
84.556686
75.166328
212.752426
204.990356
92.558167
75.165985
220.749725
204.990997
100.556656
75.166466
228.752228
204.990082
108.558571
75.166267
236.749603
204.990936
116.557236
75.166534
244.753159
204.990540
124.558372
75.166054
252.749710
204.991013
132.557327
75.166832
260.752808
204.990219
140.558029
75.166573
268.749634
204.990891
148.556854
75.166771
276.752991
204.989990
156.558075
75.166321
284.749329
204.990845
164.556793
75.166733
292.752991
204.990128
172.558167
75.166237
300.749908
204.991074
180.557114
75.166870
308.753174
204.990204
188.558472
75.166496
316.749573
204.991135
196.556839
75.167252
324.753052
204.989868
204.558258
75.166458
332.749969
204.990997
212.556503
75.167152
340.752411
204.990448
220.557312
75.166801
348.748718
204.991730
228.555878
75.165894
356.751038
204.991302
236.558853
75.165596
364.750793
204.990723
244.549957
75.163574
372.751038
204.997055
252.544861
75.160255
380.638062
204.919647
-59.407677
83.146584
68.713547
213.013535
-51.439289
83.171646
76.755028
212.989868
-43.441971
83.163460
84.749527
212.993408
-35.444061
83.166183
92.747528
212.994247
-27.444248
83.165649
100.750092
212.993042
-19.443748
83.165756
108.747154
212.993866
-11.444050
83.165565
116.749771
212.993286
-3.443317
83.165207
124.748344
212.993927
4.555843
83.164848
132.750885
212.992188
12.557236
83.165123
140.748444
212.993744
20.556641
83.165665
148.752075
212.992844
28.557087
83.165871
156.749176
212.994324
36.555916
83.165092
164.751678
212.992569
44.556534
83.165947
172.748642
212.994019
52.556366
83.165863
180.751465
212.993027
60.555698
83.165794
188.747604
212.993042
68.556618
83.165329
196.751007
212.991943
76.556770
83.166641
204.748337
212.992844
84.557098
83.166473
212.752838
212.991943
92.556961
83.166214
220.749725
212.993591
100.556366
83.165825
228.752136
212.991928
108.557449
83.165382
236.749664
212.993103
116.557480
83.165817
244.752289
212.992279
124.557129
83.166100
252.749939
212.993088
132.556808
83.166191
260.752563
212.991852
140.556824
83.166107
268.749451
212.993256
148.556732
83.166260
276.752319
212.991882
156.557022
83.166367
284.749725
212.993027
164.556503
83.166122
292.752319
212.991821
172.557129
83.165863
300.749817
212.993408
180.556961
83.166031
308.752441
212.992188
188.557098
83.166054
316.749969
212.993469
196.556625
83.166443
324.752319
212.991653
204.556915
83.166451
332.749756
212.992950
212.556839
83.166298
340.752380
212.992493
220.556427
83.166077
348.748199
212.993683
228.555801
83.165565
356.751038
212.992050
236.558365
83.165947
364.751312
212.992996
244.549042
83.163498
372.750305
212.998718
252.544785
83.160454
380.636627
212.920471
-59.406372
91.147354
68.713028
221.012360
-51.439915
91.172371
76.754242
220.986328
-43.441608
91.165108
84.750244
220.990524
-35.443569
91.167549
92.747231
220.990860
-27.444248
91.166855
100.751686
220.990219
-19.443012
91.167068
108.747208
220.990738
-11.443359
91.166519
116.752380
220.990204
-3.442108
91.166534
124.749107
220.990906
4.556866
91.167023
132.753525
220.989990
12.557713
91.167480
140.748901
220.990921
20.556278
91.167206
148.752243
220.989487
28.557922
91.166801
156.747833
220.991425
36.555710
91.166969
164.751602
220.991455
44.557453
91.165276
172.747314
220.991486
52.556736
91.166313
180.751068
220.990967
60.558090
91.165993
188.748932
220.991608
68.556152
91.166748
196.751953
220.990067
76.557739
91.166496
204.749176
220.990189
84.556335
91.167160
212.752380
220.989517
92.557907
91.166084
220.749512
220.990601
100.557220
91.166740
228.752792
220.990509
108.557968
91.165970
236.749466
220.991302
116.557480
91.165985
244.753510
220.990082
124.558334
91.166031
252.749390
220.991226
132.556946
91.166779
260.752808
220.990417
140.557983
91.166306
268.749329
220.991165
148.557114
91.166702
276.753235
220.990356
156.558105
91.166351
284.749481
220.991013
164.556824
91.166763
292.752655
220.990173
172.557938
91.166199
300.749573
220.990692
180.557281
91.166588
308.753174
220.989929
188.558197
91.166222
316.749573
220.990784
196.557144
91.167046
324.753235
220.990082
204.557953
91.166679
332.749451
220.990829
212.557281
91.167053
340.753174
220.990173
220.557983
91.166351
348.748962
220.991150
228.556259
91.166267
356.752167
220.990540
236.559509
91.165268
364.750580
220.991791
244.550034
91.163834
372.750702
220.997742
252.545166
91.159767
380.637878
220.919617
-59.407902
99.146637
68.712532
229.014435
-51.439919
99.172844
76.755112
228.989258
-43.441471
99.163063
84.749878
228.993439
-35.444092
99.166565
92.748688
228.993622
-27.444088
99.165787
100.750961
228.992310
-19.443863
99.166504
108.748154
228.992905
-11.444054
99.166245
116.751312
228.991425
-3.443504
99.166809
124.749420
228.992432
4.555931
99.166672
132.752045
228.992371
12.555943
99.166763
140.748459
228.994385
20.555637
99.165955
148.751648
228.993805
28.555801
99.166267
156.746658
228.992874
36.556206
99.164581
164.751083
228.992676
44.556946
99.166527
172.748672
228.994263
52.556934
99.164742
180.751877
228.991638
60.557343
99.166122
188.749161
228.992554
68.557083
99.165627
196.753021
228.992386
76.556839
99.166130
204.749695
228.993073
84.556129
99.166077
212.751419
228.992203
92.556671
99.166367
220.750153
228.992676
100.556885
99.166061
228.752197
228.991699
108.557205
99.166000
236.750092
228.993027
116.557297
99.165840
244.752884
228.992126
124.557205
99.166084
252.749985
228.993149
132.556717
99.166245
260.752350
228.991943
140.557022
99.166153
268.749573
228.993011
148.556946
99.166023
276.752441
228.992050
156.556778
99.166290
284.749512
228.992889
164.556747
99.165878
292.752228
228.991669
172.557083
99.166229
300.749329
228.993042
180.556885
99.166069
308.752441
228.991791
188.557419
99.166107
316.750244
228.993347
196.557037
99.166275
324.752380
228.992065
204.557388
99.166611
332.749786
228.992844
212.557114
99.166275
340.752716
228.991943
220.557007
99.166260
348.749420
228.993500
228.555756
99.165375
356.751373
228.992676
236.558243
99.166313
364.750488
228.992645
244.549377
99.163345
372.750671
228.998444
252.545044
99.160942
380.637268
228.920349
-59.405975
107.147270
68.712563
237.012482
-51.439819
107.172310
76.755203
236.986633
-43.441525
107.165604
84.750389
236.990265
-35.443119
107.166878
92.748161
236.991089
-27.444279
107.166801
100.751518
236.990295
-19.442635
107.167068
108.747528
236.990845
-11.444126
107.166985
116.751961
236.990204
-3.442905
107.166313
124.748459
236.990997
4.556038
107.167313
132.751511
236.991821
12.556137
107.166283
140.746277
236.991730
20.556194
107.165665
148.752045
236.991089
28.557671
107.166000
156.749084
236.991364
36.556492
107.167084
164.751953
236.990234
44.558388
107.165993
172.749374
236.991119
52.557720
107.167068
180.754013
236.989838
60.558372
107.166344
188.749847
236.990997
68.556862
107.167007
196.752472
236.989807
76.558167
107.166725
204.749466
236.990677
84.556580
107.167244
212.752518
236.989914
92.557968
107.166557
220.749176
236.990967
100.557449
107.167229
228.753464
236.990021
108.558144
107.166191
236.749420
236.990784
116.557739
107.166428
244.754074
236.990417
124.558395
107.166473
252.749863
236.991165
132.556976
107.166756
260.752960
236.990356
140.557999
107.166168
268.749512
236.991241
148.556870
107.166542
276.752899
236.990570
156.558136
107.166023
284.749268
236.991272
164.556793
107.166634
292.752258
236.990295
172.558044
107.165894
300.749146
236.991150
180.557022
107.166649
308.752686
236.990158
188.558044
107.165802
316.749634
236.991196
196.557556
107.166443
324.753479
236.990692
204.558090
107.166306
332.749573
236.991241
212.557037
107.166512
340.753723
236.990128
220.558090
107.166176
348.749268
236.991608
228.556396
107.166191
356.752411
236.991165
236.559555
107.165703
364.751373
236.991272
244.550262
107.163727
372.751343
236.997498
252.545135
107.159996
380.638092
236.919708
-59.407707
115.146980
68.712883
245.014114
-51.440277
115.172623
76.754868
244.988922
-43.441242
115.163216
84.749458
244.993317
-35.443771
115.166252
92.748299
244.994415
-27.444199
115.165733
100.750198
244.992523
-19.443539
115.166199
108.747849
244.993668
-11.444050
115.166336
116.751656
244.992310
-3.443680
115.166290
124.748306
244.992935
4.555920
115.165977
132.749756
244.991867
12.557217
115.166451
140.748810
244.993805
20.556423
115.166100
148.751816
244.992432
28.556709
115.166428
156.749573
244.992737
36.556477
115.165848
164.752472
244.992188
44.557182
115.166000
172.749115
244.992554
52.557503
115.166153
180.753128
244.992035
60.557034
115.166306
188.749939
244.993195
68.557007
115.166649
196.752625
244.991898
76.556503
115.166420
204.749817
244.992889
84.556114
115.166214
212.751068
244.991852
92.557251
115.166351
220.749939
244.992767
100.556747
115.166321
228.752319
244.991348
108.557022
115.166519
236.750031
244.992554
116.557343
115.166267
244.753387
244.991638
124.557434
115.165886
252.749969
244.993134
132.556717
115.166245
260.752258
244.991974
140.557083
115.166168
268.749847
244.993225
148.556396
115.165970
276.752136
244.992218
156.556976
115.166252
284.749207
244.993042
164.557053
115.165855
292.752472
244.991882
172.556854
115.166069
300.748962
244.992966
180.556702
115.166183
308.752289
244.991653
188.556992
115.166000
316.749695
244.993073
196.557129
115.166260
324.752533
244.991730
204.557007
115.165863
332.749817
244.993103
212.556900
115.166214
340.752899
244.991791
220.556763
115.165855
348.749420
244.992538
228.557037
115.165237
356.752045
244.992126
236.558807
115.166267
364.751495
244.992889
244.549652
115.163818
372.750305
244.998444
252.544846
115.160217
380.637726
244.920547
-59.405220
123.147316
68.713295
253.012787
-51.439457
123.171669
76.754463
252.987427
-43.440601
123.164017
84.750610
252.990936
-35.441559
123.166573
92.748367
252.991180
-27.443676
123.166512
100.752762
252.990341
-19.442410
123.166046
108.748222
252.991470
-11.442802
123.166649
116.752365
252.991455
-3.442780
123.166817
124.748459
252.991699
4.556694
123.166397
132.752396
252.990234
12.558285
123.166306
140.748932
252.990967
20.557400
123.166679
148.752441
252.990387
28.558136
123.165825
156.749512
252.991241
36.556808
123.166489
164.752213
252.990601
44.558296
123.166443
172.749725
252.991287
52.557220
123.166733
180.753586
252.989899
60.558128
123.166412
188.749817
252.990448
68.557114
123.167099
196.753479
252.990234
76.557167
123.166306
204.749359
252.991348
84.556778
123.167122
212.752594
252.989960
92.557739
123.166649
220.749466
252.990601
100.557030
123.167336
228.753174
252.989685
108.558525
123.166275
236.749435
252.990509
116.557457
123.166466
244.753540
252.990265
124.558289
123.166214
252.749817
252.990906
132.557053
123.166725
260.752869
252.990112
140.557968
123.166183
268.749329
252.991089
148.556732
123.166351
276.752960
252.990540
156.558380
123.166054
284.749268
252.991272
164.557068
123.166687
292.752686
252.990631
172.558075
123.165787
300.749634
252.991333
180.557159
123.166817
308.752563
252.990234
188.558060
123.166512
316.749329
252.990601
196.557053
123.166420
324.753113
252.990204
204.558273
123.166290
332.749390
252.991241
212.557480
123.166321
340.753571
252.990891
220.558060
123.166054
348.749695
252.991241
228.557022
123.165764
356.752777
252.990982
236.560013
123.165405
364.751465
252.991089
244.550629
123.164162
372.750977
252.997437
252.545151
123.160072
380.638580
252.919891
-59.407146
131.146729
68.713028
261.013733
-51.439281
131.172699
76.755714
260.988892
-43.440479
131.163910
84.751770
260.992523
-35.443001
131.166412
92.750252
260.992676
-27.443066
131.165863
100.752388
260.992615
-19.443398
131.166367
108.749649
260.993073
-11.443180
131.165604
116.752197
260.992004
-3.442360
131.166229
124.749718
260.993561
4.556992
131.165604
132.752533
260.992249
12.557213
131.166168
140.749756
260.993347
20.556679
131.166168
148.752686
260.992249
28.557228
131.166168
156.749496
260.993134
36.556648
131.166031
164.751862
260.991974
44.557114
131.165878
172.750061
260.992676
52.556877
131.166885
180.752518
260.991882
60.556885
131.166168
188.750381
260.992859
68.556747
131.166489
196.751526
260.991608
76.557022
131.166977
204.749985
260.992615
84.556725
131.166519
212.752533
260.991760
92.556671
131.166153
220.749359
260.992737
100.557266
131.166214
228.752884
260.991882
108.557396
131.165955
236.749588
260.993164
116.556976
131.166077
244.752838
260.991760
124.557373
131.165741
252.750336
260.993286
132.556885
131.166168
260.752258
260.992126
140.557175
131.165833
268.749725
260.993164
148.557098
131.165985
276.752716
260.992188
156.557343
131.166107
284.749603
260.993042
164.556976
131.166046
292.752502
260.991852
172.557190
131.165802
300.749969
260.993103
180.556946
131.166046
308.752319
260.992004
188.557083
131.165878
316.749634
260.992950
196.556946
131.166016
324.752411
260.991913
204.557373
131.165710
332.749847
260.993073
212.557236
131.165955
340.752625
260.992065
220.557251
131.165390
348.750305
260.993469
228.556717
131.164734
356.751770
260.993042
236.558701
131.165619
364.751617
260.992950
244.550262
131.163483
372.750763
260.998596
252.545151
131.160492
380.637848
260.920776
-59.405289
139.147461
68.713234
269.012207
-51.438889
139.172577
76.756119
268.985931
-43.440521
139.164154
84.752960
268.989899
-35.441696
139.166870
92.749039
268.990936
-27.443016
139.166946
100.752876
268.989685
-19.441784
139.166153
108.749901
268.990906
-11.442917
139.167175
116.753639
268.990601
-3.442284
139.166000
124.748978
268.991089
4.557098
139.167267
132.753433
268.990295
12.558498
139.166412
140.750046
268.991211
20.556637
139.167480
148.752441
268.990326
28.557652
139.166870
156.748932
268.990723
36.556595
139.167114
164.752930
268.990112
44.557590
139.166428
172.749084
268.990540
52.556675
139.167160
180.752167
268.989990
60.557442
139.166565
188.748871
268.991028
68.556702
139.167175
196.752914
268.989685
76.558533
139.166031
204.749908
268.990906
84.556427
139.167068
212.752670
268.990143
92.558685
139.166351
220.749878
268.991058
100.557251
139.166382
228.752991
268.990021
108.558449
139.166077
236.749603
268.990631
116.557465
139.166412
244.753357
268.990173
124.558075
139.166336
252.749786
268.991089
132.557159
139.166626
260.753021
268.990051
140.558411
139.166214
268.749451
268.990875
148.557129
139.166916
276.753265
268.990112
156.558289
139.166260
284.749451
268.990997
164.557312
139.166885
292.753052
268.990112
172.558121
139.166168
300.749695
268.991211
180.556946
139.166748
308.753082
268.990265
188.558167
139.166382
316.749207
268.990814
196.557266
139.166382
324.753235
268.990234
204.558258
139.166214
332.749573
268.990906
212.557159
139.166473
340.753143
268.990234
220.558029
139.165848
348.749573
268.991241
228.556931
139.165527
356.752197
268.990997
236.560181
139.165253
364.751709
268.991058
244.550812
139.163925
372.751617
268.996765
252.544861
139.159973
380.637909
268.919800
-59.407345
147.147110
68.713814
277.013184
-51.439106
147.172089
76.756500
276.988525
-43.441093
147.164246
84.751434
276.993042
-35.443092
147.166504
92.749840
276.993591
-27.443413
147.165619
100.752655
276.992126
-19.442741
147.166595
108.750351
276.992767
-11.443523
147.165802
116.752342
276.992432
-3.443531
147.166092
124.749405
276.993286
4.556877
147.165680
132.752472
276.992004
12.556526
147.165878
140.749146
276.993011
20.557076
147.166199
148.752792
276.992065
28.556561
147.166443
156.749451
276.993225
36.556477
147.166046
164.752182
276.992371
44.556744
147.165649
172.749939
276.993378
52.556683
147.165985
180.751968
276.992004
60.557068
147.166214
188.749420
276.993286
68.557114
147.166580
196.752945
276.991394
76.556831
147.166321
204.750336
276.992493
84.556915
147.166550
212.752060
276.991394
92.557587
147.166016
220.749924
276.992523
100.557281
147.166229
228.752502
276.991364
108.557686
147.166077
236.750153
276.992859
116.556885
147.166504
244.752396
276.991760
124.557304
147.165878
252.750473
276.993225
132.556839
147.165924
260.752655
276.992004
140.557434
147.165787
268.750031
276.993256
148.556778
147.166122
276.752625
276.992218
156.557175
147.166443
284.749908
276.992889
164.556747
147.166275
292.752625
276.991638
172.556808
147.166367
300.749756
276.992950
180.556656
147.166107
308.752625
276.991730
188.557144
147.166199
316.749634
276.993042
196.556854
147.166382
324.752106
276.991699
204.557404
147.165955
332.750183
276.992981
212.556854
147.166214
340.752350
276.991943
220.557037
147.165741
348.749756
276.993042
228.556870
147.165253
356.752014
276.992493
236.559113
147.165283
364.751923
276.992889
244.549774
147.162979
372.750854
276.999023
252.544830
147.160431
380.637177
276.921265
-59.405727
155.147614
68.713799
285.012360
-51.439709
155.172577
76.755547
284.985718
-43.441051
155.164703
84.751221
284.989563
-35.442169
155.166779
92.749710
284.990967
-27.442749
155.167023
100.753014
284.990417
-19.441959
155.166504
108.749725
284.990173
-11.442543
155.166855
116.752899
284.990479
-3.442150
155.166351
124.749542
284.991272
4.557030
155.167587
132.752716
284.989899
12.558067
155.166656
140.749634
284.990784
20.556282
155.167206
148.753143
284.989716
28.558304
155.166550
156.749664
284.990601
36.556889
155.167389
164.752441
284.990082
44.557922
155.165924
172.750351
284.991150
52.557407
155.166870
180.752686
284.990234
60.558666
155.166412
188.750122
284.990692
68.557007
155.166519
196.754272
284.990448
76.557961
155.166107
204.749725
284.991638
84.557457
155.166595
212.752869
284.990356
92.558731
155.166092
220.749832
284.990967
100.557838
155.167023
228.753937
284.990051
108.558319
155.166656
236.749725
284.990631
116.557259
155.166809
244.753540
284.989807
124.558113
155.166153
252.749756
284.990753
132.557022
155.166901
260.753235
284.990448
140.558014
155.166473
268.749786
284.991028
148.556793
155.166885
276.752747
284.990173
156.558105
155.166473
284.749634
284.990997
164.556824
155.166870
292.753082
284.990448
172.557678
155.166397
300.749268
284.990906
180.557007
155.166489
308.753082
284.990417
188.557999
155.166321
316.749115
284.990723
196.557510
155.166443
324.752991
284.989929
204.558289
155.166260
332.749603
284.990784
212.557053
155.166656
340.753204
284.990204
220.558105
155.166031
348.749512
284.990845
228.557068
155.165451
356.752411
284.990845
236.560028
155.165222
364.751465
284.990814
244.550507
155.163605
372.751038
284.997070
252.544922
155.160004
380.637909
284.919891
-59.407982
163.146606
68.713150
293.014038
-51.439606
163.172226
76.755722
292.988770
-43.440849
163.163895
84.750954
292.992371
-35.443695
163.166290
92.749481
292.992767
-27.442997
163.165909
100.752533
292.992065
-19.442928
163.166611
108.750259
292.992584
-11.443436
163.166016
116.752213
292.991882
-3.442673
163.166321
124.749603
292.992950
4.557209
163.166290
132.752625
292.991272
12.557507
163.166687
140.750122
292.993439
20.556431
163.166870
148.752670
292.992401
28.556427
163.166168
156.749374
292.992859
36.556225
163.166504
164.750793
292.991882
44.556713
163.166046
172.749481
292.992828
52.556652
163.166122
180.752380
292.991791
60.557148
163.166321
188.749481
292.992981
68.556473
163.165955
196.752441
292.991913
76.557823
163.166351
204.749756
292.993164
84.557320
163.166473
212.752350
292.991425
92.557571
163.166565
220.750198
292.992828
100.557129
163.166931
228.753021
292.991577
108.557457
163.165970
236.750198
292.993164
116.556580
163.166473
244.752502
292.991486
124.556885
163.166351
252.750168
292.992981
132.556427
163.166138
260.752411
292.991821
140.556885
163.166107
268.749329
292.993195
148.556778
163.166260
276.752533
292.992096
156.556793
163.166336
284.749573
292.993103
164.556763
163.165970
292.752655
292.991791
172.557098
163.166138
300.749573
292.993134
180.556915
163.165955
308.752563
292.992004
188.557648
163.165710
316.749756
292.992981
196.557037
163.165894
324.752289
292.991608
204.557404
163.165955
332.750061
292.993103
212.556671
163.166290
340.752350
292.991852
220.557068
163.165863
348.749878
292.993103
228.556702
163.165314
356.751831
292.992493
236.558960
163.165375
364.751648
292.992828
244.549728
163.163361
372.750641
292.998657
252.545410
163.160248
380.637604
292.920837
-59.406071
171.147446
68.712997
301.012299
-51.439148
171.171921
76.755585
300.986206
-43.440857
171.165192
84.751434
300.989868
-35.442192
171.166443
92.749756
300.991577
-27.443436
171.167084
100.752968
300.989868
-19.442299
171.166077
108.749115
300.991058
-11.443020
171.166946
116.752319
300.990021
-3.441917
171.166138
124.750221
300.990662
4.556999
171.167511
132.753754
300.989655
12.558155
171.166763
140.749268
300.989929
20.557079
171.166809
148.753448
300.990295
28.558537
171.166229
156.749634
300.992340
36.557106
171.166626
164.752502
300.990112
44.558208
171.165588
172.749771
300.991058
52.556816
171.166824
180.752869
300.990448
60.557892
171.166321
188.749115
300.991119
68.557358
171.166504
196.753601
300.990326
76.559036
171.166336
204.749481
300.990784
84.557144
171.166901
212.752975
300.990051
92.558533
171.166565
220.749664
300.990814
100.557304
171.166962
228.753174
300.990021
108.557938
171.166672
236.749496
300.990540
116.556602
171.166992
244.753296
300.990173
124.557495
171.166534
252.749237
300.991272
132.556580
171.166840
260.752380
300.990234
140.557953
171.166168
268.749207
300.991028
148.557098
171.166931
276.752808
300.989990
156.557816
171.166321
284.749634
300.991058
164.557007
171.166611
292.753235
300.990417
172.558136
171.166092
300.749329
300.990967
180.557541
171.166153
308.752808
300.990051
188.558655
171.166077
316.749390
300.990601
196.557358
171.166275
324.753296
300.989990
204.557983
171.166504
332.749329
300.990753
212.557007
171.166687
340.752991
300.989990
220.558136
171.166183
348.749420
300.990936
228.556641
171.165863
356.752350
300.990784
236.559891
171.165100
364.751495
300.991180
244.550171
171.162994
372.751099
300.997101
252.544952
171.159515
380.637817
300.919708
-59.407593
179.146637
68.713043
309.013763
-51.439316
179.171997
76.755936
308.988739
-43.440945
179.164154
84.750275
308.991943
-35.443146
179.166138
92.750267
308.993103
-27.443935
179.166168
100.751114
308.992279
-19.443069
179.166595
108.749619
308.993134
-11.443527
179.165665
116.752319
308.991943
-3.442867
179.166260
124.749863
308.992950
4.556770
179.166000
132.753296
308.991821
12.556236
179.166977
140.749512
308.993347
20.556225
179.166595
148.752335
308.991302
28.557007
179.166580
156.749390
308.992279
36.557281
179.166534
164.752502
308.991089
44.557415
179.166382
172.750641
308.992615
52.557133
179.166107
180.752457
308.992218
60.557571
179.166260
188.749664
308.993286
68.556808
179.165878
196.752502
308.992310
76.557495
179.166168
204.750397
308.993286
84.557091
179.166229
212.752625
308.992126
92.557465
179.166351
220.749771
308.992798
100.557022
179.166656
228.752808
308.991547
108.556793
179.166595
236.749954
308.993011
116.556046
179.166199
244.752228
308.992126
124.556320
179.165955
252.748642
308.993347
132.556442
179.165726
260.751740
308.991791
140.557037
179.166351
268.749664
308.992859
148.556625
179.166046
276.752441
308.991943
156.556824
179.166199
284.749329
308.993103
164.556671
179.165543
292.752319
308.992340
172.557556
179.165405
300.749756
308.993286
180.557526
179.165680
308.752289
308.991821
188.557571
179.165787
316.750061
308.993164
196.556732
179.166489
324.752380
308.991882
204.557037
179.165985
332.749695
308.993103
212.556549
179.165985
340.752197
308.991821
220.557220
179.165787
348.749573
308.993317
228.555923
179.165192
356.751373
308.992249
236.558838
179.165787
364.751556
308.993164
244.549835
179.162964
372.751465
308.998962
252.545090
179.160263
380.637817
308.920929
-59.405479
187.147385
68.713005
317.012268
-51.439270
187.171722
76.756149
316.986328
-43.440479
187.164764
84.752274
316.989746
-35.442272
187.166199
92.749382
316.990509
-27.443260
187.167587
100.752548
316.990051
-19.441750
187.166718
108.748749
316.990723
-11.443077
187.166840
116.753036
316.989624
-3.441883
187.166046
124.749680
316.990662
4.556889
187.166733
132.753265
316.990143
12.557838
187.166260
140.748657
316.991211
20.556309
187.166107
148.752808
316.991394
28.557487
187.165512
156.749191
316.992035
36.557323
187.165787
164.753036
316.990906
44.558060
187.165741
172.749634
316.991486
52.557194
187.166290
180.752686
316.990356
60.558498
187.166168
188.749619
316.991028
68.557388
187.166687
196.753021
316.990173
76.558472
187.166321
204.749603
316.990845
84.557510
187.166855
212.753357
316.989990
92.558548
187.166748
220.750229
316.990906
100.557159
187.167007
228.753708
316.990265
108.557846
187.166565
236.749222
316.991364
116.556297
187.165985
244.752243
316.990967
124.557373
187.165863
252.747894
316.991486
132.556793
187.165970
260.752014
316.990540
140.558121
187.165451
268.748840
316.991302
148.556870
187.166153
276.752258
316.990692
156.558029
187.166229
284.749207
316.990845
164.557602
187.166138
292.753052
316.990417
172.558716
187.165710
300.749359
316.990967
180.557495
187.166351
308.753174
316.990143
188.558151
187.166443
316.749207
316.990784
196.556808
187.166550
324.752625
316.990112
204.557602
187.166229
332.748932
316.990814
212.557114
187.165955
340.753235
316.990021
220.558167
187.165802
348.749268
316.990875
228.556503
187.165604
356.752625
316.990204
236.560120
187.165405
364.751648
316.990387
244.550903
187.162704
372.751373
316.996979
252.545197
187.159485
380.638275
316.919525
-59.407413
195.146362
68.712624
325.013672
-51.438580
195.171570
76.756638
324.988953
-43.440498
195.163986
84.751404
324.992218
-35.443085
195.166473
92.750389
324.993469
-27.444107
195.165985
100.751900
324.991760
-19.442627
195.167023
108.749176
324.992981
-11.444206
195.166260
116.753174
324.991241
-3.442818
195.166351
124.749008
324.992828
4.556507
195.165955
132.752396
324.992249
12.557014
195.165802
140.748947
324.992493
20.557152
195.166168
148.751358
324.991791
28.557480
195.166138
156.749954
324.992828
36.557442
195.166245
164.752716
324.991821
44.557446
195.165955
172.750183
324.993103
52.557156
195.166290
180.752594
324.991669
60.557381
195.166199
188.749939
324.992920
68.557045
195.166595
196.752518
324.991669
76.557419
195.166443
204.750458
324.992523
84.557129
195.166748
212.752716
324.991455
92.557266
195.166580
220.750351
324.992981
100.556885
195.166016
228.752838
324.992065
108.557365
195.165955
236.749298
324.993896
116.556976
195.165482
244.752106
324.993256
124.557320
195.164719
252.749222
324.993652
132.557281
195.164734
260.751556
324.992432
140.557632
195.165436
268.749573
324.993408
148.557632
195.165665
276.752289
324.992188
156.557617
195.165848
284.749756
324.992981
164.556915
195.165771
292.752319
324.991943
172.557617
195.165436
300.750305
324.993347
180.556915
195.166016
308.752045
324.992035
188.556412
195.165726
316.749237
324.992920
196.556122
195.165314
324.751801
324.991577
204.556915
195.165558
332.749237
324.992554
212.556885
195.165192
340.753143
324.991516
220.557297
195.165161
348.749756
324.992798
228.557007
195.164139
356.753021
324.992828
236.559280
195.164673
364.751892
324.993500
244.550797
195.161469
372.750916
324.999390
252.545700
195.159882
380.637512
324.920715
-59.405136
203.147263
68.713257
333.011871
-51.438663
203.171692
76.756577
332.986511
-43.440392
203.165009
84.751663
332.989655
-35.441986
203.165955
92.749336
332.991821
-27.443695
203.167343
100.752953
332.990173
-19.442329
203.166351
108.748894
332.990570
-11.444218
203.166885
116.752670
332.990021
-3.442101
203.166687
124.748657
332.991089
4.556713
203.166840
132.752533
332.990265
12.558434
203.166473
140.749664
332.990753
20.557541
203.166718
148.753235
332.989990
28.558521
203.166275
156.749542
332.990723
36.557236
203.166718
164.753601
332.990173
44.558544
203.166443
172.749481
332.990936
52.557446
203.166992
180.753510
332.989929
60.558437
203.166809
188.749786
332.990509
68.557266
203.167053
196.753372
332.989899
76.557770
203.166840
204.749573
332.990662
84.557281
203.166718
212.753632
332.989777
92.557945
203.166580
220.748825
332.990936
100.556892
203.166519
228.753571
332.990448
108.557938
203.166168
236.748871
332.990875
116.557526
203.166229
244.753326
332.990540
124.558853
203.165649
252.749634
332.991669
132.557800
203.165771
260.752655
332.990936
140.558670
203.165588
268.749298
332.991455
148.557663
203.166000
276.752869
332.990417
156.558548
203.166214
284.749542
332.990967
164.557281
203.166748
292.752869
332.989960
172.558014
203.166321
300.749390
332.990753
180.557022
203.166229
308.752441
332.990540
188.557419
203.165558
316.749023
332.991211
196.557190
203.165115
324.752655
332.990784
204.558456
203.165161
332.749390
332.991211
212.557510
203.164581
340.753021
332.990936
220.559128
203.164154
348.749176
332.991791
228.557663
203.163208
356.752563
332.991821
236.561417
203.163513
364.751648
332.992554
244.551819
203.161102
372.750885
332.998169
252.545990
203.159195
380.638367
332.919556
-59.407524
211.146423
68.713524
341.013824
-51.438911
211.171783
76.756287
340.988983
-43.441357
211.163040
84.750885
340.992065
-35.442833
211.165695
92.749199
340.993134
-27.442863
211.166351
100.752335
340.992249
-19.442989
211.166321
108.749008
340.993958
-11.444523
211.165894
116.751907
340.992340
-3.442825
211.165588
124.749069
340.993500
4.556541
211.165939
132.751648
340.991394
12.557678
211.165497
140.750397
340.993225
20.556870
211.166550
148.752319
340.992188
28.557518
211.165894
156.749939
340.993225
36.556755
211.166504
164.752701
340.991638
44.557365
211.166290
172.750092
340.992432
52.557129
211.166412
180.752472
340.991486
60.557507
211.166153
188.750473
340.992798
68.556763
211.166428
196.751892
340.991669
76.557098
211.166290
204.750000
340.992950
84.557037
211.166443
212.752731
340.991943
92.557022
211.166183
220.749542
340.993164
100.557030
211.165802
228.752777
340.992249
108.557343
211.165848
236.749847
340.993835
116.556870
211.165756
244.752747
340.992249
124.557236
211.165466
252.749969
340.993835
132.556915
211.165787
260.751953
340.992706
140.557526
211.165817
268.750000
340.993591
148.557159
211.166260
276.752441
340.992096
156.557266
211.166321
284.749664
340.992798
164.556946
211.166641
292.752289
340.991455
172.557236
211.165695
300.749756
340.993225
180.556351
211.165985
308.751221
340.992004
188.557175
211.165359
316.749573
340.993439
196.557312
211.164062
324.752869
340.993164
204.557220
211.163544
332.749420
340.994568
212.557648
211.162613
340.752106
340.993561
220.558075
211.163147
348.749268
340.994720
228.557587
211.162277
356.752075
340.994080
236.559937
211.163208
364.751740
340.994507
244.551987
211.160126
372.750336
341.000061
252.546692
211.159393
380.637665
340.920868
-59.404915
219.147202
68.713829
349.012360
-51.439182
219.172180
76.755257
348.987000
-43.441090
219.163483
84.751358
348.990143
-35.442173
219.166382
92.748909
348.990997
-27.442921
219.167007
100.753036
348.989899
-19.442039
219.166718
108.748611
348.990967
-11.443436
219.166534
116.753006
348.989594
-3.441402
219.166016
124.749420
348.991577
4.557571
219.166824
132.753525
348.990356
12.558277
219.166046
140.749481
348.990601
20.557301
219.166870
148.753113
348.989563
28.558563
219.166626
156.749146
348.990631
36.557407
219.167206
164.753677
348.989990
44.558270
219.166199
172.749603
348.990723
52.557144
219.166824
180.753296
348.989929
60.558079
219.166504
188.749573
348.990662
68.557068
219.167038
196.753586
348.989868
76.558426
219.166412
204.749313
348.990204
84.557365
219.166809
212.753342
348.989777
92.558640
219.166504
220.749451
348.990570
100.556946
219.166748
228.753296
348.989990
108.558380
219.166428
236.749573
348.990356
116.557617
219.166901
244.753769
348.990082
124.558296
219.166046
252.749451
348.990845
132.557343
219.166901
260.752930
348.989746
140.558472
219.166367
268.749634
348.990784
148.557373
219.166885
276.753265
348.989868
156.558411
219.166580
284.749634
348.990570
164.556976
219.167114
292.752838
348.990143
172.557770
219.166412
300.749573
348.990662
180.556366
219.166321
308.752502
348.989929
188.557724
219.164749
316.748840
348.991516
196.557556
219.163925
324.752167
348.991913
204.558609
219.163132
332.748108
348.992432
212.557999
219.163132
340.752380
348.991943
220.559280
219.163055
348.748474
348.992737
228.557953
219.162445
356.752289
348.992462
236.561401
219.162964
364.751434
348.992950
244.552124
219.160370
372.750977
348.998413
252.546387
219.158997
380.638123
348.919525
-59.407314
227.146851
68.713333
357.013489
-51.438572
227.172165
76.755119
356.988739
-43.440861
227.164032
84.751801
356.992340
-35.443287
227.165604
92.749893
356.993225
-27.443455
227.166809
100.751709
356.991913
-19.443329
227.166229
108.749420
356.993073
-11.443703
227.166504
116.752434
356.992126
-3.442932
227.166138
124.748985
356.992706
4.557400
227.166290
132.752655
356.991791
12.557541
227.166107
140.749817
356.993073
20.557217
227.166412
148.752930
356.992035
28.557514
227.166351
156.749237
356.993195
36.556297
227.165787
164.752472
356.991669
44.557495
227.166351
172.749878
356.993134
52.556679
227.166382
180.752579
356.991547
60.557098
227.166626
188.749756
356.993011
68.556732
227.166672
196.752350
356.991699
76.557289
227.166382
204.749542
356.992767
84.557068
227.166534
212.752533
356.991577
92.557159
227.166748
220.749603
356.992706
100.556618
227.166122
228.752975
356.991852
108.557159
227.166962
236.749680
356.992554
116.556976
227.166290
244.752563
356.991486
124.557373
227.166687
252.750031
356.992615
132.557373
227.166626
260.752747
356.992157
140.557068
227.166641
268.749695
356.992889
148.556961
227.166412
276.752716
356.991608
156.557068
227.166687
284.749786
356.992737
164.556747
227.166580
292.751984
356.991638
172.557648
227.165710
300.750488
356.993866
180.556473
227.165283
308.751526
356.993042
188.556885
227.164734
316.749207
356.994141
196.556961
227.163513
324.751953
356.993469
204.557617
227.163177
332.748688
356.994568
212.557678
227.162964
340.751556
356.994080
220.557907
227.163269
348.749023
356.994934
228.557251
227.162155
356.751556
356.994080
236.560059
227.163223
364.751343
356.994568
244.552383
227.160217
372.750427
357.000275
252.546768
227.159683
380.637634
356.920685
-59.407608
235.147980
68.713516
365.012207
-51.440548
235.171875
76.756889
364.987396
-43.443485
235.164673
84.753067
364.990234
-35.444489
235.167145
92.751358
364.990784
-27.446449
235.167511
100.752739
364.990601
-19.445267
235.166656
108.749550
364.991119
-11.445934
235.167328
116.752899
364.991211
-3.443920
235.166565
124.751038
364.991486
4.554531
235.166962
132.753510
364.990448
12.555332
235.166702
140.750732
364.990662
20.554848
235.166977
148.754456
364.990082
28.555614
235.167206
156.750031
364.990692
36.554119
235.167358
164.753906
364.989563
44.555622
235.167084
172.750671
364.990417
52.554623
235.167389
180.754333
364.990082
60.555717
235.166840
188.750336
364.990814
68.554192
235.167145
196.753906
364.990143
76.555847
235.166855
204.750824
364.990723
84.554398
235.167145
212.753830
364.990021
92.555466
235.166870
220.750397
364.990784
100.554321
235.167236
228.754333
364.990143
108.555740
235.166946
236.750671
364.990906
116.554489
235.167480
244.754456
364.990356
124.555511
235.166656
252.750702
364.990601
132.554688
235.167252
260.753906
364.989990
140.555878
235.166901
268.751099
364.990784
148.554565
235.167557
276.754059
364.990021
156.555740
235.166962
284.750763
364.990662
164.554474
235.167206
292.753357
364.989960
172.555695
235.166290
300.750946
364.991180
180.554367
235.166046
308.754272
364.990570
188.555664
235.164261
316.750092
364.991638
196.554962
235.163940
324.753296
364.991577
204.556030
235.163422
332.749481
364.991913
212.555344
235.163727
340.753113
364.991974
220.556229
235.163513
348.750061
364.992645
228.555038
235.162994
356.753143
364.992584
236.558350
235.162628
364.752258
364.992859
244.550140
235.160034
372.752045
364.997803
252.547318
235.158722
380.637360
364.918579
-59.410236
243.138000
68.722466
373.014038
-51.436260
243.168808
76.755699
372.993195
-43.439102
243.163727
84.752289
372.993958
-35.439987
243.164032
92.751366
372.994110
-27.440575
243.163452
100.752235
372.994263
-19.441193
243.163864
108.750092
372.993744
-11.439728
243.163605
116.752167
372.991760
-3.439182
243.164871
124.751846
372.993073
4.560463
243.164337
132.753815
372.992798
12.560440
243.164764
140.752380
372.993347
20.559834
243.164230
148.754013
372.992676
28.560410
243.164917
156.751801
372.992950
36.559990
243.163879
164.754028
372.992920
44.560394
243.164764
172.751526
372.993256
52.560051
243.163864
180.753876
372.992981
60.560581
243.164322
188.751587
372.993225
68.560249
243.163910
196.753586
372.992920
76.560532
243.164642
204.752045
372.993225
84.560028
243.164032
212.753510
372.992676
92.560425
243.164734
220.751678
372.993652
100.560196
243.163757
228.753677
372.993042
108.560898
243.164185
236.751755
372.993225
116.560356
243.163879
244.753784
372.992615
124.560486
243.164612
252.752106
372.993408
132.560028
243.164337
260.753876
372.992706
140.560699
243.164490
268.752075
372.993317
148.560028
243.163879
276.753662
372.992767
156.560425
243.164581
284.751709
372.993347
164.560226
243.164078
292.753296
372.992462
172.560379
243.164001
300.752075
372.993866
180.560120
243.162766
308.753387
372.993866
188.560577
243.161469
316.751404
372.994690
196.560272
243.161072
324.752991
372.994019
204.560822
243.161102
332.750885
372.994873
212.560486
243.160721
340.752747
372.994415
220.560776
243.160858
348.750732
372.995239
228.560272
243.159836
356.752319
372.994965
236.562729
243.162521
364.754425
372.995239
244.558746
243.161621
372.754425
372.999329
252.552612
243.167542
380.635925
372.919464
-59.420025
251.076645
68.674103
380.990662
-51.411354
251.063171
76.639519
380.983856
-43.412773
251.058472
84.631340
380.991974
-35.413456
251.060944
92.630043
380.990234
-27.413090
251.060333
100.630630
380.989716
-19.412708
251.061234
108.631508
380.990662
-11.413536
251.061325
116.631996
380.989441
-3.412598
251.060883
124.631355
380.989624
4.586681
251.061188
132.631699
380.988831
12.587044
251.061340
140.631287
380.989563
20.586143
251.060989
148.632690
380.989380
28.587357
251.061951
156.630768
380.989685
36.586437
251.060822
164.632172
380.989624
44.587303
251.062088
172.631653
380.989868
52.586227
251.060638
180.632248
380.989716
60.587399
251.061905
188.631683
380.989990
68.586327
251.060837
196.632095
380.989624
76.587204
251.061737
204.631195
380.989777
84.586761
251.060989
212.632233
380.989685
92.587181
251.061737
220.631042
380.989838
100.586624
251.060913
228.632690
380.989685
108.587433
251.061981
236.631775
380.989624
116.586487
251.060791
244.632355
380.989410
124.587219
251.061829
252.631348
380.989685
132.586517
251.060974
260.632141
380.989716
140.587341
251.061707
268.631622
380.989838
148.586548
251.061005
276.632263
380.989716
156.587341
251.061707
284.631317
380.989868
164.586517
251.060898
292.632233
380.989838
172.587189
251.061371
300.631714
380.990875
180.586441
251.060257
308.633057
380.991089
188.587418
251.059616
316.631439
380.991669
196.586929
251.058777
324.632263
380.991760
204.587616
251.059021
332.631134
380.992157
212.587448
251.058624
340.632080
380.991821
220.587753
251.058929
348.630859
380.992157
228.587616
251.058578
356.631958
380.992035
236.588928
251.059265
364.632019
380.992371
244.586670
251.066071
372.642151
380.992767
252.558395
251.078278
380.603729
380.943878
-120.735931
-119.824265
137.651276
135.831009
-104.735596
-119.815742
153.648483
135.829071
-88.732758
-119.812622
169.648682
135.830231
-72.732452
-119.812477
185.648788
135.830109
-56.732178
-119.812080
201.648560
135.830048
-40.732422
-119.812164
217.648682
135.830109
-24.732025
-119.811722
233.648483
135.830048
-8.732147
-119.811813
249.648743
135.830017
7.267822
-119.811737
265.648438
135.829987
23.267715
-119.811905
281.648682
135.830109
39.267914
-119.811684
297.648438
135.829987
55.267670
-119.811806
313.648743
135.830124
71.267883
-119.811996
329.648407
135.830292
87.267639
-119.812134
345.648743
135.830322
103.267883
-119.812111
361.648499
135.830322
119.267715
-119.812248
377.648621
135.830399
135.267761
-119.812126
393.648315
135.830231
151.267639
-119.811798
409.649170
135.830261
167.267105
-119.813713
425.649872
135.830139
183.263458
-119.824615
441.652008
135.828491
-120.740585
-103.833641
137.650055
151.827728
-104.742523
-103.825577
153.651642
151.825317
-88.737137
-103.824745
169.655273
151.824753
-72.737015
-103.824532
185.655792
151.824280
-56.736526
-103.824249
201.655457
151.824066
-40.736618
-103.824333
217.655640
151.824280
-24.736221
-103.823883
233.655365
151.824432
-8.736679
-103.824280
249.655502
151.824219
7.263550
-103.824211
265.655579
151.824097
23.263351
-103.824219
281.655762
151.824356
39.263580
-103.824127
297.655457
151.824280
55.263321
-103.824371
313.655579
151.824341
71.263565
-103.824265
329.655212
151.824219
87.263290
-103.824547
345.655579
151.824219
103.263596
-103.824371
361.655243
151.824219
119.263306
-103.824738
377.655579
151.824142
135.263336
-103.824379
393.655151
151.824066
151.263474
-103.824104
409.654877
151.824310
167.264694
-103.825531
425.657837
151.822906
183.269363
-103.827591
441.659210
151.822784
-120.738129
-87.834656
137.649857
167.825241
-104.740707
-87.824730
153.652969
167.823441
-88.737442
-87.823051
169.656235
167.823975
-72.737167
-87.822441
185.656342
167.823120
-56.736710
-87.821991
201.656342
167.822876
-40.736938
-87.822296
217.656433
167.823013
-24.736572
-87.821953
233.656540
167.822968
-8.736954
-87.821945
249.656723
167.823059
7.263214
-87.822006
265.656799
167.822937
23.263107
-87.822182
281.656921
167.822968
39.263504
-87.822098
297.656738
167.823105
55.263077
-87.822189
313.656677
167.823242
71.263351
-87.822021
329.656372
167.823090
87.263092
-87.821991
345.656525
167.823059
103.263382
-87.822098
361.656189
167.822968
119.263184
-87.821861
377.656464
167.822968
135.263290
-87.821983
393.656403
167.822815
151.262527
-87.821259
409.655945
167.823120
167.263763
-87.821945
425.658295
167.821777
183.269592
-87.825928
441.661438
167.823456
-120.738617
-71.835175
137.649643
183.824722
-104.741241
-71.824677
153.653473
183.823456
-88.737930
-71.824074
169.657028
183.823761
-72.737930
-71.823364
185.657288
183.822968
-56.737457
-71.823097
201.657257
183.822540
-40.737366
-71.823158
217.657623
183.822723
-24.737289
-71.823219
233.657410
183.822571
-8.737396
-71.823067
249.657593
183.822723
7.262573
-71.823029
265.657532
183.822388
23.262527
-71.823120
281.657654
183.822601
39.262848
-71.822876
297.657593
183.822601
55.262558
-71.823006
313.657532
183.822769
71.262604
-71.822960
329.657227
183.822449
87.262482
-71.823128
345.657410
183.822693
103.262619
-71.823174
361.657288
183.822357
119.262589
-71.823219
377.657562
183.822495
135.262543
-71.823334
393.657257
183.822327
151.262070
-71.822586
409.656982
183.822815
167.262878
-71.823044
425.658508
183.821106
183.269775
-71.826653
441.661957
183.823608
-120.738464
-55.835175
137.649597
199.824677
-104.741180
-55.824829
153.653336
199.823471
-88.737854
-55.824280
169.656754
199.823944
-72.737900
-55.823792
185.656616
199.822906
-56.737167
-55.823311
201.656525
199.822723
-40.737473
-55.823410
217.656738
199.822601
-24.737106
-55.823090
233.656647
199.822571
-8.737350
-55.823196
249.656799
199.822510
7.262924
-55.823151
265.656799
199.822342
23.262604
-55.823219
281.656891
199.822418
39.263092
-55.822968
297.657043
199.822693
55.262726
-55.823227
313.656982
199.822662
71.262939
-55.822990
329.656708
199.822662
87.262558
-55.823357
345.656738
199.822556
103.262817
-55.823051
361.656555
199.822540
119.262604
-55.823280
377.656860
199.822495
135.262726
-55.823387
393.656860
199.822433
151.261993
-55.822556
409.656494
199.822723
167.263123
-55.822990
425.658661
199.821167
183.269577
-55.826912
441.661560
199.823410
-120.738770
-39.835312
137.649612
215.824615
-104.741150
-39.824745
153.653748
215.823425
-88.738068
-39.823982
169.656799
215.823685
-72.737946
-39.823822
185.657074
215.822876
-56.737503
-39.823357
201.656906
215.822372
-40.737427
-39.823334
217.657242
215.822464
-24.737259
-39.823212
233.656967
215.822205
-8.737366
-39.823196
249.657211
215.822449
7.262741
-39.823036
265.657196
215.822220
23.262665
-39.823219
281.657257
215.822296
39.262695
-39.823219
297.657288
215.822357
55.262756
-39.823341
313.657227
215.822433
71.262802
-39.823158
329.657227
215.822296
87.262589
-39.823235
345.657135
215.822327
103.262726
-39.823196
361.657166
215.822205
119.262665
-39.823250
377.657471
215.822342
135.262482
-39.823433
393.657013
215.822205
151.262146
-39.822701
409.656982
215.822586
167.262863
-39.822990
425.658600
215.821091
183.269775
-39.827019
441.661713
215.823395
-120.738449
-23.835274
137.649780
231.824738
-104.741104
-23.824921
153.653320
231.823364
-88.737793
-23.824379
169.656647
231.824066
-72.737900
-23.823860
185.656708
231.822968
-56.737137
-23.823151
201.656754
231.822678
-40.737350
-23.823242
217.657013
231.822617
-24.737045
-23.823242
233.656754
231.822556
-8.737305
-23.823303
249.656815
231.822601
7.263000
-23.823044
265.656952
231.822601
23.262589
-23.823135
281.656830
231.822540
39.262909
-23.823105
297.656799
231.822601
55.262589
-23.823212
313.656891
231.822647
71.263046
-23.823059
329.656982
231.822632
87.262665
-23.823112
345.656799
231.822540
103.262894
-23.823051
361.656799
231.822510
119.262604
-23.823212
377.656921
231.822479
135.262787
-23.823509
393.656860
231.822464
151.262131
-23.822624
409.656616
231.822769
167.263229
-23.822876
425.658661
231.821320
183.269653
-23.827011
441.661560
231.823395
-120.738724
-7.835037
137.649628
247.824677
-104.741028
-7.824783
153.653519
247.823486
-88.738159
-7.823944
169.656860
247.823883
-72.737823
-7.823746
185.657333
247.822861
-56.737518
-7.823326
201.657028
247.822357
-40.737473
-7.823486
217.657364
247.822479
-24.737167
-7.823227
233.657089
247.822235
-8.737411
-7.823296
249.657135
247.822449
7.262695
-7.823006
265.657074
247.822311
23.262573
-7.823318
281.657166
247.822418
39.262604
-7.823227
297.657043
247.822266
55.262573
-7.823357
313.657257
247.822418
71.262634
-7.823082
329.657013
247.822296
87.262756
-7.823219
345.657288
247.822510
103.262650
-7.823105
361.657135
247.822235
119.262634
-7.823196
377.657440
247.822342
135.262558
-7.823349
393.657104
247.822144
151.262054
-7.822754
409.656952
247.822632
167.262955
-7.823074
425.658630
247.821075
183.269775
-7.827095
441.661865
247.823486
-120.738403
8.165024
137.649612
263.824890
-104.741241
8.175110
153.653152
263.823425
-88.737839
8.175690
169.656509
263.824097
-72.737823
8.176125
185.656799
263.822876
-56.737427
8.176735
201.656555
263.822632
-40.737381
8.176743
217.656860
263.822662
-24.737106
8.176849
233.656952
263.822571
-8.737350
8.176727
249.656815
263.822632
7.262955
8.176910
265.656860
263.822632
23.262589
8.176697
281.656799
263.822601
39.262817
8.176712
297.656677
263.822418
55.262741
8.176704
313.656860
263.822571
71.262894
8.176910
329.656799
263.822571
87.262650
8.176743
345.656921
263.822601
103.262894
8.176949
361.656799
263.822510
119.262665
8.176781
377.656982
263.822510
135.262772
8.176582
393.656799
263.822449
151.262115
8.177353
409.656586
263.822693
167.263214
8.177071
425.658691
263.821289
183.269608
8.172958
441.661560
263.823395
-120.738785
24.165016
137.649460
279.824829
-104.741241
24.175148
153.653061
279.823486
-88.737976
24.176025
169.656876
279.823822
-72.737839
24.176353
185.657349
279.822815
-56.737534
24.176842
201.657013
279.822266
-40.737732
24.176720
217.657196
279.822601
-24.737305
24.176895
233.657318
279.822296
-8.737411
24.176704
249.657196
279.822479
7.262665
24.176804
265.656982
279.822388
23.262512
24.176781
281.657166
279.822510
39.262772
24.176811
297.657135
279.822235
55.262604
24.176582
313.657166
279.822327
71.262695
24.176758
329.657043
279.822266
87.262619
24.176697
345.657196
279.822388
103.262665
24.176933
361.656982
279.822235
119.262573
24.176712
377.657257
279.822357
135.262558
24.176575
393.657104
279.822083
151.262070
24.177299
409.657043
279.822571
167.262955
24.177139
425.658844
279.821075
183.269791
24.173035
441.661804
279.823425
-120.738541
40.165031
137.649460
295.824890
-104.741241
40.175217
153.653091
295.823456
-88.737823
40.175873
169.656662
295.823975
-72.737808
40.176414
185.656845
295.822876
-56.737152
40.176712
201.656677
295.822571
-40.737457
40.176590
217.656647
295.822571
-24.737030
40.177071
233.656693
295.822632
-8.737305
40.176819
249.656937
295.822632
7.262772
40.176865
265.656738
295.822632
23.262619
40.176712
281.656677
295.822510
39.262924
40.176849
297.656799
295.822571
55.262558
40.176659
313.656860
295.822510
71.262939
40.176743
329.656799
295.822388
87.262665
40.176712
345.656769
295.822571
103.262909
40.176865
361.656738
295.822510
119.262665
40.176697
377.656921
295.822479
135.262817
40.176575
393.656860
295.822357
151.262161
40.177460
409.656738
295.822662
167.263306
40.177132
425.658691
295.821350
183.269653
40.173065
441.661560
295.823547
-120.738693
56.164909
137.649338
311.824768
-104.741226
56.175316
153.653366
311.823578
-88.738098
56.176224
169.656845
311.823730
-72.737885
56.176399
185.657303
311.822876
-56.737534
56.177139
201.657211
311.822327
-40.737488
56.176720
217.657211
311.822571
-24.737335
56.176926
233.657211
311.822357
-8.737457
56.176796
249.657166
311.822510
7.262589
56.176964
265.656921
311.822266
23.262512
56.176781
281.657104
311.822418
39.262619
56.176949
297.657013
311.822235
55.262573
56.176697
313.657257
311.822449
71.262695
56.176804
329.657104
311.822144
87.262604
56.176666
345.657227
311.822357
103.262695
56.176826
361.657013
311.822266
119.262680
56.176704
377.657349
311.822327
135.262619
56.176758
393.657166
311.822083
151.262115
56.177277
409.657104
311.822601
167.262909
56.177208
425.658691
311.821014
183.269882
56.172974
441.661804
311.823456
-120.738480
72.164993
137.649536
327.825012
-104.741394
72.175392
153.652924
327.823425
-88.737854
72.175896
169.656662
327.824097
-72.737823
72.176468
185.656799
327.822845
-56.737259
72.177002
201.656723
327.822723
-40.737396
72.176842
217.656937
327.822662
-24.737137
72.176994
233.656784
327.822601
-8.737381
72.176720
249.656860
327.822601
7.262955
72.176842
265.656860
327.822510
23.262619
72.176910
281.656799
327.822601
39.262894
72.176880
297.656799
327.822662
55.262527
72.176704
313.656799
327.822540
71.262909
72.176826
329.656830
327.822388
87.262634
72.176857
345.656738
327.822510
103.262955
72.176788
361.656677
327.822540
119.262634
72.176712
377.656769
327.822449
135.262863
72.176620
393.656921
327.822449
151.262131
72.177383
409.656738
327.822784
167.263153
72.177048
425.658661
327.821289
183.269730
72.172958
441.661560
327.823517
-120.738693
88.165009
137.649323
343.824829
-104.741226
88.175285
153.653183
343.823456
-88.738083
88.176033
169.656815
343.823761
-72.737991
88.176491
185.657166
343.822815
-56.737534
88.176903
201.656906
343.822510
-40.737488
88.176743
217.657150
343.822449
-24.737335
88.177002
233.657181
343.822327
-8.737457
88.177025
249.657242
343.822449
7.262634
88.177094
265.657104
343.822296
23.262558
88.176788
281.657257
343.822510
39.262619
88.176842
297.657043
343.822296
55.262497
88.176559
313.657227
343.822327
71.262680
88.176826
329.657043
343.822205
87.262512
88.176674
345.657104
343.822357
103.262695
88.176865
361.656982
343.822235
119.262604
88.176674
377.657257
343.822327
135.262543
88.176506
393.657074
343.822266
151.262039
88.177246
409.656952
343.822632
167.262833
88.177055
425.658691
343.821045
183.269730
88.172905
441.661957
343.823456
-120.738434
104.164955
137.649353
359.824860
-104.741104
104.175308
153.653076
359.823486
-88.737900
104.175842
169.656540
359.823944
-72.737823
104.176201
185.656662
359.823029
-56.737244
104.176834
201.656509
359.822540
-40.737396
104.176628
217.656754
359.822540
-24.737091
104.176804
233.656754
359.822449
-8.737411
104.176819
249.656830
359.822571
7.262955
104.176834
265.656860
359.822693
23.262512
104.176697
281.656921
359.822693
39.262848
104.176849
297.656799
359.822540
55.262589
104.176682
313.656799
359.822449
71.262878
104.176804
329.656738
359.822479
87.262558
104.176727
345.656616
359.822540
103.262939
104.176918
361.656586
359.822571
119.262665
104.176643
377.656921
359.822632
135.262772
104.176369
393.656799
359.822418
151.262115
104.177246
409.656647
359.822693
167.263123
104.176956
425.658722
359.821289
183.269577
104.172966
441.661682
359.823456
-120.738846
120.164963
137.649399
375.824860
-104.741318
120.175232
153.653137
375.823425
-88.738144
120.175949
169.656845
375.823730
-72.738037
120.176392
185.656937
375.822754
-56.737625
120.177071
201.656860
375.822266
-40.737534
120.176804
217.657150
375.822388
-24.737488
120.177002
233.657013
375.822205
-8.737610
120.176697
249.657227
375.822388
7.262573
120.176956
265.657104
375.822388
23.262360
120.176582
281.657349
375.822388
39.262482
120.176865
297.657043
375.822052
55.262421
120.176697
313.657135
375.822327
71.262573
120.176804
329.656921
375.822235
87.262604
120.176659
345.657043
375.822418
103.262589
120.176743
361.656921
375.822266
119.262451
120.176498
377.657288
375.822418
135.262344
120.176430
393.657043
375.822021
151.261841
120.177216
409.656982
375.822510
167.262695
120.177094
425.658569
375.820984
183.269562
120.172997
441.661804
375.823212
-120.738617
136.164917
137.649490
391.824860
-104.741394
136.175034
153.653290
391.823517
-88.738052
136.175598
169.656876
391.823608
-72.738373
136.175964
185.656754
391.822754
-56.737549
136.176636
201.656784
391.822571
-40.737869
136.176422
217.656952
391.822571
-24.737518
136.176590
233.657013
391.822540
-8.737885
136.176529
249.656952
391.822571
7.262375
136.176544
265.656982
391.822540
23.262085
136.176392
281.657074
391.822510
39.262497
136.176605
297.657013
391.822388
55.262115
136.176422
313.656860
391.822571
71.262497
136.176544
329.656860
391.822662
87.262268
136.176224
345.656921
391.822540
103.262466
136.176300
361.656921
391.822540
119.262100
136.176117
377.657104
391.822357
135.262314
136.175995
393.657104
391.822266
151.261765
136.177200
409.656738
391.822571
167.262955
136.176880
425.658630
391.821014
183.269333
136.172867
441.661469
391.823273
-120.739151
152.165314
137.649353
407.824768
-104.742279
152.175385
153.653748
407.823364
-88.739059
152.176468
169.656616
407.823090
-72.738922
152.176880
185.657135
407.822449
-56.738556
152.177399
201.656738
407.821930
-40.738678
152.177139
217.657013
407.822144
-24.738480
152.177246
233.656799
407.821869
-8.738632
152.177048
249.656982
407.822052
7.261444
152.177200
265.656891
407.821869
23.261429
152.177185
281.657135
407.822052
39.261520
152.177399
297.656921
407.821777
55.261398
152.177032
313.656982
407.822083
71.261429
152.177307
329.656891
407.821930
87.261337
152.177017
345.656921
407.822083
103.261475
152.177200
361.656860
407.821808
119.261276
152.176758
377.657104
407.821899
135.261307
152.176666
393.656982
407.821716
151.261215
152.177704
409.657043
407.822052
167.262085
152.176971
425.657593
407.820862
183.268616
152.173233
441.661224
407.824097
-120.737152
168.165527
137.649673
423.825073
-104.741211
168.173370
153.652878
423.821899
-88.737915
168.173813
169.655258
423.823547
-72.738617
168.174423
185.655029
423.823029
-56.738022
168.174591
201.654831
423.822815
-40.738266
168.174438
217.654953
423.822815
-24.738022
168.174438
233.654984
423.822845
-8.738312
168.174454
249.655045
423.822815
7.262009
168.174591
265.654846
423.822693
23.261703
168.174438
281.654938
423.822815
39.262054
168.174530
297.654816
423.822784
55.261749
168.174347
313.654907
423.822845
71.261993
168.174545
329.654846
423.822784
87.261703
168.174286
345.654907
423.822815
103.261993
168.174438
361.654907
423.822754
119.261749
168.174225
377.655090
423.822632
135.262161
168.174271
393.655090
423.822418
151.261246
168.175537
409.654602
423.822449
167.262741
168.175034
425.656555
423.821594
183.267822
168.173218
441.660492
423.824280
-120.739380
184.166840
137.654587
439.824829
-104.739563
184.168396
153.656998
439.820831
-88.740387
184.165588
169.659668
439.820801
-72.740463
184.165268
185.659409
439.820740
-56.740387
184.165161
201.659210
439.820282
-40.740356
184.164978
217.659637
439.820557
-24.740387
184.165039
233.659378
439.820190
-8.740356
184.164993
249.659576
439.820526
7.259521
184.164978
265.659241
439.820190
23.259644
184.165009
281.659515
439.820496
39.259567
184.164948
297.659302
439.820251
55.259583
184.164902
313.659485
439.820435
71.259506
184.164886
329.659302
439.820221
87.259552
184.164886
345.659546
439.820435
103.259552
184.164948
361.659424
439.820160
119.259720
184.165085
377.659607
439.820343
135.259659
184.165207
393.659668
439.820007
151.259552
184.165863
409.659607
439.820221
167.260406
184.167908
425.659363
439.818848
183.266830
184.167969
441.662659
439.820801
-239.746460
-238.915726
272.036011
273.852905
-207.733109
-238.903397
304.037842
273.859955
-175.735184
-238.903793
336.037537
273.860840
-143.734695
-238.903717
368.037354
273.861328
-111.735413
-238.902283
400.038055
273.861389
-79.735458
-238.903488
432.037842
273.862091
-47.735748
-238.903015
464.038116
273.861908
-15.735870
-238.903061
496.038177
273.861359
16.265030
-238.901276
528.037903
273.859741
48.260773
-238.892334
560.026489
273.861969
-239.739349
-206.902756
272.038910
305.843567
-207.723663
-206.890015
304.037354
305.844330
-175.723785
-206.889862
336.036346
305.844910
-143.723816
-206.890198
368.036285
305.845398
-111.724808
-206.888626
400.037262
305.845947
-79.724731
-206.889084
432.036407
305.846405
-47.724548
-206.888077
464.036346
305.846710
-15.723557
-206.887772
496.036713
305.846100
16.276703
-206.887344
528.036987
305.842773
48.277359
-206.885635
560.037476
305.851318
-239.738373
-174.905121
272.042511
337.843842
-207.720078
-174.893311
304.042053
337.843414
-175.719177
-174.893066
336.041138
337.844147
-143.718307
-174.893433
368.041382
337.844238
-111.718674
-174.891434
400.042694
337.844116
-79.718445
-174.891983
432.041656
337.844208
-47.718201
-174.890839
464.041687
337.843811
-15.717926
-174.890900
496.041901
337.843994
16.281647
-174.889603
528.042542
337.840942
48.279678
-174.887848
560.040039
337.849854
-239.738785
-142.904694
272.043304
369.845642
-207.720978
-142.892609
304.041840
369.845093
-175.719528
-142.892075
336.040802
369.845490
-143.718887
-142.892410
368.041229
369.844482
-111.719162
-142.890808
400.042755
369.844543
-79.718887
-142.891556
432.041779
369.844696
-47.718872
-142.890396
464.041626
369.844360
-15.718277
-142.890274
496.041931
369.844238
16.280914
-142.888916
528.042480
369.840576
48.279709
-142.887863
560.040222
369.849823
-239.739288
-110.903931
272.043365
401.843933
-207.721939
-110.893341
304.042511
401.843292
-175.720856
-110.892838
336.042023
401.843964
-143.720810
-110.893036
368.042206
401.842834
-111.721130
-110.891312
400.043335
401.843567
-79.720779
-110.891678
432.042633
401.843658
-47.720612
-110.890472
464.042328
401.843384
-15.720139
-110.890167
496.042511
401.843109
16.279907
-110.889114
528.043579
401.840149
48.279816
-110.887909
560.040283
401.849609
-239.739929
-78.903625
272.042511
433.843079
-207.722641
-78.893372
304.042603
433.842438
-175.721725
-78.892883
336.042267
433.842773
-143.721542
-78.892899
368.042084
433.842010
-111.722092
-78.891251
400.043091
433.842255
-79.721375
-78.891754
432.042511
433.842255
-47.721191
-78.890594
464.041962
433.841888
-15.720657
-78.890717
496.041992
433.841553
16.279190
-78.889404
528.043579
433.838287
48.279541
-78.887802
560.040649
433.848206
-239.739334
-46.903137
272.042755
465.842865
-207.722137
-46.894348
304.041992
465.841461
-175.721161
-46.893234
336.041626
465.841888
-143.721283
-46.893570
368.041504
465.841034
-111.721497
-46.892319
400.043030
465.841217
-79.720993
-46.892746
432.042023
465.841492
-47.721100
-46.891693
464.042053
465.840607
-15.720474
-46.891541
496.042450
465.840393
16.279694
-46.890076
528.043762
465.837769
48.278931
-46.887955
560.041870
465.847839
-239.738846
-14.902908
272.041992
497.843079
-207.721817
-14.893463
304.041718
497.840302
-175.720947
-14.891754
336.041077
497.841400
-143.720886
-14.892456
368.040802
497.840271
-111.720825
-14.891418
400.041992
497.840698
-79.720871
-14.891663
432.041199
497.840729
-47.720566
-14.890076
464.041687
497.839722
-15.719498
-14.890106
496.041931
497.839630
16.281021
-14.888779
528.043701
497.837433
48.280472
-14.887772
560.041626
497.848053
-239.739349
17.098053
272.040192
529.841064
-207.723267
17.107285
304.041412
529.839233
-175.722412
17.108383
336.041565
529.839600
-143.722427
17.108154
368.041870
529.839111
-111.722504
17.109406
400.042816
529.839355
-79.722687
17.109177
432.041687
529.839661
-47.722321
17.110840
464.042145
529.838806
-15.721466
17.109833
496.042084
529.838745
16.279556
17.110748
528.043274
529.837524
48.280304
17.111877
560.043091
529.847900
-239.730743
49.104034
272.045380
561.845825
-207.724579
49.111298
304.052673
561.844055
-175.723343
49.109970
336.053101
561.845947
-143.723648
49.109970
368.053619
561.845520
-111.723724
49.111038
400.053741
561.845581
-79.723633
49.110901
432.053406
561.845520
-47.723083
49.110413
464.053864
561.844604
-15.722885
49.110352
496.054382
561.843994
16.276291
49.111908
528.055298
561.843689
48.275681
49.116043
560.061279
561.848206
