-59.430557
-60.895233
68.697403
68.942604
-51.415131
-60.864738
76.742722
68.932236
-43.416618
-60.870255
84.744781
68.933746
-35.414314
-60.869911
92.742935
68.935303
-27.415077
-60.870415
100.744835
68.934868
-19.414387
-60.870430
108.742828
68.935562
-11.415104
-60.870529
116.744766
68.934631
-3.414413
-60.870171
124.742607
68.935295
4.585083
-60.870354
132.744797
68.934723
12.585907
-60.870361
140.742783
68.935364
20.585060
-60.870285
148.744705
68.934608
28.585732
-60.870270
156.742767
68.935501
36.584743
-60.870331
164.744415
68.934593
44.585735
-60.870216
172.742920
68.935532
52.584904
-60.870468
180.744598
68.934692
60.585556
-60.870163
188.742615
68.935272
68.584862
-60.870399
196.745056
68.934586
76.585495
-60.870255
204.742676
68.935402
84.584534
-60.870293
212.744965
68.934547
92.585587
-60.870354
220.742813
68.935196
100.584946
-60.870407
228.744980
68.934708
108.585724
-60.870178
236.743149
68.935379
116.584518
-60.870232
244.744659
68.934540
124.585358
-60.869987
252.742584
68.935364
132.584381
-60.870354
260.744690
68.934540
140.585770
-60.870308
268.742462
68.935394
148.585022
-60.870514
276.744812
68.934647
156.585724
-60.870316
284.742767
68.935532
164.584946
-60.870598
292.744629
68.934967
172.585632
-60.870178
300.742828
68.935349
180.584885
-60.869888
308.744385
68.934303
188.585541
-60.869942
316.742706
68.935020
196.584747
-60.869781
324.744690
68.934189
204.585907
-60.869751
332.742218
68.934952
212.585434
-60.869690
340.744995
68.934364
220.585907
-60.869705
348.742340
68.935104
228.584991
-60.870781
356.744812
68.935287
236.585129
-60.869690
364.740326
68.932587
244.580170
-60.878189
372.748749
68.942581
252.583099
-60.894485
380.670319
68.930710
-59.404720
-52.847504
68.711845
77.012169
-51.439758
-52.835640
76.748444
76.993141
-43.443783
-52.847031
84.747620
76.991875
-35.445042
-52.846100
92.744522
76.992134
-27.445107
-52.846069
100.748634
76.991943
-19.444424
-52.845871
108.744324
76.992104
-11.444763
-52.845734
116.749146
76.991890
-3.444592
-52.846146
124.744675
76.991730
4.555481
-52.845474
132.748718
76.991814
12.555531
-52.845795
140.745056
76.991608
20.555294
-52.845436
148.749161
76.991837
28.555408
-52.845787
156.745056
76.991791
36.555286
-52.845680
164.749039
76.991837
44.555344
-52.845764
172.744858
76.992073
52.555046
-52.845779
180.748840
76.992004
60.555382
-52.845894
188.744690
76.992088
68.555191
-52.845581
196.749023
76.992332
76.555542
-52.845879
204.744904
76.992142
84.555214
-52.845764
212.749222
76.992401
92.555588
-52.845840
220.745148
76.992233
100.555359
-52.845795
228.749268
76.992317
108.555405
-52.845886
236.745178
76.992699
116.554779
-52.845520
244.748779
76.992615
124.554962
-52.846024
252.743851
76.992516
132.554855
-52.846161
260.748535
76.992203
140.555649
-52.845924
268.744232
76.991974
148.555725
-52.845528
276.749084
76.991913
156.555649
-52.846092
284.744598
76.991982
164.555664
-52.845352
292.748779
76.992203
172.555847
-52.846130
300.745239
76.992073
180.555191
-52.845634
308.748810
76.991829
188.555664
-52.846207
316.744812
76.992012
196.555389
-52.845909
324.749176
76.992149
204.555542
-52.846069
332.744751
76.991531
212.555649
-52.845764
340.749451
76.991829
220.555084
-52.845238
348.744171
76.991531
228.555115
-52.846069
356.748993
76.992203
236.556503
-52.846939
364.746399
76.993202
244.549698
-52.848679
372.742950
76.993759
252.547729
-52.851471
380.634155
76.913155
-59.408623
-44.854691
68.712891
85.014854
-51.440083
-44.832809
76.756134
84.991508
-43.441341
-44.841064
84.748459
84.996498
-35.442738
-44.840111
92.747734
84.996536
-27.443058
-44.839149
100.749512
84.995880
-19.442272
-44.840286
108.747864
84.996368
-11.443066
-44.838928
116.749840
84.995987
-3.442333
-44.840218
124.748421
84.995911
4.557243
-44.838501
132.750092
84.995407
12.557579
-44.839745
140.748474
84.995941
20.557003
-44.838539
148.749786
84.995628
28.557526
-44.840073
156.748352
84.996262
36.556740
-44.838585
164.749588
84.995483
44.557457
-44.840340
172.747681
84.996475
52.556847
-44.838730
180.749695
84.996414
60.557388
-44.840057
188.747635
84.996536
68.556946
-44.838951
196.750259
84.996063
76.556847
-44.839752
204.748077
84.996140
84.556625
-44.838760
212.749924
84.995636
92.557365
-44.839882
220.748138
84.996284
100.557083
-44.838684
228.749664
84.996284
108.557404
-44.839684
236.748474
84.997139
116.556488
-44.838722
244.749512
84.996643
124.557091
-44.839592
252.747528
84.996857
132.556564
-44.839302
260.749390
84.995949
140.558105
-44.840233
268.747528
84.996239
148.557419
-44.839058
276.750183
84.995590
156.558136
-44.839973
284.748291
84.996185
164.557358
-44.838432
292.749756
84.995407
172.557922
-44.840088
300.748474
84.996193
180.557068
-44.838356
308.749451
84.995674
188.557693
-44.839745
316.748047
84.995941
196.557114
-44.838150
324.749908
84.995468
204.557678
-44.839317
332.748230
84.996132
212.557129
-44.838089
340.750580
84.996086
220.557129
-44.839088
348.747803
84.995682
228.556580
-44.839142
356.750153
84.995888
236.559113
-44.839157
364.751343
84.995590
244.550613
-44.841026
372.746948
85.000671
252.545959
-44.841972
380.636963
84.922478
-59.405743
-36.853859
68.714050
93.012962
-51.438675
-36.829514
76.756546
92.987312
-43.440552
-36.837883
84.751709
92.991585
-35.441746
-36.835464
92.749092
92.991982
-27.442326
-36.835426
100.752838
92.991463
-19.441540
-36.835495
108.749397
92.991447
-11.442101
-36.835518
116.753120
92.991257
-3.441658
-36.835335
124.749809
92.991272
4.557968
-36.835159
132.753052
92.991043
12.558041
-36.835350
140.749695
92.991386
20.557491
-36.835129
148.752930
92.990952
28.558067
-36.835327
156.749283
92.991547
36.557285
-36.835068
164.753021
92.991173
44.557941
-36.835175
172.749039
92.991508
52.557381
-36.835365
180.752777
92.991470
60.558273
-36.835220
188.749481
92.992500
68.557663
-36.834908
196.754044
92.992607
76.557587
-36.835236
204.749695
92.992462
84.557137
-36.834793
212.752716
92.992332
92.557396
-36.833931
220.748413
92.991837
100.557281
-36.834167
228.752914
92.991364
108.558090
-36.834679
236.748993
92.992081
116.557297
-36.834641
244.753113
92.992287
124.557449
-36.834396
252.747406
92.992363
132.556549
-36.835754
260.752502
92.991653
140.558380
-36.835403
268.748260
92.991608
148.558792
-36.835648
276.753601
92.991364
156.558975
-36.835045
284.749908
92.991714
164.557663
-36.834816
292.753143
92.990768
172.558228
-36.834877
300.749786
92.990982
180.557541
-36.834564
308.752930
92.990479
188.558517
-36.834290
316.749725
92.990921
196.557510
-36.834122
324.753387
92.989975
204.558304
-36.834610
332.749725
92.990784
212.557587
-36.834724
340.753479
92.991043
220.558228
-36.834526
348.749695
92.991302
228.557205
-36.835831
356.753021
92.991669
236.560165
-36.835800
364.751923
92.991730
244.551178
-36.837456
372.750854
92.997314
252.544891
-36.840508
380.637573
92.919731
-59.407921
-28.854172
68.713417
101.014114
-51.438976
-28.829330
76.756279
100.989479
-43.440891
-28.837990
84.750114
100.993340
-35.442566
-28.834946
92.749672
100.993958
-27.442848
-28.835258
100.751480
100.992828
-19.442532
-28.834938
108.749542
100.993713
-11.442635
-28.835083
116.751968
100.992508
-3.442432
-28.834930
124.749802
100.993729
4.557186
-28.834663
132.751572
100.992493
12.557274
-28.834869
140.749817
100.993698
20.557049
-28.834648
148.751923
100.992561
28.557278
-28.834946
156.749573
100.993675
36.557102
-28.834824
164.751892
100.992432
44.557018
-28.834717
172.749451
100.993835
52.556660
-28.835060
180.751953
100.993073
60.556580
-28.834816
188.749084
100.993927
68.557404
-28.834946
196.752716
100.994446
76.555435
-28.834183
204.748505
100.995598
84.556190
-28.834511
212.750656
100.994675
92.556015
-28.834824
220.748596
100.995567
100.556198
-28.835182
228.751007
100.994080
108.556290
-28.835541
236.748840
100.994125
116.556602
-28.835426
244.751068
100.994202
124.555817
-28.834808
252.747162
100.995232
132.555450
-28.835808
260.749207
100.992592
140.557831
-28.835411
268.748169
100.993462
148.558228
-28.834999
276.752502
100.992249
156.557953
-28.834930
284.750061
100.993507
164.557327
-28.834297
292.751831
100.992126
172.557785
-28.834526
300.750244
100.993614
180.556976
-28.833916
308.752014
100.991898
188.557617
-28.834618
316.750092
100.993149
196.556946
-28.833748
324.752533
100.991882
204.557007
-28.834343
332.750000
100.992973
212.557098
-28.834267
340.752411
100.991989
220.557251
-28.834038
348.749756
100.993073
228.556747
-28.835564
356.752380
100.993164
236.558807
-28.835304
364.751617
100.993599
244.550110
-28.837807
372.750244
100.999252
252.545242
-28.839973
380.636719
100.921028
-59.405830
-20.853676
68.713692
109.013008
-51.439278
-20.829445
76.755768
108.987434
-43.440552
-20.837662
84.751129
108.991257
-35.441700
-20.835083
92.749023
108.992188
-27.442829
-20.835129
100.752365
108.991341
-19.441441
-20.834824
108.748985
108.991707
-11.442249
-20.834641
116.752876
108.990784
-3.441700
-20.834816
124.749374
108.991241
4.557739
-20.834183
132.752716
108.990608
12.558159
-20.834412
140.749664
108.991180
20.557468
-20.834396
148.752716
108.990776
28.558384
-20.834518
156.749390
108.991325
36.557549
-20.834335
164.752670
108.990692
44.557922
-20.834511
172.748734
108.991661
52.556984
-20.834930
180.752594
108.991966
60.557625
-20.835350
188.749298
108.992874
68.557671
-20.835632
196.753082
108.993919
76.557045
-20.835648
204.747772
108.993866
84.557365
-20.834908
212.752686
108.993507
92.558075
-20.834908
220.746796
108.993721
100.557617
-20.834061
228.753265
108.994568
108.557419
-20.834946
236.748474
108.993690
116.557213
-20.834808
244.752808
108.993187
124.556976
-20.835251
252.745392
108.993851
132.556473
-20.834930
260.752289
108.991539
140.559433
-20.835800
268.747925
108.991325
148.558456
-20.834839
276.753174
108.990814
156.558807
-20.834167
284.749390
108.991280
164.557327
-20.833450
292.753296
108.990143
172.558197
-20.833557
300.749786
108.990921
180.556885
-20.833641
308.753113
108.990211
188.558441
-20.833832
316.749695
108.990723
196.557648
-20.833473
324.753357
108.990646
204.558121
-20.833641
332.749451
108.990913
212.557556
-20.834236
340.753937
108.990585
220.558380
-20.834084
348.749359
108.991501
228.557037
-20.835320
356.753082
108.991478
236.559998
-20.835281
364.751251
108.991867
244.550476
-20.837555
372.750854
108.997482
252.544983
-20.840172
380.637238
108.919647
-59.408020
-12.854195
68.713295
117.014160
-51.439045
-12.829407
76.755920
116.989540
-43.440952
-12.837685
84.750687
116.993080
-35.442738
-12.835320
92.749680
116.994034
-27.442791
-12.835495
100.751587
116.992950
-19.442497
-12.835144
108.749435
116.993317
-11.442020
-12.834877
116.752495
116.992340
-3.442490
-12.834969
124.750168
116.993393
4.557507
-12.834351
132.752258
116.992287
12.557121
-12.834869
140.749985
116.993431
20.557217
-12.834686
148.752319
116.992317
28.557339
-12.835091
156.749786
116.993591
36.557098
-12.834763
164.752213
116.992310
44.556847
-12.834984
172.748901
116.993637
52.556385
-12.835136
180.751495
116.993309
60.556599
-12.835426
188.750000
116.994186
68.557198
-12.835968
196.752258
116.995308
76.556992
-12.835266
204.749817
116.995781
84.555908
-12.835091
212.751923
116.995483
92.556419
-12.835503
220.748962
116.995926
100.556847
-12.836090
228.750824
116.994789
108.557274
-12.836288
236.750015
116.995346
116.556152
-12.835793
244.749725
116.994667
124.557114
-12.835281
252.747940
116.995148
132.556290
-12.836044
260.751312
116.993126
140.558380
-12.835464
268.748962
116.993301
148.558334
-12.834969
276.752533
116.992340
156.557693
-12.834305
284.749725
116.993317
164.556763
-12.833435
292.752350
116.991531
172.556976
-12.833817
300.749908
116.993172
180.556458
-12.833435
308.752350
116.991714
188.557465
-12.834282
316.750366
116.992867
196.556808
-12.834221
324.751770
116.991646
204.557144
-12.834679
332.749664
116.993019
212.557480
-12.834381
340.752380
116.992668
220.557007
-12.834167
348.749329
116.993118
228.556580
-12.835594
356.752258
116.993027
236.558838
-12.835190
364.751160
116.993790
244.549683
-12.838364
372.750366
116.999657
252.545258
-12.839676
380.636627
116.920769
-59.405937
-4.853821
68.713600
125.012894
-51.438774
-4.829361
76.755424
124.987366
-43.440540
-4.837616
84.751411
124.991257
-35.441757
-4.834900
92.748825
124.992088
-27.442566
-4.835510
100.752518
124.991592
-19.441208
-4.835289
108.748886
124.991615
-11.441856
-4.834686
116.753120
124.990799
-3.441437
-4.834702
124.749756
124.991409
4.557575
-4.834007
132.752777
124.990715
12.558342
-4.834686
140.749695
124.991379
20.557549
-4.834213
148.752930
124.990776
28.558453
-4.834641
156.749847
124.991455
36.557663
-4.834526
164.752869
124.991081
44.557434
-4.834595
172.748779
124.991486
52.556763
-4.835114
180.752274
124.992020
60.557472
-4.835411
188.749298
124.992897
68.557251
-4.835754
196.751953
124.993393
76.558350
-4.835815
204.749146
124.994492
84.556244
-4.835304
212.752106
124.994896
92.557693
-4.834671
220.747528
124.994110
100.556976
-4.835892
228.753021
124.993965
108.557617
-4.834595
236.748688
124.994446
116.556526
-4.834930
244.752533
124.992638
124.556763
-4.833771
252.746216
124.992470
132.556564
-4.835587
260.752106
124.991608
140.559540
-4.834831
268.748505
124.991257
148.558136
-4.834702
276.752625
124.990646
156.558380
-4.833649
284.749115
124.990952
164.557037
-4.833122
292.753204
124.989876
172.557922
-4.833450
300.748962
124.990791
180.557144
-4.833420
308.753113
124.990173
188.558472
-4.833946
316.749847
124.991241
196.556961
-4.833771
324.753296
124.990524
204.558243
-4.834106
332.749512
124.991272
212.557678
-4.834122
340.753479
124.990883
220.557983
-4.834000
348.749176
124.991402
228.556610
-4.835007
356.752960
124.991287
236.560150
-4.835434
364.750793
124.992050
244.549927
-4.837914
372.750671
124.997719
252.545380
-4.840019
380.637512
124.919601
-59.408031
3.145706
68.713181
133.014389
-51.438923
3.170586
76.756050
132.989594
-43.440735
3.161713
84.750626
132.993301
-35.442951
3.164398
92.749481
132.994003
-27.442787
3.164108
100.751732
132.992920
-19.441490
3.164307
108.749855
132.993668
-11.442280
3.165321
116.752350
132.992218
-3.442551
3.165352
124.750183
132.993515
4.557014
3.165482
132.752060
132.992020
12.557289
3.165260
140.750000
132.993591
20.556934
3.165695
148.752243
132.992203
28.557396
3.165451
156.750198
132.993073
36.557213
3.165489
164.752121
132.992554
44.556511
3.165207
172.749100
132.993713
52.556435
3.164856
180.751495
132.993347
60.556595
3.164078
188.749939
132.994812
68.556900
3.163818
196.751389
132.994141
76.557388
3.163857
204.750183
132.995560
84.556015
3.163971
212.749939
132.994415
92.556877
3.164452
220.749512
132.995956
100.556206
3.164497
228.750290
132.995270
108.556999
3.163719
236.748688
132.996643
116.556343
3.164139
244.751556
132.995682
124.555557
3.164093
252.747009
132.994965
132.557007
3.164253
260.750702
132.992523
140.558441
3.163719
268.749298
132.993469
148.558075
3.165535
276.752106
132.992294
156.557251
3.165855
284.749573
132.993103
164.556534
3.166283
292.752045
132.991547
172.557404
3.166252
300.750000
132.993011
180.556808
3.166290
308.752167
132.991348
188.557449
3.165756
316.749756
132.992599
196.557175
3.165878
324.751862
132.991760
204.557663
3.165092
332.749817
132.993408
212.557220
3.165939
340.752258
132.992645
220.557220
3.165848
348.750183
132.993256
228.556152
3.164551
356.751862
132.992828
236.559204
3.164635
364.751099
132.994003
244.549484
3.161392
372.749725
132.999542
252.545776
3.160217
380.637024
132.920746
-59.405872
11.146255
68.713707
141.012924
-51.439011
11.170845
76.755791
140.987350
-43.440639
11.162193
84.751472
140.991364
-35.441429
11.164986
92.748596
140.991913
-27.441681
11.164711
100.752876
140.990875
-19.440529
11.165237
108.749901
140.991669
-11.442295
11.165604
116.752838
140.990631
-3.441875
11.165390
124.749252
140.991364
4.557106
11.166130
132.752838
140.990387
12.557915
11.165932
140.749451
140.990921
20.556831
11.165916
148.752441
140.990341
28.558056
11.166046
156.749268
140.990753
36.557304
11.166046
164.752640
140.990845
44.557232
11.165703
172.748871
140.991241
52.556908
11.165276
180.752075
140.991638
60.557762
11.164688
188.749039
140.992508
68.557892
11.164513
196.753052
140.992462
76.557793
11.164482
204.749252
140.994263
84.555954
11.164017
212.752487
140.994156
92.557869
11.165497
220.748352
140.992767
100.557091
11.165176
228.753021
140.993927
108.557930
11.165443
236.747498
140.994415
116.556808
11.164772
244.753326
140.993408
124.558319
11.165268
252.746750
140.992569
132.557220
11.165131
260.752441
140.991577
140.559280
11.165596
268.749023
140.991364
148.558167
11.165451
276.752533
140.990448
156.558319
11.166321
284.748901
140.991180
164.557251
11.166435
292.753143
140.989777
172.558365
11.166603
300.749268
140.990845
180.557373
11.166595
308.753357
140.990265
188.557800
11.166344
316.749115
140.990463
196.557159
11.166306
324.752655
140.990280
204.558289
11.166092
332.749756
140.991028
212.557999
11.166382
340.753052
140.990387
220.557861
11.166245
348.749481
140.990952
228.556305
11.164764
356.752625
140.991272
236.560349
11.164200
364.750702
140.992416
244.550308
11.162277
372.750183
140.997437
252.546341
11.159668
380.637939
140.919754
-59.407887
19.145538
68.713203
149.014252
-51.439034
19.170296
76.755844
148.989624
-43.441158
19.161171
84.750458
148.993195
-35.442440
19.164070
92.749664
148.993881
-27.442059
19.163986
100.752464
148.992584
-19.442097
19.164612
108.749588
148.993820
-11.442734
19.165459
116.752487
148.992615
-3.442684
19.165413
124.749687
148.993317
4.557083
19.165497
132.752472
148.992172
12.556961
19.165367
140.749588
148.993912
20.556725
19.165428
148.752197
148.992554
28.557297
19.165291
156.749725
148.993195
36.557487
19.165688
164.751846
148.992340
44.556755
19.165443
172.749878
148.993591
52.556526
19.164848
180.752014
148.993439
60.556641
19.164169
188.749512
148.994797
68.557709
19.163528
196.752289
148.993774
76.556641
19.163925
204.749054
148.995789
84.556473
19.164360
212.751984
148.994507
92.556061
19.164810
220.749023
148.995392
100.555801
19.164169
228.750702
148.995407
108.556610
19.164551
236.747833
148.995926
116.555511
19.164169
244.750992
148.994415
124.556755
19.165039
252.748749
148.994812
132.556183
19.163483
260.750793
148.992676
140.557800
19.164536
268.748291
148.993271
148.558273
19.165268
276.752106
148.991821
156.557404
19.166176
284.749146
148.993378
164.557236
19.166077
292.753296
148.991592
172.557831
19.166122
300.750214
148.992981
180.557312
19.166504
308.753143
148.991699
188.557281
19.166275
316.750427
148.993027
196.556870
19.166473
324.752625
148.991928
204.557587
19.165604
332.751221
148.993301
212.557526
19.165909
340.752869
148.992432
220.556885
19.165909
348.749817
148.993317
228.556274
19.164307
356.751556
148.992889
236.559326
19.164352
364.750732
148.994064
244.550217
19.162392
372.750336
148.998718
252.546036
19.159935
380.637177
148.920959
-59.405621
27.146126
68.713654
157.013000
-51.438690
27.170433
76.755653
156.987762
-43.440651
27.161377
84.751610
156.991348
-35.440937
27.164383
92.748634
156.991913
-27.441566
27.164253
100.753418
156.991089
-19.441116
27.165009
108.748848
156.991730
-11.442463
27.166039
116.753418
156.990616
-3.441620
27.165741
124.749428
156.991409
4.557316
27.165916
132.752899
156.990692
12.558022
27.165634
140.748749
156.991455
20.557247
27.165459
148.752487
156.990784
28.558380
27.165245
156.749252
156.991638
36.557373
27.165726
164.752960
156.990417
44.558380
27.165596
172.749268
156.991302
52.556828
27.165588
180.752609
156.991577
60.557739
27.164757
188.749252
156.992371
68.557343
27.164970
196.753876
156.992615
76.557816
27.164909
204.747665
156.993912
84.557190
27.163872
212.752045
156.994843
92.557648
27.163521
220.747620
156.994278
100.557404
27.163559
228.750595
156.993591
108.558464
27.164909
236.747711
156.993622
116.557053
27.164619
244.753098
156.993393
124.558296
27.164299
252.747650
156.993118
132.556503
27.164093
260.751923
156.991959
140.559250
27.164795
268.748840
156.991394
148.558548
27.165596
276.753479
156.990204
156.558395
27.166504
284.748047
156.990784
164.557510
27.166641
292.754669
156.989182
172.558289
27.166809
300.749542
156.990051
180.557220
27.167107
308.753693
156.989639
188.558075
27.166466
316.749603
156.990753
196.556961
27.166725
324.753174
156.989944
204.558075
27.166161
332.750580
156.991211
212.557800
27.166069
340.753052
156.991287
220.557556
27.165947
348.748566
156.991669
228.556503
27.164734
356.752411
156.991150
236.560608
27.164276
364.751068
156.991486
244.551208
27.163139
372.751282
156.996979
252.545197
27.159897
380.637451
156.919907
-59.407516
35.145531
68.713364
165.014130
-51.438896
35.170509
76.756081
164.989548
-43.440674
35.160980
84.751495
164.993652
-35.441998
35.164215
92.749535
164.993637
-27.441654
35.164467
100.752533
164.992889
-19.442192
35.165421
108.749985
164.993500
-11.442665
35.165154
116.752350
164.992218
-3.442406
35.165314
124.750168
164.993515
4.557281
35.165085
132.752121
164.992493
12.557209
35.165024
140.749542
164.993683
20.556694
35.165047
148.751846
164.992523
28.557327
35.165329
156.749329
164.993484
36.557148
35.165627
164.752563
164.991653
44.557449
35.165718
172.749847
164.993439
52.556213
35.164787
180.751770
164.993011
60.557121
35.164192
188.750214
164.994934
68.556694
35.162979
196.751846
164.995056
76.556778
35.163536
204.747940
164.996094
84.556564
35.163200
212.751343
164.994949
92.558029
35.164574
220.749969
164.995819
100.557037
35.164589
228.752930
164.994431
108.557190
35.164383
236.748322
164.994934
116.556519
35.163963
244.751801
164.994278
124.557182
35.164215
252.748367
164.994812
132.556641
35.163506
260.751282
164.993134
140.558426
35.164642
268.749207
164.993713
148.558380
35.164673
276.753265
164.992752
156.557617
35.166557
284.748810
164.992981
164.556976
35.166092
292.754028
164.991821
172.556168
35.166557
300.749481
164.992767
180.556000
35.165939
308.752014
164.991302
188.556335
35.165573
316.749207
164.992981
196.556274
35.165535
324.751892
164.991394
204.556702
35.165726
332.748779
164.993256
212.557068
35.165680
340.752014
164.992676
220.556305
35.165741
348.748718
164.993622
228.556274
35.164703
356.751862
164.992859
236.559113
35.164619
364.751343
164.993073
244.550079
35.162788
372.750610
164.998917
252.545166
35.160233
380.636932
164.921341
-59.405643
43.146591
68.713593
173.012665
-51.438847
43.170952
76.755623
172.987137
-43.440399
43.161980
84.752045
172.991241
-35.440712
43.164803
92.748871
172.991806
-27.441833
43.164589
100.752914
172.991516
-19.441357
43.165413
108.749413
172.992126
-11.442417
43.165588
116.753380
172.991058
-3.441856
43.165421
124.749512
172.991440
4.557301
43.165627
132.752945
172.990875
12.557804
43.165443
140.749008
172.991302
20.557407
43.165535
148.752579
172.990601
28.558456
43.165649
156.749435
172.991440
36.557671
43.165688
164.753021
172.991211
44.557484
43.165466
172.749084
172.991104
52.557110
43.164909
180.751907
172.991577
60.558018
43.164673
188.749741
172.992554
68.557175
43.164291
196.752579
172.992279
76.557938
43.165604
204.748291
172.993164
84.555939
43.164658
212.752563
172.992783
92.558556
43.165123
220.748611
172.993958
100.556351
43.163902
228.751801
172.993774
108.558243
43.164726
236.748718
172.994064
116.556107
43.163986
244.751434
172.993195
124.558533
43.165047
252.747879
172.992310
132.557129
43.163811
260.751831
172.991302
140.559265
43.165092
268.749084
172.991241
148.559006
43.164848
276.754272
172.991150
156.558548
43.166672
284.748871
172.990845
164.557465
43.166115
292.753998
172.990829
172.557541
43.165962
300.748657
172.990875
180.557144
43.166069
308.752411
172.990967
188.557266
43.166229
316.748413
172.991989
196.556702
43.165794
324.751892
172.991089
204.557343
43.166550
332.747681
172.990662
212.557327
43.166183
340.752533
172.991089
220.557098
43.166443
348.748413
172.991379
228.556549
43.164925
356.751984
172.990936
236.560303
43.164604
364.750854
172.991241
244.550751
43.163155
372.751373
172.997162
252.545090
43.159775
380.637451
172.920105
-59.407806
51.145554
68.713638
181.014038
-51.438675
51.170624
76.756042
180.989471
-43.440670
51.161476
84.751251
180.992950
-35.441872
51.164452
92.749374
180.993774
-27.442398
51.164474
100.751930
180.992554
-19.442093
51.165039
108.749603
180.993134
-11.442535
51.165497
116.752319
180.992218
-3.442200
51.165375
124.750061
180.993881
4.556801
51.165131
132.751907
180.992905
12.557106
51.164879
140.749557
180.993835
20.556919
51.165146
148.751770
180.992157
28.557648
51.164978
156.749344
180.993317
36.557346
51.164886
164.752441
180.992966
44.556385
51.165192
172.748856
180.993286
52.556667
51.164780
180.751816
180.993134
60.557011
51.164314
188.750458
180.995026
68.556999
51.163727
196.752289
180.994446
76.556503
51.163635
204.748077
180.996033
84.555725
51.163071
212.750763
180.994263
92.556389
51.163834
220.748199
180.995514
100.556946
51.163841
228.750031
180.994995
108.556946
51.164764
236.749252
180.995483
116.557053
51.163383
244.752182
180.994598
124.556488
51.164909
252.748444
180.995056
132.556793
51.163979
260.750610
180.992203
140.558411
51.164612
268.749268
180.993561
148.558121
51.164932
276.753693
180.993088
156.557190
51.165894
284.749329
180.992981
164.556885
51.166191
292.752380
180.991943
172.557526
51.166260
300.750305
180.992584
180.557190
51.165497
308.751404
180.991791
188.557343
51.165634
316.747894
180.993622
196.557693
51.165398
324.753265
180.992706
204.557129
51.164940
332.748779
180.993088
212.557312
51.165131
340.752228
180.992493
220.556229
51.165627
348.749359
180.993011
228.556458
51.164581
356.751587
180.992462
236.559570
51.164734
364.751343
180.992981
244.549957
51.162659
372.750854
180.998962
252.544952
51.160774
380.637085
180.920990
-59.405956
59.145676
68.713577
189.012741
-51.438145
59.170609
76.755707
188.987122
-43.440018
59.161674
84.752151
188.991058
-35.440674
59.164658
92.748734
188.991913
-27.441910
59.164627
100.752701
188.991119
-19.440964
59.165451
108.749779
188.991699
-11.442825
59.165710
116.753555
188.990341
-3.441490
59.165771
124.749649
188.991272
4.557262
59.165749
132.752670
188.990845
12.558182
59.165359
140.749039
188.991745
20.557579
59.165421
148.752380
188.990692
28.558216
59.165230
156.748718
188.991272
36.557045
59.165886
164.752426
188.990860
44.558239
59.166031
172.749908
188.991714
52.556541
59.165260
180.751450
188.991226
60.557865
59.164635
188.749512
188.992523
68.557236
59.164093
196.752563
188.993256
76.557404
59.164589
204.747665
188.993256
84.557617
59.163589
212.753113
188.993744
92.557083
59.164444
220.747360
188.992401
100.557907
59.163834
228.753098
188.993271
108.557274
59.165001
236.748383
188.993820
116.557022
59.164459
244.752716
188.993317
124.557877
59.164444
252.747589
188.993240
132.557419
59.164230
260.752502
188.991577
140.559418
59.164314
268.748627
188.991089
148.558060
59.165344
276.753540
188.991623
156.558395
59.165688
284.749176
188.991791
164.556854
59.165916
292.752502
188.990570
172.558502
59.165512
300.750000
188.991577
180.557098
59.166161
308.752869
188.990189
188.558533
59.166580
316.748749
188.990646
196.557312
59.165962
324.753357
188.989731
204.558609
59.166389
332.749146
188.991486
212.557266
59.165596
340.753448
188.990662
220.557800
59.166168
348.748688
188.991150
228.556610
59.164894
356.752014
188.990540
236.560730
59.164444
364.751038
188.990967
244.551025
59.163399
372.751770
188.997208
252.545059
59.160339
380.637665
188.920151
-59.407410
67.145187
68.713440
197.014771
-51.438759
67.170624
76.755890
196.989624
-43.440014
67.160942
84.751724
196.993378
-35.442062
67.164246
92.749451
196.993851
-27.442028
67.164093
100.752243
196.992126
-19.441696
67.165283
108.749870
196.993683
-11.442825
67.165733
116.752647
196.992004
-3.442291
67.165390
124.750229
196.993469
4.556908
67.165482
132.752075
196.992691
12.557499
67.164886
140.749527
196.993515
20.557064
67.165245
148.751862
196.991943
28.557678
67.165413
156.749725
196.993805
36.556892
67.165733
164.752014
196.992310
44.557022
67.165344
172.749817
196.994049
52.556503
67.164848
180.751862
196.993347
60.556545
67.163887
188.749817
196.994537
68.557068
67.163597
196.750916
196.994308
76.556610
67.163849
204.749527
196.994415
84.557114
67.163635
212.751968
196.994339
92.556892
67.164398
220.749542
196.995834
100.556396
67.164124
228.750671
196.994583
108.556557
67.164116
236.748108
196.995697
116.556038
67.162956
244.752335
196.995117
124.556931
67.163681
252.746292
196.994965
132.557922
67.163773
260.752167
196.993347
140.558334
67.164436
268.750000
196.993713
148.557617
67.165230
276.752136
196.992676
156.557053
67.165634
284.750183
196.993881
164.556671
67.165878
292.751465
196.991959
172.557983
67.165344
300.750061
196.993820
180.556870
67.165787
308.752441
196.992188
188.556946
67.165047
316.749146
196.993500
196.556244
67.165642
324.752502
196.992126
204.557419
67.164871
332.748718
196.992981
212.557510
67.165604
340.752594
196.992401
220.556595
67.165436
348.749268
196.993103
228.556641
67.164520
356.751648
196.992752
236.559830
67.164566
364.751648
196.993332
244.550171
67.162552
372.750793
196.998795
252.545059
67.160629
380.637268
196.921234
-59.405602
75.146248
68.713295
205.012985
-51.438782
75.170219
76.755806
204.987061
-43.439880
75.161812
84.751556
204.991287
-35.441135
75.164398
92.749092
204.991730
-27.442009
75.164772
100.753342
204.990906
-19.441307
75.165565
108.749535
204.991150
-11.442768
75.165779
116.753151
204.990631
-3.441448
75.165794
124.749550
204.991058
4.557293
75.166023
132.752258
204.990387
12.558418
75.166084
140.749832
204.990997
20.557388
75.166191
148.753235
204.990051
28.558491
75.166145
156.749252
204.991135
36.557129
75.165985
164.753113
204.990631
44.557457
75.165466
172.748947
204.990814
52.557037
75.164917
180.752808
204.991180
60.557587
75.164383
188.749008
204.992523
68.557236
75.164574
196.752380
204.992126
76.558044
75.163918
204.749771
204.993088
84.557152
75.164185
212.752411
204.992615
92.558456
75.164459
220.748871
204.994049
100.557053
75.163734
228.752213
204.994019
108.558174
75.164070
236.747391
204.993835
116.557098
75.164352
244.752457
204.993515
124.558777
75.164391
252.748169
204.992188
132.557587
75.163948
260.752502
204.991364
140.559464
75.165024
268.749329
204.991669
148.558182
75.165710
276.752777
204.991058
156.558136
75.166046
284.749268
204.992096
164.557327
75.166130
292.752167
204.990707
172.558899
75.165459
300.750092
204.991486
180.557343
75.166206
308.752991
204.991257
188.557861
75.166275
316.748383
204.991028
196.557404
75.165520
324.753387
204.990723
204.558029
75.165894
332.748993
204.990662
212.557922
75.165100
340.753235
204.990524
220.558380
75.165787
348.749573
204.991211
228.556992
75.164925
356.752136
204.990891
236.561066
75.165123
364.752380
204.991058
244.551025
75.163483
372.752197
204.996979
252.545013
75.160332
380.637939
204.920258
-59.408249
83.145416
68.712982
213.014465
-51.438770
83.170372
76.755898
212.989517
-43.440414
83.161224
84.751060
212.993256
-35.441998
83.164238
92.749580
212.993469
-27.441986
83.164627
100.752213
212.992798
-19.442581
83.165237
108.748947
212.993896
-11.443275
83.165245
116.752068
212.992340
-3.441959
83.164894
124.750046
212.993423
4.557220
83.166054
132.751755
212.991333
12.557983
83.165619
140.750275
212.992355
20.557510
83.165695
148.753128
212.991577
28.557716
83.166016
156.749680
212.993011
36.556831
83.166061
164.752594
212.991852
44.557320
83.165024
172.749939
212.993652
52.556396
83.164948
180.751801
212.992950
60.556732
83.163841
188.749756
212.994629
68.556915
83.164101
196.751175
212.993896
76.557060
83.163124
204.749329
212.995377
84.557098
83.163910
212.750580
212.994080
92.557518
83.164001
220.748398
212.995728
100.556969
83.164146
228.751923
212.995209
108.557167
83.164162
236.749146
212.995255
116.557068
83.163010
244.752655
212.994415
124.557083
83.163712
252.748718
212.994385
132.557510
83.162842
260.750671
212.993103
140.558258
83.164536
268.749451
212.993866
148.557907
83.164467
276.751953
212.992676
156.557098
83.165131
284.749023
212.993896
164.557785
83.165474
292.752686
212.991714
172.557816
83.163963
300.750366
212.993378
180.557373
83.165512
308.752136
212.991562
188.557587
83.165329
316.750244
212.992935
196.557190
83.165604
324.752258
212.992401
204.557465
83.164650
332.749817
212.993607
212.557907
83.165092
340.752655
212.992523
220.557053
83.166031
348.750610
212.993378
228.556259
83.164307
356.751953
212.991852
236.559494
83.165298
364.751373
212.992645
244.550232
83.163254
372.751526
212.998627
252.545212
83.160599
380.637238
212.921478
-59.405933
91.146088
68.713364
221.012909
-51.438286
91.170258
76.755959
220.987518
-43.439854
91.161865
84.751610
220.991058
-35.440624
91.164276
92.749283
220.991669
-27.441849
91.164581
100.752556
220.990753
-19.441128
91.164734
108.749016
220.992050
-11.442589
91.165794
116.753090
220.990631
-3.441113
91.165146
124.750168
220.991028
4.558025
91.166283
132.752838
220.990158
12.558491
91.166321
140.749786
220.990814
20.557625
91.166702
148.753677
220.990021
28.558331
91.166550
156.749451
220.990723
36.557110
91.166634
164.753082
220.990097
44.557892
91.166000
172.749847
220.991425
52.556946
91.164909
180.752502
220.991394
60.557411
91.164124
188.748718
220.992310
68.557465
91.163269
196.751022
220.992645
76.558250
91.162773
204.748749
220.993652
84.558090
91.163322
212.751755
220.992462
92.558571
91.163567
220.748444
220.992462
100.557755
91.163994
228.752045
220.993164
108.558418
91.163567
236.750168
220.994141
116.557724
91.163208
244.751419
220.994339
124.558029
91.164497
252.748108
220.992767
132.557816
91.162827
260.752655
220.991577
140.559067
91.164543
268.748505
220.992142
148.557404
91.165421
276.752563
220.990768
156.558243
91.165665
284.749207
220.991150
164.556946
91.165924
292.752625
220.989960
172.558334
91.165573
300.750092
220.991165
180.557098
91.165901
308.753357
220.989685
188.558472
91.165955
316.749084
220.991089
196.557053
91.165878
324.752106
220.989822
204.558777
91.165802
332.749146
220.991730
212.557617
91.165596
340.753448
220.991089
220.558838
91.166077
348.749512
220.993088
228.555908
91.164688
356.751923
220.991257
236.560776
91.164604
364.750610
220.990677
244.551239
91.163567
372.751770
220.997284
252.544937
91.160179
380.637604
220.919800
-59.408051
99.145264
68.713333
229.014221
-51.438614
99.170311
76.755974
228.989868
-43.439587
99.161560
84.751205
228.992798
-35.441368
99.164505
92.749916
228.993484
-27.442307
99.165337
100.752686
228.991928
-19.442207
99.165733
108.750031
228.992874
-11.442619
99.165993
116.753059
228.991821
-3.442337
99.165253
124.750740
228.993225
4.557503
99.165535
132.752197
228.992203
12.557304
99.165359
140.749695
228.993271
20.557198
99.166077
148.752548
228.991791
28.557339
99.166000
156.750000
228.993225
36.556793
99.166397
164.752380
228.991867
44.556740
99.165558
172.749542
228.993271
52.556786
99.165024
180.751984
228.992844
60.556923
99.164391
188.749451
228.994263
68.557579
99.163940
196.751709
228.992981
76.558098
99.163483
204.750031
228.994141
84.558350
99.164513
212.753326
228.992920
92.557983
99.163559
220.750000
228.994675
100.557503
99.163818
228.751678
228.994232
108.557709
99.163483
236.749466
228.995789
116.557648
99.163322
244.751465
228.994385
124.557617
99.162445
252.748413
228.995514
132.557892
99.163727
260.752075
228.993744
140.558258
99.163254
268.749176
228.994614
148.557266
99.164383
276.751404
228.993195
156.557098
99.165367
284.749359
228.994598
164.556473
99.164810
292.751892
228.992691
172.557388
99.163727
300.749573
228.994690
180.556992
99.164948
308.751343
228.993317
188.557465
99.163071
316.749054
228.994843
196.557373
99.164894
324.752655
228.993011
204.557648
99.164673
332.750244
228.994293
212.556839
99.164185
340.753601
228.993561
220.557755
99.165306
348.749512
228.994476
228.556259
99.163063
356.750977
228.993896
236.559845
99.164261
364.751282
228.993103
244.550659
99.162209
372.750916
228.999084
252.545013
99.160789
380.637360
228.920868
-59.405800
107.146027
68.713417
237.012878
-51.437851
107.170174
76.755936
236.987289
-43.439789
107.161964
84.751755
236.990601
-35.440804
107.165344
92.749245
236.991211
-27.442123
107.165710
100.753479
236.990494
-19.441597
107.166077
108.749451
236.991455
-11.442802
107.166336
116.753227
236.990799
-3.441841
107.165604
124.749367
236.991577
4.557438
107.165977
132.752731
236.990799
12.558399
107.165955
140.749329
236.991394
20.557331
107.166512
148.753189
236.990295
28.558395
107.166290
156.749741
236.991028
36.557030
107.166740
164.753128
236.990234
44.557659
107.166046
172.749084
236.990967
52.557106
107.166428
180.753082
236.990372
60.558067
107.165146
188.749161
236.991379
68.558258
107.164780
196.753708
236.991074
76.558899
107.163567
204.749420
236.992432
84.557785
107.164398
212.752716
236.991882
92.558105
107.163780
220.749268
236.992706
100.557892
107.164009
228.752365
236.992004
108.559021
107.163475
236.748901
236.993408
116.558113
107.164146
244.752457
236.992493
124.559807
107.163780
252.748703
236.992493
132.557632
107.163330
260.752747
236.991089
140.559158
107.164688
268.749420
236.992081
148.557465
107.165359
276.752747
236.991638
156.557831
107.165527
284.747620
236.991516
164.557449
107.165459
292.753510
236.990524
172.558273
107.165077
300.749146
236.992081
180.556915
107.165962
308.752075
236.990143
188.559479
107.166107
316.749390
236.990173
196.558228
107.165947
324.754089
236.991089
204.558441
107.166344
332.748688
236.991531
212.557587
107.164558
340.754791
236.992798
220.558701
107.165230
348.748932
236.993988
228.556854
107.163033
356.750610
236.991791
236.561386
107.163818
364.750916
236.991486
244.551712
107.163185
372.752106
236.997513
252.545319
107.160019
380.638000
236.919983
-59.407711
115.145149
68.713425
245.014404
-51.437786
115.170555
76.755974
244.989365
-43.439548
115.161789
84.751602
244.993256
-35.442142
115.164970
92.749954
244.993530
-27.442741
115.165833
100.752251
244.992157
-19.442547
115.165749
108.750244
244.993271
-11.443138
115.166451
116.752304
244.991852
-3.442562
115.165741
124.750214
244.993042
4.557072
115.165970
132.752274
244.991852
12.557545
115.165703
140.749847
244.993103
20.557083
115.166092
148.752747
244.991653
28.557701
115.166016
156.750122
244.992859
36.556705
115.166344
164.752411
244.991852
44.556690
115.166306
172.749451
244.993286
52.556690
115.165306
180.752411
244.992218
60.557343
115.165283
188.749542
244.993530
68.557442
115.164787
196.752533
244.992798
76.557724
115.164749
204.749847
244.994019
84.557114
115.164520
212.751663
244.992661
92.557495
115.164101
220.748688
244.994110
100.557220
115.164314
228.752121
244.992950
108.557617
115.164085
236.749817
244.994415
116.557671
115.164055
244.752426
244.993073
124.558243
115.163864
252.749237
244.993744
132.558044
115.164368
260.752136
244.993423
140.556976
115.165016
268.749237
244.993408
148.556610
115.164894
276.751160
244.992096
156.557220
115.166229
284.749451
244.992950
164.556778
115.166161
292.751770
244.991638
172.557938
115.165009
300.749817
244.993805
180.557373
115.166130
308.751770
244.992401
188.558029
115.164726
316.751770
244.994171
196.557129
115.164482
324.752197
244.993896
204.557327
115.165398
332.750641
244.994614
212.556763
115.164116
340.752686
244.994141
220.557220
115.164436
348.747528
244.995636
228.556656
115.163177
356.750244
244.993362
236.560455
115.163902
364.751556
244.993423
244.550507
115.162994
372.751190
244.999191
252.545212
115.160530
380.637299
244.921082
-59.405659
123.146675
68.713196
253.012115
-51.438282
123.170784
76.755661
252.986221
-43.439365
123.162781
84.751968
252.989990
-35.440842
123.166122
92.749542
252.990875
-27.442459
123.166763
100.753342
252.990051
-19.442333
123.166458
108.749542
252.990326
-11.442741
123.166870
116.753181
252.989853
-3.441860
123.166809
124.749741
252.990814
4.557205
123.166519
132.753479
252.990295
12.558273
123.166069
140.749573
252.990845
20.557568
123.166412
148.753479
252.990265
28.558575
123.166145
156.749908
252.991028
36.556999
123.166733
164.752731
252.990234
44.557648
123.166458
172.749283
252.990875
52.557167
123.166077
180.753601
252.990631
60.558266
123.165764
188.749283
252.991165
68.557487
123.165283
196.752960
252.990814
76.558624
123.165062
204.749603
252.991577
84.557602
123.165382
212.752808
252.990677
92.558426
123.164642
220.749512
252.991455
100.557327
123.165123
228.752960
252.991135
108.558640
123.164268
236.749268
252.992035
116.557968
123.164772
244.753021
252.992020
124.558647
123.165108
252.749420
252.991455
132.557663
123.164772
260.752441
252.990417
140.558502
123.165703
268.749207
252.991852
148.557068
123.166206
276.753296
252.990875
156.558090
123.166046
284.748657
252.991241
164.557358
123.166718
292.752716
252.989960
172.558472
123.165817
300.749481
252.991058
180.556549
123.166306
308.752502
252.989883
188.558441
123.165588
316.748993
252.990784
196.557709
123.165771
324.753296
252.990753
204.558624
123.164879
332.750488
252.992020
212.557037
123.164169
340.753784
252.993286
220.558304
123.165741
348.748413
252.993164
228.557053
123.162743
356.751312
252.991425
236.561417
123.164513
364.751038
252.990997
244.551453
123.163849
372.751678
252.996918
252.545105
123.160225
380.637939
252.919434
-59.407681
131.145111
68.713150
261.014374
-51.437820
131.170410
76.756195
260.989685
-43.439590
131.161987
84.751930
260.992432
-35.442001
131.164871
92.750412
260.992920
-27.443195
131.165558
100.751869
260.991943
-19.442707
131.165405
108.750046
260.993317
-11.443298
131.166229
116.751724
260.991638
-3.442772
131.165924
124.749504
260.993103
4.556713
131.166306
132.751862
260.992035
12.557255
131.166016
140.749924
260.993164
20.556923
131.166428
148.752747
260.991913
28.557083
131.166321
156.750366
260.992950
36.556713
131.166443
164.752808
260.991760
44.556713
131.166489
172.749130
260.992554
52.557011
131.166168
180.752792
260.991852
60.557289
131.165451
188.750000
260.993256
68.556885
131.165634
196.752670
260.992004
76.557617
131.165924
204.749908
260.992859
84.556992
131.165771
212.752838
260.991577
92.557732
131.165588
220.750000
260.993286
100.557198
131.165009
228.752655
260.992737
108.558014
131.165100
236.749634
260.993774
116.557335
131.164948
244.752335
260.992523
124.557274
131.164795
252.750916
260.993713
132.557159
131.165359
260.752258
260.992249
140.557327
131.165344
268.748291
260.992981
148.557220
131.165710
276.753387
260.992188
156.556992
131.165176
284.749969
260.993744
164.556519
131.165298
292.752472
260.991730
172.557434
131.165314
300.749329
260.994141
180.556458
131.165985
308.751587
260.992432
188.557281
131.164963
316.750671
260.993622
196.557373
131.165115
324.752014
260.992828
204.556763
131.165405
332.750610
260.994385
212.557465
131.164642
340.752594
260.993805
220.557617
131.165497
348.748871
260.995331
228.556900
131.164429
356.752136
260.993835
236.559937
131.163879
364.751373
260.993469
244.550369
131.162949
372.751007
260.998779
252.545197
131.160309
380.637299
260.920837
-59.405334
139.146072
68.713165
269.011627
-51.437248
139.170441
76.756874
268.986023
-43.438740
139.162628
84.752861
268.990051
-35.441227
139.164856
92.750107
268.990967
-27.442360
139.165512
100.752197
268.990234
-19.441051
139.165009
108.749901
268.991089
-11.442284
139.165161
116.753021
268.990631
-3.441269
139.165527
124.749489
268.990784
4.557278
139.165649
132.752655
268.990173
12.558201
139.165543
140.749390
268.990417
20.557438
139.166046
148.753021
268.990143
28.557487
139.165955
156.749359
268.990936
36.556522
139.165909
164.752716
268.990509
44.557968
139.165741
172.748840
268.991058
52.557098
139.166199
180.752243
268.990265
60.558212
139.165741
188.748978
268.990631
68.556931
139.165375
196.752213
268.990448
76.557999
139.165436
204.748993
268.991302
84.556839
139.165665
212.752319
268.990662
92.557869
139.165649
220.749023
268.990967
100.557037
139.166183
228.752533
268.990448
108.558167
139.165939
236.749191
268.990723
116.557892
139.166504
244.753235
268.990906
124.558151
139.166306
252.750061
268.991699
132.557068
139.165649
260.752991
268.991241
140.558487
139.165604
268.749451
268.991150
148.557190
139.165253
276.753235
268.990723
156.557739
139.165390
284.748901
268.992004
164.557190
139.165192
292.753387
268.991211
172.558609
139.164825
300.748108
268.991913
180.557892
139.166443
308.752716
268.990875
188.559021
139.165405
316.750427
268.991791
196.557190
139.166046
324.752808
268.990540
204.557938
139.165070
332.749481
268.992188
212.556976
139.165085
340.753601
268.991821
220.558044
139.165100
348.748199
268.992126
228.557251
139.163513
356.751587
268.991486
236.561096
139.164246
364.751373
268.991638
244.551086
139.163544
372.751953
268.997101
252.545074
139.159927
380.637878
268.919983
-59.407814
147.145081
68.713219
277.013733
-51.437614
147.170868
76.757164
276.989349
-43.439915
147.161423
84.751595
276.992493
-35.441837
147.164429
92.749786
276.993774
-27.442680
147.164658
100.751602
276.992065
-19.442047
147.164703
108.749992
276.993225
-11.442089
147.164795
116.753212
276.991760
-3.442097
147.164642
124.750359
276.992981
4.557735
147.164886
132.752975
276.991699
12.557056
147.164871
140.750244
276.992004
20.557480
147.164856
148.752319
276.992157
28.557068
147.164581
156.749695
276.994080
36.556702
147.164368
164.751968
276.992584
44.557972
147.164703
172.749939
276.993652
52.557434
147.164368
180.752625
276.992218
60.558128
147.164368
188.749725
276.993622
68.556885
147.164810
196.751740
276.992004
76.557480
147.165161
204.749725
276.993134
84.557632
147.164612
212.752991
276.992126
92.557426
147.165344
220.749298
276.993164
100.556870
147.165344
228.752808
276.991699
108.557152
147.165955
236.749878
276.992676
116.556580
147.165649
244.751785
276.991638
124.557503
147.165115
252.750031
276.993164
132.557007
147.165466
260.751953
276.991882
140.557663
147.165283
268.748993
276.993286
148.556686
147.165375
276.752716
276.992310
156.556915
147.165222
284.749268
276.993591
164.556839
147.164551
292.752594
276.992584
172.557648
147.165405
300.749146
276.993134
180.557404
147.166656
308.752258
276.991333
188.557098
147.166458
316.750000
276.992950
196.556000
147.166565
324.751678
276.991699
204.556702
147.165573
332.748260
276.993134
212.557068
147.165619
340.752441
276.993195
220.557098
147.165405
348.748840
276.993774
228.556641
147.164230
356.752075
276.993286
236.559555
147.164322
364.751709
276.993439
244.549988
147.163467
372.750610
276.998688
252.545013
147.160339
380.637238
276.920807
-59.405041
155.145935
68.713211
285.011902
-51.437386
155.170135
76.756813
284.987305
-43.439789
155.162262
84.751854
284.991180
-35.441238
155.163925
92.749321
284.991791
-27.442043
155.164917
100.752678
284.990479
-19.441185
155.164719
108.749664
284.990845
-11.442593
155.165344
116.753304
284.990326
-3.441795
155.164978
124.749374
284.990936
4.557884
155.165070
132.752594
284.990662
12.558578
155.164795
140.749512
284.991821
20.557465
155.165161
148.751999
284.990540
28.558956
155.164658
156.748657
284.991486
36.557999
155.165405
164.753632
284.990540
44.559120
155.164734
172.749664
284.991364
52.558136
155.165863
180.753235
284.990417
60.559002
155.165588
188.749908
284.990936
68.558014
155.165619
196.753235
284.989899
76.558578
155.165588
204.749802
284.990234
84.557938
155.165375
212.753448
284.989990
92.558609
155.164963
220.750275
284.990753
100.558136
155.165115
228.752991
284.990509
108.558456
155.164856
236.749695
284.991394
116.557480
155.165421
244.752747
284.990356
124.558815
155.165436
252.749725
284.991089
132.557312
155.166473
260.753174
284.990479
140.558060
155.165680
268.749298
284.991058
148.556732
155.165894
276.752777
284.990356
156.558304
155.165726
284.748840
284.991577
164.557129
155.165375
292.753357
284.991608
172.559204
155.165695
300.749542
284.991974
180.556885
155.166687
308.752686
284.990662
188.558441
155.165482
316.749237
284.992432
196.556091
155.166321
324.751740
284.990967
204.558289
155.165970
332.748932
284.991241
212.557220
155.165894
340.752869
284.990112
220.558151
155.166687
348.748535
284.990479
228.556870
155.165100
356.752380
284.990784
236.560364
155.165237
364.751099
284.990997
244.550552
155.164032
372.751923
284.996552
252.544907
155.159943
380.637726
284.919525
-59.407608
163.145584
68.713211
293.013428
-51.437981
163.170593
76.756271
292.988770
-43.440109
163.162491
84.751328
292.992401
-35.441807
163.164856
92.749893
292.992859
-27.441994
163.164963
100.752960
292.992401
-19.441994
163.164215
108.750160
292.994080
-11.442764
163.163788
116.752220
292.993164
-3.442333
163.163605
124.749802
292.994171
4.557751
163.163712
132.751801
292.993042
12.558121
163.163330
140.749588
292.994385
20.557358
163.164246
148.751831
292.992371
28.558083
163.164032
156.749420
292.993073
36.557903
163.164291
164.752625
292.992340
44.558182
163.163696
172.749512
292.993378
52.557796
163.164154
180.751617
292.991882
60.557854
163.164062
188.749298
292.993347
68.557510
163.164612
196.752472
292.992188
76.557861
163.164032
204.749298
292.993378
84.557693
163.164352
212.751648
292.992859
92.557564
163.164154
220.749603
292.993500
100.557465
163.164001
228.752045
292.992371
108.558182
163.164062
236.749359
292.993439
116.557922
163.164413
244.752930
292.991943
124.557884
163.164719
252.749557
292.993164
132.557205
163.165649
260.751862
292.991760
140.557938
163.165344
268.750305
292.993500
148.556732
163.165466
276.753052
292.992401
156.557373
163.165619
284.749756
292.993652
164.557098
163.164764
292.752472
292.992676
172.557587
163.164810
300.750183
292.993713
180.556915
163.165619
308.751709
292.992828
188.556122
163.166016
316.748840
292.992981
196.557007
163.165878
324.752258
292.991394
204.557404
163.166214
332.749756
292.992950
212.557129
163.165985
340.753235
292.991882
220.556885
163.165863
348.749084
292.992859
228.556381
163.164810
356.751984
292.992218
236.559204
163.165466
364.751465
292.992950
244.549698
163.163574
372.751221
292.998749
252.545013
163.160477
380.637268
292.921051
-59.405109
171.146271
68.713554
301.012299
-51.437740
171.170380
76.756683
300.987183
-43.439697
171.162231
84.751823
300.990906
-35.440895
171.164459
92.749557
300.991272
-27.442196
171.164948
100.752464
300.990387
-19.441422
171.165253
108.749687
300.990845
-11.442348
171.165344
116.753288
300.990173
-3.440445
171.164948
124.749649
300.991058
4.558014
171.164703
132.753174
300.989990
12.559383
171.164902
140.749969
300.991028
20.558010
171.165497
148.753998
300.990295
28.558708
171.165436
156.749908
300.990234
36.558022
171.165466
164.753448
300.990356
44.558823
171.165176
172.750244
300.991272
52.557690
171.165100
180.753540
300.990631
60.558350
171.164612
188.749329
300.991150
68.557518
171.164551
196.753479
300.990479
76.558418
171.164551
204.749115
300.991394
84.557724
171.164764
212.752960
300.990601
92.558807
171.164185
220.749863
300.991760
100.557472
171.164490
228.752472
300.991180
108.558762
171.164017
236.749557
300.991333
116.558121
171.163986
244.752686
300.991241
124.559113
171.164856
252.749283
300.991547
132.557800
171.165604
260.752655
300.989929
140.558624
171.165543
268.749786
300.991150
148.556961
171.165741
276.753113
300.990601
156.558334
171.165955
284.749481
300.991455
164.557648
171.166000
292.753754
300.991119
172.557907
171.166061
300.749847
300.991333
180.557037
171.166275
308.752563
300.990662
188.557632
171.166061
316.749023
300.991699
196.556671
171.166351
324.753326
300.990295
204.558609
171.165985
332.749756
300.990997
212.557419
171.165955
340.753662
300.990540
220.558258
171.166229
348.748535
300.990814
228.556870
171.165009
356.752655
300.990692
236.560287
171.165543
364.751312
300.990723
244.550644
171.163940
372.751831
300.997101
252.544907
171.159973
380.637787
300.919891
-59.407383
179.145706
68.713127
309.013123
-51.437767
179.170624
76.757042
308.989136
-43.439697
179.162476
84.752380
308.992706
-35.441868
179.164505
92.750565
308.993591
-27.442131
179.164490
100.753059
308.991943
-19.441814
179.163986
108.749748
308.993988
-11.442566
179.164276
116.752014
308.992584
-3.441769
179.163513
124.750214
308.994446
4.557655
179.164200
132.752228
308.992920
12.557980
179.163742
140.750076
308.993652
20.557644
179.164276
148.752319
308.992706
28.558102
179.164078
156.750000
308.993713
36.557167
179.164307
164.751740
308.992188
44.557495
179.164215
172.749512
308.993469
52.557175
179.164612
180.752304
308.992462
60.557789
179.164001
188.749847
308.993927
68.557457
179.164108
196.752075
308.992554
76.557930
179.163910
204.749863
308.993713
84.557526
179.164154
212.751862
308.992798
92.557770
179.163788
220.749939
308.993805
100.557831
179.164200
228.751953
308.992676
108.558212
179.164001
236.750137
308.994110
116.557785
179.164154
244.752777
308.992676
124.557632
179.164154
252.750061
308.993317
132.557953
179.165070
260.752808
308.991882
140.557281
179.164932
268.749573
308.993469
148.556808
179.165771
276.752747
308.992188
156.557037
179.166107
284.749695
308.993408
164.556503
179.166199
292.752991
308.992157
172.555618
179.166473
300.750549
308.992584
180.555939
179.165909
308.751038
308.991272
188.556778
179.166809
316.748932
308.992737
196.557526
179.166443
324.752716
308.992157
204.557648
179.165909
332.750000
308.993195
212.557281
179.165512
340.752930
308.992371
220.557083
179.166534
348.749329
308.992737
228.556717
179.164886
356.752289
308.992493
236.559204
179.165588
364.751648
308.992706
244.549744
179.163422
372.750916
308.998932
252.544815
179.160736
380.637268
308.920990
-59.405647
187.146545
68.712830
317.011597
-51.438061
187.170654
76.756325
316.986511
-43.440006
187.163193
84.752373
316.990417
-35.441124
187.165237
92.749741
316.991455
-27.442039
187.165497
100.753685
316.990784
-19.441490
187.164886
108.749832
316.991272
-11.442120
187.165268
116.753372
316.990265
-3.440998
187.165283
124.749557
316.990784
4.557869
187.164673
132.753632
316.990295
12.558483
187.164673
140.749878
316.991608
20.557827
187.164612
148.753143
316.990967
28.558422
187.164352
156.749695
316.991425
36.557873
187.164764
164.752991
316.990936
44.558220
187.164536
172.748886
316.991455
52.557636
187.164322
180.752563
316.990997
60.558807
187.163696
188.749359
316.991638
68.557938
187.164032
196.752838
316.991211
76.558815
187.164246
204.749634
316.991669
84.557739
187.164398
212.752335
316.990906
92.558960
187.164520
220.749481
316.991394
100.557999
187.164856
228.752747
316.990509
108.558823
187.164200
236.749252
316.991699
116.557838
187.164856
244.753571
316.991333
124.558578
187.163986
252.749298
316.991455
132.557999
187.165009
260.752716
316.990784
140.558685
187.164917
268.749237
316.991516
148.557343
187.165619
276.753174
316.990601
156.558090
187.166061
284.749329
316.991516
164.557205
187.166473
292.753906
316.992371
172.556198
187.166046
300.748352
316.992371
180.555191
187.165619
308.750916
316.990234
188.558319
187.166489
316.747498
316.990173
196.557556
187.166473
324.753204
316.989929
204.558533
187.166138
332.749237
316.990906
212.557220
187.166321
340.753815
316.990479
220.558136
187.166763
348.749451
316.990845
228.556976
187.164993
356.752716
316.990692
236.559967
187.165405
364.750702
316.990448
244.550583
187.163834
372.752136
316.996704
252.544830
187.160141
380.637512
316.919861
-59.407494
195.145416
68.712997
325.013672
-51.437759
195.170502
76.756546
324.989563
-43.439945
195.161743
84.751892
324.993042
-35.442307
195.164276
92.749695
324.993469
-27.442547
195.164429
100.752182
324.992218
-19.442200
195.164520
108.750107
324.993622
-11.442673
195.165314
116.752060
324.992615
-3.442547
195.164719
124.749855
324.993744
4.557354
195.165253
132.752121
324.992523
12.557648
195.164795
140.749863
324.993774
20.557407
195.165161
148.752075
324.992554
28.557785
195.164551
156.750015
324.994049
36.557652
195.164474
164.752228
324.992737
44.558239
195.164352
172.750092
324.993835
52.557922
195.164688
180.752716
324.992188
60.558460
195.164368
188.750641
324.993469
68.557663
195.164612
196.752777
324.992004
76.558121
195.164398
204.750092
324.993591
84.557892
195.164429
212.752563
324.992737
92.558258
195.164276
220.750061
324.994019
100.557327
195.164474
228.752289
324.992523
108.557602
195.164413
236.750092
324.993347
116.557617
195.164444
244.752121
324.992645
124.557808
195.164749
252.749786
324.993805
132.557053
195.164001
260.752167
324.992493
140.557800
195.164185
268.749420
324.993774
148.557144
195.164612
276.752167
324.992554
156.557648
195.165268
284.750031
324.993744
164.556595
195.165222
292.751831
324.994812
172.555771
195.165070
300.748535
324.995972
180.556778
195.164612
308.750458
324.992767
188.558075
195.165039
316.748779
324.993103
196.557281
195.165878
324.752441
324.991638
204.557343
195.165726
332.750061
324.993042
212.556580
195.165909
340.752594
324.991882
220.556946
195.166107
348.749573
324.992859
228.556335
195.164825
356.752136
324.992859
236.558960
195.165070
364.751373
324.992706
244.549835
195.163254
372.751587
324.998779
252.544403
195.160553
380.636963
324.920776
-59.405216
203.146317
68.713692
333.011688
-51.437527
203.170792
76.756897
332.986176
-43.439419
203.162842
84.752731
332.990173
-35.440735
203.165131
92.749939
332.991119
-27.441963
203.164795
100.753517
332.990723
-19.441509
203.164688
108.749138
332.991211
-11.442551
203.164978
116.752975
332.990540
-3.441441
203.164948
124.749359
332.990967
4.557652
203.164825
132.752991
332.990662
12.558548
203.164459
140.749359
332.991028
20.557774
203.164749
148.752472
332.990387
28.558548
203.164795
156.749069
332.991028
36.557667
203.165131
164.753052
332.990295
44.558990
203.164841
172.749908
332.990784
52.557976
203.165161
180.752899
332.990387
60.558624
203.164917
188.749527
332.991241
68.557663
203.165100
196.752930
332.991028
76.558395
203.164719
204.749191
332.991577
84.557770
203.164917
212.752808
332.990723
92.559029
203.164886
220.749069
332.991516
100.557968
203.165466
228.752960
332.990601
108.558548
203.164856
236.749786
332.991516
116.557671
203.164673
244.752563
332.991180
124.558403
203.164551
252.749191
332.991974
132.557800
203.164322
260.753082
332.991302
140.558411
203.164246
268.748932
332.991882
148.557755
203.164490
276.753113
332.991455
156.558380
203.164459
284.749451
332.992126
164.557220
203.163574
292.751465
332.992798
172.558563
203.164520
300.748352
332.993683
180.558548
203.164520
308.752960
332.991943
188.559235
203.164459
316.749390
332.991302
196.557526
203.165512
324.753052
332.990265
204.558304
203.165985
332.749390
332.990662
212.557007
203.165894
340.753143
332.990265
220.558014
203.166046
348.748718
332.990723
228.557175
203.164841
356.752502
332.991028
236.559998
203.165405
364.751221
332.990570
244.550919
203.163162
372.752228
332.997314
252.544785
203.160583
380.637756
332.919739
-59.407310
211.145355
68.713158
341.013428
-51.437782
211.170532
76.756950
340.989227
-43.439949
211.162323
84.751404
340.992981
-35.441860
211.164459
92.750298
340.993805
-27.442528
211.164581
100.751961
340.992432
-19.442078
211.164566
108.750221
340.993378
-11.442333
211.164581
116.752525
340.992188
-3.442001
211.164612
124.750221
340.993317
4.557610
211.164764
132.752762
340.992188
12.558025
211.164429
140.750519
340.993256
20.557766
211.164871
148.752594
340.992065
28.557827
211.164673
156.750183
340.993011
36.557732
211.164581
164.752884
340.992462
44.557426
211.164597
172.750122
340.993805
52.557533
211.164154
180.753052
340.992920
60.557690
211.164093
188.749329
340.994019
68.557022
211.164886
196.751953
340.992249
76.557709
211.164673
204.750031
340.993896
84.557373
211.165009
212.752808
340.992493
92.557785
211.164856
220.749908
340.993469
100.557495
211.164917
228.752319
340.992065
108.557961
211.164673
236.749969
340.993896
116.557205
211.164948
244.752228
340.992493
124.557678
211.164398
252.749527
340.993713
132.557312
211.163910
260.752930
340.992828
140.557343
211.163696
268.749359
340.993988
148.557434
211.163727
276.752136
340.993317
156.557373
211.163696
284.750122
340.994843
164.557022
211.164215
292.751617
340.993500
172.558060
211.164597
300.750000
340.994263
180.558167
211.164627
308.752991
340.993103
188.557816
211.164185
316.749756
340.994324
196.557220
211.164581
324.751984
340.992676
204.557495
211.164795
332.749268
340.993439
212.557190
211.165268
340.752258
340.992279
220.557495
211.165222
348.749603
340.993195
228.556564
211.164825
356.751648
340.992523
236.558990
211.165466
364.752228
340.992920
244.549835
211.163239
372.751038
340.999359
252.544815
211.160568
380.637299
340.920868
-59.405365
219.146347
68.713120
349.011993
-51.438179
219.170593
76.756531
348.986664
-43.440117
219.162674
84.751785
348.990479
-35.441116
219.165146
92.749466
348.991028
-27.442215
219.165497
100.752831
348.990356
-19.441204
219.165146
108.749588
348.990906
-11.442215
219.165283
116.753120
348.990540
-3.441109
219.164886
124.749771
348.991211
4.558163
219.165192
132.753143
348.990753
12.558907
219.164658
140.749771
348.991455
20.558044
219.164917
148.753098
348.990479
28.559196
219.164459
156.749664
348.991333
36.557590
219.164886
164.752655
348.990448
44.558830
219.164597
172.749847
348.991180
52.558006
219.165192
180.752808
348.990753
60.558823
219.164978
188.749863
348.991089
68.557556
219.165207
196.752777
348.989960
76.558968
219.165100
204.749512
348.990540
84.557953
219.165268
212.753448
348.990173
92.559006
219.164734
220.749207
348.991272
100.557526
219.165527
228.753281
348.990540
108.558685
219.165070
236.749649
348.991272
116.557297
219.165466
244.753006
348.990784
124.558632
219.164917
252.749207
348.991455
132.556946
219.164490
260.752991
348.991333
140.558319
219.164398
268.748688
348.991699
148.557373
219.164185
276.752350
348.991425
156.558624
219.164078
284.748718
348.992249
164.557648
219.164291
292.752960
348.991913
172.558670
219.164139
300.748993
348.992676
180.557541
219.164307
308.752533
348.991608
188.558929
219.164398
316.748901
348.992340
196.557587
219.164917
324.752380
348.991180
204.558716
219.165024
332.748962
348.991547
212.557404
219.165405
340.752655
348.990448
220.558411
219.165527
348.749481
348.990875
228.557068
219.164948
356.752502
348.991028
236.559998
219.165222
364.751343
348.991180
244.550644
219.162827
372.751404
348.997406
252.544983
219.159912
380.637878
348.919617
-59.407352
227.145782
68.713585
357.013336
-51.437710
227.171021
76.756676
356.989349
-43.440258
227.162842
84.751770
356.992889
-35.442280
227.165131
92.750496
356.993958
-27.442398
227.165039
100.752754
356.992401
-19.442177
227.164642
108.749710
356.993286
-11.442341
227.164780
116.752663
356.992218
-3.442287
227.164780
124.749687
356.993530
4.557175
227.164871
132.752258
356.992432
12.557919
227.164474
140.749908
356.993408
20.557632
227.165115
148.752411
356.992218
28.557869
227.165131
156.749985
356.993439
36.557312
227.165283
164.752533
356.992188
44.557800
227.165024
172.750214
356.993286
52.557411
227.164963
180.752533
356.992310
60.557953
227.164673
188.750000
356.993896
68.557343
227.164581
196.752625
356.992920
76.558014
227.164597
204.749573
356.993896
84.557358
227.164612
212.752502
356.992523
92.558121
227.165070
220.750046
356.993439
100.557541
227.165131
228.752594
356.992310
108.557480
227.165390
236.749756
356.993561
116.557144
227.165161
244.752411
356.992432
124.557785
227.164978
252.749649
356.994110
132.556610
227.164352
260.752319
356.993042
140.557312
227.163803
268.749146
356.994110
148.557098
227.163849
276.751465
356.993042
156.557556
227.164215
284.749329
356.994263
164.557220
227.163971
292.751831
356.993347
172.557770
227.164078
300.749268
356.994446
180.557404
227.164093
308.752197
356.993042
188.557755
227.164505
316.749359
356.994141
196.557327
227.164673
324.752136
356.992676
204.557770
227.164948
332.749573
356.993774
212.557373
227.165283
340.752258
356.992371
220.557480
227.165405
348.749756
356.993622
228.556824
227.164642
356.751831
356.993042
236.558990
227.165085
364.751770
356.993683
244.550171
227.162048
372.750610
356.999634
252.545441
227.160248
380.637207
356.921143
-59.406986
235.147156
68.713402
365.012146
-51.440521
235.170929
76.757538
364.987305
-43.442783
235.163483
84.752945
364.990204
-35.443787
235.165466
92.750763
364.991180
-27.444588
235.165756
100.754150
364.990753
-19.443825
235.165375
108.751144
364.991119
-11.444557
235.165680
116.754051
364.990906
-3.444080
235.165558
124.750633
364.991394
4.555027
235.165649
132.753876
364.990906
12.556000
235.165390
140.750793
364.990906
20.555077
235.165665
148.753998
364.990265
28.555943
235.165390
156.750626
364.990845
36.554989
235.165710
164.753906
364.990417
44.555832
235.165604
172.750671
364.991058
52.554905
235.165588
180.753586
364.990356
60.556118
235.165588
188.750488
364.991089
68.555206
235.165817
196.753571
364.990540
76.556030
235.165512
204.750793
364.990906
84.555359
235.165726
212.754044
364.990448
92.556160
235.165466
220.750916
364.990753
100.555206
235.165680
228.754120
364.990295
108.555893
235.165848
236.750397
364.990784
116.555008
235.165817
244.753799
364.990387
124.555847
235.165466
252.750336
364.991455
132.554657
235.165314
260.753845
364.991364
140.555939
235.164505
268.750366
364.992035
148.554794
235.164764
276.753113
364.991516
156.556091
235.164825
284.750061
364.991882
164.554871
235.165009
292.753418
364.991394
172.556183
235.164764
300.750122
364.992004
180.554977
235.165070
308.753601
364.991211
188.556305
235.164978
316.750214
364.991791
196.554977
235.165436
324.753723
364.990936
204.556152
235.165298
332.750336
364.991364
212.554916
235.165802
340.753571
364.990601
220.555908
235.165817
348.750580
364.991150
228.554688
235.165222
356.753784
364.991211
236.557648
235.164856
364.752625
364.991394
244.548843
235.162292
372.752594
364.996582
252.545929
235.159286
380.637207
364.918945
-59.410168
243.137604
68.722328
373.013824
-51.435627
243.166916
76.756134
372.993591
-43.438438
243.162140
84.752533
372.994690
-35.439430
243.163315
92.751503
372.994080
-27.439602
243.163025
100.753662
372.993408
-19.439369
243.163147
108.751907
372.993958
-11.439674
243.162903
116.753372
372.993164
-3.439255
243.163086
124.751732
372.993622
4.560410
243.162750
132.753448
372.993011
12.561249
243.163025
140.752274
372.994019
20.560493
243.162720
148.753799
372.993286
28.560917
243.162933
156.752182
372.994263
36.560425
243.162750
164.753586
372.993713
44.560844
243.162903
172.751953
372.994385
52.560314
243.162643
180.753464
372.993530
60.560883
243.163086
188.751953
372.994110
68.560349
243.162567
196.753494
372.993439
76.560753
243.163086
204.752213
372.993896
84.560547
243.162933
212.753494
372.993622
92.560532
243.162766
220.751862
372.994232
100.560532
243.162537
228.753448
372.993195
108.560944
243.163208
236.751846
372.994019
116.560364
243.162704
244.753693
372.993500
124.560440
243.162918
252.751556
372.994080
132.560120
243.162003
260.753326
372.993591
140.560944
243.162262
268.751465
372.994690
148.560211
243.161469
276.752869
372.994171
156.560791
243.162125
284.751282
372.994690
164.560394
243.161621
292.752930
372.994019
172.560898
243.162338
300.751129
372.994507
180.560394
243.161819
308.753174
372.993805
188.560959
243.162582
316.751343
372.994263
196.560455
243.162292
324.753235
372.993622
204.560806
243.163010
332.751526
372.994080
212.560318
243.162796
340.753235
372.993317
220.560577
243.163300
348.751648
372.993896
228.559952
243.162445
356.753113
372.993713
236.562408
243.165039
364.755676
372.994080
244.556793
243.164429
372.755005
372.998718
252.551605
243.168518
380.636139
372.919800
-59.419701
251.076202
68.673820
380.990662
-51.410892
251.063431
76.640244
380.984039
-43.412079
251.058777
84.632401
380.992065
-35.412533
251.061218
92.631645
380.990448
-27.413422
251.060425
100.632492
380.990540
-19.412720
251.061035
108.631767
380.990631
-11.413364
251.060257
116.632652
380.990631
-3.412685
251.060806
124.631531
380.990509
4.586651
251.060364
132.632660
380.990387
12.587631
251.061035
140.631882
380.990356
20.586761
251.060364
148.632965
380.990417
28.587299
251.061066
156.631638
380.990356
36.586636
251.060455
164.632660
380.990265
44.587467
251.061432
172.631668
380.990173
52.586712
251.060486
180.632980
380.990234
60.587360
251.061295
188.631775
380.990387
68.586967
251.060394
196.632889
380.990479
76.587173
251.061020
204.631622
380.990540
84.586693
251.060150
212.632996
380.990753
92.587357
251.060577
220.631607
380.990723
100.586838
251.060333
228.632782
380.990601
108.587570
251.060944
236.631546
380.990692
116.586609
251.060028
244.632751
380.990845
124.587524
251.061157
252.631409
380.990845
132.586594
251.059967
260.632812
380.991058
140.587402
251.060394
268.631470
380.991241
148.586884
251.059479
276.632111
380.991150
156.587585
251.060303
284.631134
380.991272
164.587143
251.059677
292.632294
380.991089
172.587738
251.060379
300.631104
380.991058
180.587067
251.059601
308.632324
380.990967
188.587585
251.060577
316.631165
380.990936
196.587112
251.059830
324.632355
380.990753
204.587646
251.060806
332.631287
380.990784
212.586868
251.060181
340.632233
380.990601
220.587387
251.061127
348.631378
380.990845
228.586578
251.060043
356.632263
380.991028
236.588135
251.061325
364.632141
380.991302
244.585724
251.067627
372.642273
380.992706
252.557404
251.079208
380.604065
380.943481
-120.735992
-119.824310
137.651413
135.831024
-104.735672
-119.815781
153.648544
135.829102
-88.732849
-119.812584
169.648727
135.830261
-72.732590
-119.812546
185.648773
135.830231
-56.732162
-119.812164
201.648529
135.830292
-40.732361
-119.812263
217.648712
135.830399
-24.732101
-119.812149
233.648499
135.830276
-8.732300
-119.812202
249.648819
135.830368
7.267883
-119.812080
265.648560
135.830170
23.267670
-119.812050
281.648865
135.830231
39.267761
-119.812004
297.648743
135.830093
55.267456
-119.812256
313.648804
135.830261
71.267700
-119.811966
329.648499
135.830170
87.267578
-119.812103
345.648682
135.830338
103.267868
-119.812119
361.648438
135.830322
119.267654
-119.812256
377.648621
135.830460
135.267807
-119.812149
393.648315
135.830292
151.267654
-119.811882
409.649170
135.830261
167.267166
-119.813553
425.649902
135.830078
183.263458
-119.824593
441.652039
135.828461
-120.740479
-103.833633
137.650192
151.827728
-104.742493
-103.825439
153.651672
151.825363
-88.737076
-103.824661
169.655167
151.824814
-72.737030
-103.824532
185.655563
151.824402
-56.736557
-103.824280
201.655304
151.824203
-40.736542
-103.824516
217.655533
151.824280
-24.736343
-103.824287
233.655365
151.824188
-8.736435
-103.824539
249.655746
151.824158
7.263702
-103.824203
265.655518
151.824066
23.263641
-103.824173
281.655853
151.824127
39.263733
-103.823959
297.655762
151.824066
55.263748
-103.824165
313.655792
151.824280
71.263794
-103.823822
329.655396
151.824326
87.263611
-103.824493
345.655518
151.824417
103.263504
-103.824417
361.655212
151.824310
119.263321
-103.824524
377.655548
151.824295
135.263260
-103.824219
393.655212
151.824188
151.263474
-103.824318
409.654846
151.824387
167.264648
-103.825661
425.657837
151.822845
183.269379
-103.827568
441.659088
151.822769
-120.738281
-87.834793
137.649826
167.825104
-104.740509
-87.824814
153.652969
167.823517
-88.737305
-87.823105
169.656219
167.824097
-72.737289
-87.822472
185.656265
167.823135
-56.736710
-87.821999
201.656219
167.822983
-40.736801
-87.821968
217.656448
167.822937
-24.736420
-87.821808
233.656525
167.822876
-8.736771
-87.821945
249.656693
167.822861
7.263550
-87.821976
265.656433
167.822662
23.263046
-87.822289
281.656616
167.822784
39.263611
-87.821777
297.656677
167.822876
55.263062
-87.822060
313.656250
167.822968
71.263611
-87.821671
329.656342
167.823303
87.263260
-87.821991
345.656311
167.823120
103.263397
-87.822098
361.656189
167.822952
119.263199
-87.822144
377.656403
167.822968
135.263290
-87.822021
393.656494
167.822876
151.262390
-87.821236
409.656067
167.823059
167.263702
-87.822044
425.658264
167.821777
183.269547
-87.825851
441.661407
167.823380
-120.738678
-71.835281
137.649734
183.824738
-104.741058
-71.824501
153.653580
183.823563
-88.737991
-71.823875
169.657135
183.823898
-72.738007
-71.823608
185.657043
183.823029
-56.737549
-71.823196
201.657013
183.822495
-40.737457
-71.823212
217.657440
183.822540
-24.737366
-71.823112
233.657272
183.822357
-8.737503
-71.823250
249.657715
183.822372
7.262665
-71.822983
265.657257
183.822205
23.262650
-71.823059
281.657928
183.822357
39.262650
-71.822754
297.657593
183.822357
55.262375
-71.823212
313.657471
183.822617
71.262802
-71.822945
329.657349
183.822906
87.262497
-71.823044
345.657166
183.822754
103.262573
-71.823181
361.657104
183.822266
119.262527
-71.823433
377.657532
183.822327
135.262375
-71.823151
393.657227
183.822235
151.262039
-71.822762
409.657043
183.822784
167.262985
-71.822983
425.658569
183.821136
183.269836
-71.826591
441.661865
183.823395
-120.738419
-55.835228
137.649719
199.824799
-104.740952
-55.824722
153.653183
199.823425
-88.737778
-55.824181
169.656464
199.824051
-72.737976
-55.823883
185.656479
199.822891
-56.737411
-55.823303
201.656509
199.822510
-40.737457
-55.823318
217.656754
199.822571
-24.736984
-55.823090
233.656967
199.822418
-8.737366
-55.823158
249.657013
199.822311
7.263016
-55.823196
265.657074
199.822327
23.262772
-55.823280
281.656982
199.822601
39.263046
-55.823280
297.656952
199.822662
55.262772
-55.823067
313.656982
199.822845
71.262894
-55.822968
329.656708
199.822906
87.262497
-55.823135
345.656616
199.822815
103.262695
-55.823151
361.656738
199.822449
119.262589
-55.823257
377.656952
199.822388
135.262680
-55.823395
393.656891
199.822388
151.262070
-55.822670
409.656555
199.822632
167.263138
-55.823166
425.658539
199.821228
183.269653
-55.826859
441.661438
199.823395
-120.738693
-39.835159
137.649597
215.824677
-104.741043
-39.824799
153.653305
215.823441
-88.738068
-39.823997
169.656860
215.823822
-72.737961
-39.823868
185.656952
215.822815
-56.737579
-39.823227
201.656754
215.822174
-40.737518
-39.823387
217.657257
215.822418
-24.737228
-39.823097
233.657104
215.822159
-8.737320
-39.823112
249.657425
215.822296
7.262787
-39.823090
265.657349
215.822266
23.262863
-39.823227
281.657562
215.822433
39.262802
-39.823318
297.657471
215.822189
55.262802
-39.823387
313.657410
215.822479
71.262741
-39.822968
329.657288
215.822601
87.262558
-39.823196
345.657104
215.822632
103.262726
-39.823120
361.657043
215.822266
119.262573
-39.823380
377.657410
215.822357
135.262482
-39.823334
393.657043
215.822098
151.261963
-39.822609
409.657043
215.822540
167.262909
-39.822998
425.658600
215.821014
183.269791
-39.826973
441.661743
215.823380
-120.738373
-23.835251
137.649719
231.824860
-104.741043
-23.824783
153.653107
231.823364
-88.737823
-23.824150
169.656647
231.824066
-72.737930
-23.823822
185.656586
231.822861
-56.737350
-23.823349
201.656494
231.822556
-40.737396
-23.823380
217.656799
231.822632
-24.736938
-23.823212
233.656967
231.822510
-8.737366
-23.823296
249.656952
231.822311
7.262909
-23.823303
265.656921
231.822388
23.262756
-23.823151
281.657043
231.822662
39.263123
-23.822990
297.657166
231.822525
55.262772
-23.823250
313.657104
231.822601
71.263077
-23.822815
329.656860
231.822800
87.262604
-23.823090
345.656921
231.822784
103.262741
-23.823174
361.656677
231.822388
119.262573
-23.823280
377.656921
231.822449
135.262634
-23.823723
393.656799
231.822327
151.262222
-23.822662
409.656769
231.822815
167.263306
-23.822884
425.658691
231.821411
183.269745
-23.826988
441.661469
231.823456
-120.738632
-7.835236
137.649597
247.824738
-104.741150
-7.824768
153.653351
247.823334
-88.738037
-7.823830
169.656845
247.823944
-72.737991
-7.823853
185.656998
247.822784
-56.737579
-7.823410
201.656723
247.822296
-40.737366
-7.823425
217.657318
247.822479
-24.737305
-7.823189
233.657196
247.822220
-8.737396
-7.823257
249.657516
247.822205
7.262711
-7.823174
265.657288
247.822083
23.262756
-7.823280
281.657593
247.822418
39.262711
-7.823158
297.657471
247.822296
55.262680
-7.823257
313.657471
247.822479
71.262680
-7.823174
329.657227
247.822449
87.262695
-7.823196
345.657196
247.822647
103.262589
-7.823036
361.656952
247.822189
119.262787
-7.823296
377.657166
247.822388
135.262512
-7.823303
393.657257
247.822083
151.262054
-7.822746
409.656921
247.822601
167.262848
-7.822960
425.658752
247.821274
183.269791
-7.827057
441.661804
247.823410
-120.738434
8.164841
137.649750
263.824799
-104.741058
8.175201
153.653122
263.823425
-88.737885
8.175865
169.656555
263.824127
-72.737976
8.176109
185.656616
263.822998
-56.737274
8.176682
201.656525
263.822540
-40.737503
8.176559
217.656830
263.822571
-24.737122
8.176666
233.656784
263.822449
-8.737350
8.176697
249.656952
263.822418
7.263168
8.176857
265.656921
263.822388
23.262802
8.176872
281.657166
263.822479
39.263092
8.177002
297.656982
263.822479
55.262772
8.176788
313.657074
263.822723
71.262939
8.177139
329.656921
263.822632
87.262527
8.176949
345.656982
263.822662
103.262817
8.176926
361.656799
263.822540
119.262665
8.176636
377.657043
263.822388
135.262772
8.176750
393.657104
263.822388
151.261871
8.177605
409.656677
263.822723
167.263153
8.177063
425.658875
263.821472
183.269577
8.172913
441.661621
263.823486
-120.738739
24.164833
137.649536
279.824707
-104.741028
24.175247
153.653290
279.823486
-88.738159
24.176079
169.656845
279.823853
-72.737976
24.176201
185.656876
279.822815
-56.737534
24.176788
201.656830
279.822174
-40.737473
24.176712
217.657242
279.822449
-24.737350
24.176819
233.657104
279.822205
-8.737442
24.176590
249.657288
279.822205
7.262833
24.176796
265.657349
279.822144
23.262711
24.176788
281.657440
279.822327
39.262619
24.176834
297.657318
279.822235
55.262726
24.176651
313.657440
279.822601
71.262787
24.176857
329.657318
279.822510
87.262573
24.176674
345.657288
279.822693
103.262726
24.177010
361.657227
279.822418
119.262741
24.176727
377.657318
279.822266
135.262482
24.176476
393.657288
279.822144
151.261810
24.177200
409.656921
279.822601
167.263153
24.177391
425.658630
279.821289
183.269684
24.173019
441.661743
279.823242
-120.738510
40.164879
137.649612
295.824890
-104.741058
40.175293
153.653152
295.823547
-88.737778
40.175858
169.656647
295.824097
-72.737839
40.176193
185.656738
295.822937
-56.737244
40.176712
201.656738
295.822571
-40.737411
40.176628
217.656860
295.822632
-24.736938
40.176811
233.656769
295.822479
-8.737305
40.176956
249.656906
295.822449
7.262970
40.177010
265.656982
295.822418
23.262756
40.176857
281.657043
295.822693
39.262848
40.176987
297.656860
295.822510
55.262650
40.176643
313.657135
295.822693
71.262939
40.176888
329.656952
295.822754
87.262344
40.176643
345.656921
295.822632
103.262802
40.176872
361.656921
295.822479
119.262589
40.176758
377.656982
295.822388
135.262756
40.176651
393.657043
295.822205
151.261917
40.177223
409.656677
295.822754
167.263458
40.176987
425.658752
295.821411
183.269669
40.172783
441.661316
295.823578
-120.738846
56.164902
137.649323
311.824860
-104.741211
56.175194
153.653122
311.823669
-88.737991
56.176071
169.656876
311.823853
-72.738037
56.176155
185.657089
311.822693
-56.737549
56.176826
201.656906
311.822266
-40.737564
56.176735
217.657227
311.822327
-24.737335
56.176910
233.657013
311.822144
-8.737305
56.176888
249.657257
311.822357
7.262787
56.176926
265.657166
311.822327
23.262772
56.176727
281.657379
311.822418
39.262817
56.176949
297.657227
311.822144
55.262695
56.176582
313.657288
311.822510
71.262695
56.176643
329.657166
311.822357
87.262512
56.176483
345.657104
311.822388
103.262634
56.176659
361.657043
311.822296
119.262482
56.176628
377.657257
311.822418
135.262314
56.176521
393.657135
311.822174
151.261551
56.176956
409.656799
311.822632
167.262985
56.177063
425.658630
311.821045
183.269867
56.172897
441.661957
311.823334
-120.738541
72.164917
137.649323
327.824982
-104.741333
72.175079
153.652878
327.823486
-88.737885
72.175896
169.656586
327.823914
-72.737961
72.176147
185.656677
327.822784
-56.737350
72.176826
201.656570
327.822510
-40.737442
72.176674
217.656647
327.822571
-24.737076
72.176788
233.656631
327.822571
-8.737305
72.176750
249.656769
327.822723
7.262909
72.176872
265.656769
327.822571
23.262726
72.176826
281.656921
327.822571
39.262955
72.176979
297.656921
327.822510
55.262772
72.176834
313.656738
327.822510
71.262985
72.177032
329.656616
327.822571
87.262665
72.176788
345.656921
327.822510
103.262924
72.176880
361.656921
327.822327
119.262543
72.176796
377.656921
327.822571
135.262695
72.176720
393.656677
327.822357
151.261932
72.177002
409.656403
327.822815
167.263214
72.176743
425.658813
327.821381
183.269684
72.173126
441.661377
327.823669
-120.738647
88.164871
137.649307
343.824860
-104.741226
88.175140
153.653183
343.823486
-88.738174
88.176010
169.656693
343.823730
-72.738007
88.176132
185.656876
343.822815
-56.737518
88.176804
201.656815
343.822266
-40.737488
88.176743
217.657074
343.822510
-24.737366
88.176849
233.656921
343.822327
-8.737534
88.176781
249.657211
343.822388
7.262573
88.176956
265.657043
343.822235
23.262527
88.176903
281.657410
343.822357
39.262634
88.177010
297.657257
343.822205
55.262512
88.176765
313.657349
343.822418
71.262695
88.176765
329.657104
343.822266
87.262619
88.176788
345.657349
343.822388
103.262726
88.176941
361.657043
343.822174
119.262589
88.176697
377.657166
343.822510
135.262512
88.176689
393.656982
343.822205
151.261887
88.177200
409.656799
343.822510
167.262863
88.177048
425.658600
343.821045
183.269821
88.173042
441.661926
343.823456
-120.738312
104.164963
137.649490
359.824860
-104.741165
104.175232
153.653061
359.823395
-88.737885
104.175797
169.656479
359.824005
-72.738007
104.176147
185.656647
359.822876
-56.737335
104.176750
201.656677
359.822754
-40.737427
104.176720
217.656891
359.822693
-24.737106
104.176842
233.656952
359.822632
-8.737396
104.176575
249.656830
359.822571
7.262878
104.176773
265.656860
359.822571
23.262451
104.176689
281.656708
359.822571
39.262924
104.176819
297.656708
359.822632
55.262543
104.176636
313.656799
359.822632
71.262985
104.176888
329.656891
359.822632
87.262558
104.176735
345.657043
359.822479
103.262756
104.176880
361.656860
359.822510
119.262711
104.176720
377.657013
359.822540
135.262726
104.176910
393.656799
359.822418
151.262085
104.177376
409.656616
359.822754
167.263245
104.177086
425.658752
359.821350
183.269669
104.172989
441.661713
359.823547
-120.738724
120.165047
137.649246
375.824829
-104.741272
120.175224
153.653122
375.823425
-88.738159
120.175972
169.656616
375.823792
-72.738083
120.176010
185.656891
375.822876
-56.737701
120.176773
201.656906
375.822296
-40.737762
120.176590
217.657150
375.822510
-24.737610
120.176826
233.656998
375.822327
-8.737564
120.176643
249.657333
375.822449
7.262466
120.176826
265.657043
375.822174
23.262375
120.176682
281.657227
375.822449
39.262405
120.176735
297.657166
375.822205
55.262421
120.176552
313.657135
375.822388
71.262573
120.177017
329.657043
375.822205
87.262482
120.176971
345.657379
375.822327
103.262466
120.176720
361.656921
375.822144
119.262665
120.176773
377.657288
375.822571
135.262497
120.176544
393.657013
375.822266
151.261826
120.177284
409.656860
375.822693
167.262772
120.177094
425.658569
375.821045
183.269730
120.172836
441.661987
375.823395
-120.738647
136.165070
137.649490
391.824890
-104.741592
136.174850
153.653137
391.823486
-88.738220
136.175461
169.656799
391.823761
-72.738495
136.175812
185.656738
391.822784
-56.737762
136.176361
201.656738
391.822388
-40.737900
136.176270
217.656952
391.822540
-24.737534
136.176392
233.656876
391.822418
-8.737885
136.176300
249.656982
391.822479
7.262512
136.176361
265.656952
391.822479
23.262161
136.176361
281.656952
391.822510
39.262497
136.176453
297.656952
391.822479
55.262085
136.176422
313.656982
391.822449
71.262482
136.176468
329.656982
391.822388
87.262283
136.176514
345.657227
391.822571
103.262238
136.176559
361.656616
391.822357
119.262222
136.176422
377.657196
391.822479
135.262268
136.176453
393.656982
391.822418
151.261597
136.177094
409.656586
391.822632
167.262939
136.176849
425.658691
391.821075
183.269424
136.172867
441.661621
391.823456
-120.738983
152.165375
137.649277
407.824890
-104.742294
152.175323
153.653793
407.823364
-88.738998
152.176285
169.656479
407.823120
-72.738922
152.176743
185.656876
407.822388
-56.738724
152.177307
201.656616
407.821899
-40.738647
152.176971
217.656937
407.822021
-24.738510
152.177277
233.656830
407.821777
-8.738663
152.177002
249.656982
407.821991
7.261414
152.177307
265.656799
407.821808
23.261429
152.177124
281.657104
407.822021
39.261475
152.177246
297.656921
407.821869
55.261459
152.176987
313.657196
407.822052
71.261490
152.177185
329.656982
407.821808
87.261368
152.177048
345.657349
407.822052
103.261505
152.177170
361.656982
407.821747
119.261414
152.176849
377.657440
407.822205
135.261307
152.176758
393.656921
407.821869
151.261230
152.177612
409.656952
407.822052
167.261978
152.176971
425.657654
407.820801
183.268631
152.173126
441.661438
407.824036
-120.737213
168.165604
137.649719
423.824982
-104.741180
168.173462
153.652924
423.821899
-88.737900
168.173920
169.655182
423.823608
-72.738602
168.174423
185.654922
423.822937
-56.737991
168.174500
201.654785
423.822815
-40.738220
168.174408
217.654938
423.822845
-24.737915
168.174652
233.654892
423.822723
-8.738190
168.174332
249.654953
423.822815
7.262085
168.174454
265.654877
423.822784
23.261795
168.174347
281.654938
423.822845
39.262054
168.174591
297.654968
423.822723
55.261841
168.174438
313.655090
423.822815
71.262085
168.174469
329.654938
423.822723
87.261780
168.174301
345.655090
423.822723
103.262222
168.174362
361.654968
423.822693
119.261887
168.174133
377.655151
423.822754
135.262131
168.174164
393.654968
423.822571
151.261108
168.175446
409.654663
423.822449
167.262650
168.175110
425.656647
423.821564
183.267746
168.172897
441.660522
423.824249
-120.739365
184.166840
137.654572
439.824890
-104.739502
184.168381
153.657059
439.820770
-88.740463
184.165482
169.659485
439.820831
-72.740494
184.165405
185.659409
439.820770
-56.740402
184.165222
201.659348
439.820282
-40.740417
184.165070
217.659592
439.820526
-24.740479
184.165009
233.659317
439.820221
-8.740372
184.164948
249.659561
439.820496
7.259583
184.164948
265.659363
439.820251
23.259552
184.164978
281.659546
439.820435
39.259583
184.165039
297.659424
439.820251
55.259644
184.165070
313.659546
439.820404
71.259583
184.165009
329.659424
439.820190
87.259674
184.165146
345.659668
439.820312
103.259567
184.165070
361.659424
439.820190
119.259659
184.165100
377.659607
439.820374
135.259659
184.165192
393.659424
439.820068
151.259399
184.165817
409.659454
439.820251
167.260406
184.167847
425.659302
439.818787
183.266846
184.167877
441.662628
439.820740
-239.746689
-238.915649
272.036285
273.852783
-207.733154
-238.903656
304.037933
273.860016
-175.735275
-238.903976
336.037384
273.860870
-143.734741
-238.903915
368.037445
273.861359
-111.735382
-238.902359
400.038086
273.861298
-79.735413
-238.903168
432.037903
273.861816
-47.735794
-238.902542
464.038025
273.861816
-15.735962
-238.902588
496.038147
273.861206
16.265076
-238.901077
528.037842
273.859772
48.260834
-238.892365
560.026367
273.861847
-239.739334
-206.902573
272.039124
305.843414
-207.723495
-206.890015
304.036926
305.844208
-175.723816
-206.889862
336.036285
305.844818
-143.723587
-206.890121
368.036102
305.845276
-111.724426
-206.888046
400.037323
305.845581
-79.724411
-206.888535
432.036560
305.845978
-47.724304
-206.887726
464.036560
305.846100
-15.723480
-206.887329
496.036499
305.845795
16.276917
-206.887283
528.036865
305.842468
48.277161
-206.885498
560.037842
305.851410
-239.738647
-174.904816
272.042725
337.843506
-207.720016
-174.893295
304.041779
337.843353
-175.719315
-174.892899
336.040955
337.844238
-143.718414
-174.893021
368.041412
337.844025
-111.718964
-174.891098
400.042603
337.844025
-79.718613
-174.891403
432.041565
337.844116
-47.718506
-174.890305
464.041626
337.843750
-15.717987
-174.890488
496.041840
337.843903
16.281799
-174.889465
528.042419
337.840820
48.279587
-174.887756
560.040283
337.849701
-239.738754
-142.904678
272.043732
369.845337
-207.720383
-142.892700
304.041870
369.844940
-175.719528
-142.891846
336.040955
369.845428
-143.718719
-142.891891
368.041107
369.844360
-111.719345
-142.890152
400.042419
369.844513
-79.719070
-142.890900
432.041382
369.844391
-47.718796
-142.890121
464.041412
369.844269
-15.718216
-142.890259
496.041443
369.844177
16.281342
-142.888947
528.042175
369.840302
48.279694
-142.887863
560.040222
369.849487
-239.739212
-110.903732
272.043610
401.843933
-207.721451
-110.893463
304.042664
401.843262
-175.720795
-110.892624
336.042114
401.843903
-143.720810
-110.892654
368.042175
401.843109
-111.720886
-110.890594
400.042938
401.843445
-79.720947
-110.891312
432.041870
401.843384
-47.720444
-110.890427
464.041718
401.843506
-15.719833
-110.890533
496.042175
401.842957
16.280182
-110.889252
528.043335
401.839935
48.279633
-110.887909
560.040588
401.849396
-239.739777
-78.903625
272.042938
433.843048
-207.722168
-78.893738
304.042755
433.842377
-175.721573
-78.892731
336.042542
433.842682
-143.721420
-78.892639
368.042328
433.842285
-111.721909
-78.890717
400.043030
433.842285
-79.721252
-78.891281
432.042114
433.842285
-47.720856
-78.890518
464.041931
433.841797
-15.720230
-78.890732
496.042206
433.841125
16.279663
-78.889526
528.043579
433.838043
48.279480
-78.887894
560.040771
433.847656
-239.739258
-46.902954
272.043335
465.842651
-207.721741
-46.894470
304.042664
465.841217
-175.720764
-46.893204
336.041962
465.841888
-143.721024
-46.893356
368.041718
465.841248
-111.721237
-46.892029
400.042847
465.841095
-79.720871
-46.892548
432.041931
465.841431
-47.720764
-46.891647
464.042114
465.840424
-15.720032
-46.891418
496.042725
465.840240
16.280029
-46.890259
528.043823
465.837524
48.279251
-46.887817
560.042236
465.847412
-239.738968
-14.902634
272.042572
497.842957
-207.721649
-14.893402
304.041992
497.840210
-175.720947
-14.891708
336.041290
497.841278
-143.720810
-14.892105
368.041168
497.840210
-111.720886
-14.891144
400.042328
497.840515
-79.720703
-14.891266
432.041412
497.840515
-47.720306
-14.889984
464.041840
497.839630
-15.719345
-14.889984
496.041840
497.839294
16.281082
-14.888733
528.043579
497.837067
48.280411
-14.887939
560.041870
497.847778
-239.739395
17.098160
272.040741
529.841064
-207.722885
17.107147
304.041962
529.839111
-175.722290
17.108475
336.041870
529.839722
-143.722336
17.108154
368.042297
529.839111
-111.722565
17.109711
400.043274
529.839233
-79.722717
17.109604
432.041931
529.839722
-47.722351
17.110977
464.042816
529.838928
-15.721664
17.110077
496.042358
529.838623
16.279343
17.110916
528.043640
529.837219
48.280060
17.111908
560.043457
529.847778
-239.730621
49.104050
272.045685
561.845947
-207.724350
49.111023
304.053009
561.843994
-175.723404
49.109985
336.053284
561.845947
-143.723648
49.110092
368.053864
561.845459
-111.723648
49.111115
400.054108
561.845459
-79.723511
49.110901
432.053772
561.845581
-47.723358
49.110519
464.054199
561.844604
-15.723312
49.110519
496.054321
561.844055
16.276230
49.112183
528.055542
561.843628
48.275589
49.116379
560.061523
561.848206
