-59.430500
-60.895332
68.697365
68.942764
-51.414516
-60.865097
76.742546
68.931992
-43.415848
-60.870277
84.745361
68.933456
-35.414577
-60.869713
92.742676
68.935272
-27.415543
-60.870453
100.744308
68.935287
-19.413860
-60.870750
108.741974
68.935532
-11.414669
-60.870804
116.744553
68.933975
-3.413425
-60.869904
124.743675
68.934822
4.585262
-60.869041
132.746063
68.934471
12.584820
-60.869003
140.743378
68.934563
20.584064
-60.869675
148.745178
68.933792
28.584114
-60.869217
156.742249
68.933838
36.584377
-60.868736
164.743835
68.934578
44.585228
-60.869194
172.742035
68.935608
52.584930
-60.870827
180.743515
68.933998
60.585926
-60.870682
188.741516
68.934639
68.585152
-60.869713
196.744354
68.934357
76.585892
-60.870407
204.743896
68.935211
84.584869
-60.869324
212.746094
68.935051
92.585861
-60.869545
220.742096
68.934845
100.584503
-60.869781
228.745117
68.934387
108.584442
-60.869987
236.740036
68.934647
116.584488
-60.870644
244.744888
68.933517
124.584976
-60.869431
252.742249
68.933723
132.584671
-60.869728
260.744019
68.934784
140.586166
-60.870438
268.742279
68.935669
148.585983
-60.870354
276.745117
68.934441
156.585449
-60.870087
284.743042
68.934975
164.584351
-60.869781
292.744537
68.934494
172.585159
-60.869629
300.742249
68.934509
180.584808
-60.869736
308.744171
68.933975
188.586014
-60.869370
316.742554
68.935135
196.585098
-60.869835
324.744507
68.934242
204.585876
-60.869591
332.742523
68.935043
212.584839
-60.869789
340.744537
68.934074
220.585785
-60.869431
348.742432
68.934822
228.584976
-60.869865
356.744659
68.934410
236.585129
-60.868767
364.740234
68.931946
244.579956
-60.877769
372.748474
68.942055
252.583557
-60.894302
380.670105
68.930939
-59.405815
-52.846931
68.712006
77.012184
-51.439472
-52.834579
76.748993
76.992310
-43.443417
-52.845833
84.748589
76.991508
-35.444561
-52.845284
92.744057
76.993301
-27.445217
-52.845940
100.747978
76.993401
-19.443989
-52.846649
108.743965
76.992821
-11.443695
-52.845482
116.750435
76.991051
-3.444317
-52.845947
124.747086
76.990532
4.555225
-52.845184
132.750153
76.991516
12.554314
-52.845886
140.745636
76.992516
20.554798
-52.846207
148.748978
76.994026
28.555023
-52.846428
156.743423
76.993599
36.553967
-52.847023
164.746323
76.991096
44.556499
-52.846878
172.743835
76.992859
52.555473
-52.846130
180.749298
76.993576
60.555504
-52.846428
188.744934
76.991234
68.555695
-52.844772
196.749405
76.991470
76.554596
-52.844635
204.745026
76.991005
84.555847
-52.845039
212.748428
76.993332
92.555206
-52.845718
220.745483
76.993164
100.554993
-52.845901
228.748749
76.993317
108.555069
-52.846054
236.743591
76.993156
116.556801
-52.845901
244.750763
76.993042
124.554230
-52.845978
252.744690
76.991653
132.553711
-52.845970
260.745483
76.992340
140.556030
-52.845909
268.745026
76.991020
148.555695
-52.845795
276.749695
76.991531
156.555710
-52.846359
284.744995
76.992401
164.555771
-52.845779
292.749329
76.993004
172.555664
-52.846954
300.744659
76.992455
180.555206
-52.846458
308.748901
76.991882
188.555359
-52.846161
316.744293
76.991959
196.555099
-52.845581
324.748901
76.991554
204.555573
-52.845924
332.744781
76.991776
212.555176
-52.845490
340.749146
76.991920
220.555573
-52.846176
348.744537
76.991989
228.554901
-52.846153
356.748718
76.992065
236.556290
-52.846848
364.746277
76.993362
244.549042
-52.848351
372.742981
76.993362
252.547714
-52.851517
380.633240
76.913071
-59.408890
-44.853943
68.713913
85.015190
-51.441273
-44.831139
76.756676
84.990578
-43.442184
-44.839668
84.747223
84.995178
-35.443001
-44.839211
92.746300
84.994690
-27.443035
-44.837753
100.748184
84.995544
-19.442291
-44.838242
108.749306
84.994896
-11.442699
-44.837791
116.751755
84.994102
-3.442993
-44.839302
124.749130
84.995186
4.556564
-44.837868
132.750778
84.996513
12.556171
-44.839325
140.746613
84.998314
20.555416
-44.838341
148.748444
84.996033
28.556698
-44.840805
156.746246
84.996346
36.558174
-44.839012
164.749908
84.996429
44.557793
-44.839180
172.747803
84.994919
52.556774
-44.837524
180.751587
84.994377
60.557896
-44.838715
188.751541
84.995193
68.557358
-44.837952
196.748291
84.997536
76.555992
-44.840775
204.747574
84.996346
84.557602
-44.840279
212.748566
84.997841
92.557098
-44.838486
220.749710
84.996429
100.556320
-44.838791
228.751221
84.994438
108.557663
-44.838684
236.747223
84.995842
116.557785
-44.838867
244.752274
84.996284
124.556534
-44.840607
252.747101
84.997635
132.557129
-44.839149
260.747742
84.997505
140.557480
-44.840317
268.749359
84.995338
148.557388
-44.838669
276.750916
84.994392
156.557159
-44.838959
284.747925
84.995285
164.556900
-44.838081
292.750000
84.994865
172.558228
-44.839500
300.748352
84.996140
180.556915
-44.837448
308.749817
84.995735
188.557495
-44.839447
316.748047
84.995628
196.556671
-44.837685
324.750183
84.994812
204.557465
-44.839104
332.748291
84.995346
212.556641
-44.837532
340.749878
84.994720
220.557510
-44.839005
348.748291
84.995384
228.556625
-44.837891
356.749939
84.995384
236.558914
-44.838524
364.750916
84.994904
244.549866
-44.839325
372.747528
85.000084
252.545898
-44.841309
380.636719
84.922401
-59.406654
-36.854050
68.715431
93.014786
-51.440174
-36.827942
76.755463
92.988205
-43.440826
-36.836868
84.751801
92.992737
-35.442772
-36.833488
92.748779
92.991768
-27.443310
-36.834000
100.752823
92.990791
-19.442520
-36.833710
108.749672
92.991119
-11.443909
-36.834984
116.751816
92.991463
-3.442513
-36.834930
124.748169
92.991898
4.556248
-36.835297
132.748993
92.991638
12.558479
-36.836166
140.746735
92.991852
20.557716
-36.837097
148.751953
92.994064
28.558495
-36.834869
156.748993
92.992645
36.557709
-36.835693
164.753632
92.991356
44.558464
-36.834526
172.750793
92.990936
52.557938
-36.835464
180.753998
92.993355
60.556812
-36.836494
188.748474
92.992889
68.557617
-36.835655
196.750580
92.991737
76.557854
-36.834274
204.751526
92.991821
84.557892
-36.834648
212.753418
92.989052
92.560127
-36.835075
220.750656
92.993004
100.556114
-36.835312
228.753052
92.992653
108.558334
-36.835785
236.747314
92.995087
116.557037
-36.835602
244.754303
92.992462
124.558914
-36.835175
252.748703
92.990059
132.559021
-36.835548
260.751831
92.990906
140.559525
-36.835121
268.752441
92.991661
148.558167
-36.835373
276.752930
92.991257
156.558487
-36.835464
284.749451
92.991989
164.557816
-36.835236
292.753082
92.991142
172.557938
-36.834450
300.749023
92.990929
180.557343
-36.834503
308.752777
92.990128
188.558578
-36.834137
316.749695
92.990669
196.557465
-36.834023
324.753296
92.990280
204.558029
-36.834259
332.749573
92.990540
212.557312
-36.834023
340.753235
92.990112
220.557983
-36.834183
348.749390
92.990540
228.557144
-36.834717
356.752838
92.990677
236.559967
-36.834862
364.751648
92.990593
244.550308
-36.836227
372.751648
92.996521
252.544647
-36.840088
380.637360
92.919731
-59.408192
-28.853874
68.713432
101.016052
-51.440002
-28.827995
76.755890
100.991463
-43.441177
-28.837326
84.750458
100.995094
-35.443573
-28.835579
92.749611
100.996292
-27.443863
-28.835693
100.751381
100.995033
-19.444611
-28.836327
108.748154
100.996056
-11.443626
-28.837128
116.749954
100.995262
-3.442982
-28.837234
124.747009
100.995872
4.557159
-28.836685
132.751465
100.992416
12.558434
-28.835403
140.749130
100.993629
20.557770
-28.834778
148.751617
100.991486
28.557953
-28.833923
156.749954
100.993050
36.557285
-28.835930
164.753876
100.994804
44.556602
-28.836243
172.748413
100.995224
52.556969
-28.835686
180.749908
100.993286
60.557018
-28.836151
188.752441
100.994667
68.557663
-28.833916
196.750763
100.991669
76.558411
-28.835007
204.750732
100.996933
84.555763
-28.835274
212.752747
100.994385
92.557747
-28.837296
220.748352
100.997017
100.555832
-28.834709
228.753082
100.992538
108.557953
-28.835083
236.748657
100.992676
116.557953
-28.835365
244.753250
100.993027
124.556908
-28.835266
252.750458
100.996078
132.557068
-28.835434
260.752289
100.993355
140.557922
-28.836899
268.751190
100.993881
148.557175
-28.835243
276.750488
100.992729
156.557800
-28.834991
284.749420
100.993462
164.557983
-28.833908
292.752380
100.992386
172.557312
-28.834351
300.749420
100.993393
180.556580
-28.833641
308.752075
100.991379
188.557297
-28.833969
316.749878
100.992882
196.556808
-28.833687
324.752319
100.991592
204.557373
-28.833977
332.749634
100.993187
212.556656
-28.833626
340.752075
100.991753
220.557053
-28.833916
348.749664
100.992950
228.556305
-28.834183
356.751556
100.992226
236.558868
-28.834236
364.751892
100.992561
244.549469
-28.836357
372.750916
100.998497
252.544678
-28.839348
380.636780
100.920982
-59.406998
-20.854332
68.713013
109.015007
-51.438309
-20.829636
76.755081
108.990021
-43.440918
-20.838303
84.751114
108.994781
-35.441776
-20.836258
92.748734
108.994431
-27.441887
-20.837425
100.752022
108.994507
-19.442513
-20.837257
108.746941
108.993126
-11.441856
-20.837280
116.752029
108.991898
-3.439396
-20.836716
124.749573
108.992287
4.558594
-20.835648
132.754227
108.990891
12.558632
-20.835243
140.749969
108.991570
20.557564
-20.834518
148.754028
108.990677
28.558140
-20.835052
156.748993
108.992592
36.556400
-20.835373
164.751038
108.991280
44.558830
-20.834206
172.749359
108.991135
52.557373
-20.834419
180.753448
108.991615
60.557236
-20.834770
188.748993
108.993240
68.557617
-20.834785
196.753601
108.992538
76.557693
-20.835457
204.746765
108.993164
84.556694
-20.834312
212.753906
108.991196
92.559349
-20.833801
220.748642
108.990746
100.558098
-20.835228
228.753204
108.992912
108.558304
-20.834312
236.748703
108.995514
116.555397
-20.834900
244.754135
108.992622
124.558273
-20.834404
252.748001
108.991066
132.558228
-20.835365
260.753540
108.992226
140.557495
-20.834480
268.748352
108.993652
148.557465
-20.834724
276.752075
108.990967
156.559128
-20.835052
284.748840
108.991104
164.557327
-20.834038
292.752686
108.990181
172.558777
-20.833748
300.749573
108.990616
180.557526
-20.833199
308.753296
108.989838
188.557983
-20.833282
316.749451
108.990448
196.557037
-20.833199
324.753113
108.989685
204.558136
-20.833275
332.749420
108.990387
212.557159
-20.833214
340.753082
108.989838
220.558014
-20.833351
348.749268
108.990463
228.556702
-20.833939
356.752655
108.990280
236.559875
-20.834175
364.751343
108.990341
244.550217
-20.835915
372.751892
108.996696
252.544724
-20.839783
380.637543
108.920006
-59.407951
-12.854179
68.712814
117.015121
-51.439018
-12.829407
76.755554
116.990356
-43.440136
-12.838821
84.750748
116.994736
-35.442020
-12.836472
92.749283
116.996597
-27.442253
-12.837914
100.751556
116.995895
-19.442505
-12.837486
108.747711
116.995041
-11.441677
-12.836494
116.752625
116.993385
-3.441364
-12.836258
124.749695
116.994659
4.557575
-12.836060
132.752686
116.993546
12.557728
-12.835716
140.749237
116.994537
20.557240
-12.835495
148.752319
116.993416
28.556747
-12.835747
156.748169
116.993591
36.557331
-12.835480
164.753571
116.992493
44.557549
-12.835709
172.749863
116.993843
52.556786
-12.835999
180.752121
116.995110
60.556557
-12.836319
188.749023
116.996048
68.557144
-12.836700
196.752350
116.994072
76.557114
-12.835236
204.748276
116.993172
84.557785
-12.836891
212.753418
116.994797
92.556435
-12.836182
220.748764
116.996948
100.556343
-12.835976
228.750580
116.994347
108.558456
-12.835220
236.748291
116.994362
116.557388
-12.835449
244.752838
116.994911
124.557304
-12.834137
252.749756
116.998566
132.554047
-12.835167
260.749603
116.994652
140.557297
-12.837433
268.746826
116.993576
148.558411
-12.835869
276.751831
116.992012
156.558792
-12.834679
284.750122
116.993744
164.557190
-12.834312
292.752167
116.991852
172.557495
-12.834145
300.750061
116.992622
180.557022
-12.833618
308.752625
116.991570
188.557343
-12.833954
316.749695
116.993019
196.556732
-12.833595
324.752441
116.991524
204.557159
-12.833862
332.749695
116.992836
212.556747
-12.833504
340.752319
116.991516
220.557236
-12.833794
348.749817
116.992905
228.556244
-12.834244
356.751892
116.992119
236.558807
-12.834091
364.751953
116.992447
244.549423
-12.836365
372.751068
116.998482
252.544647
-12.839203
380.636963
116.921089
-59.405121
-4.853523
68.713882
125.013016
-51.438927
-4.829803
76.755905
124.988365
-43.440430
-4.837128
84.751427
124.991249
-35.441620
-4.835548
92.748306
124.992432
-27.442291
-4.835022
100.752197
124.991882
-19.440571
-4.835495
108.749115
124.992188
-11.442093
-4.835281
116.752243
124.991180
-3.441238
-4.835121
124.749184
124.991508
4.557461
-4.835114
132.752808
124.990799
12.558563
-4.835144
140.749161
124.991470
20.557716
-4.835373
148.752197
124.990952
28.558479
-4.835213
156.748993
124.991821
36.557461
-4.835472
164.753052
124.990997
44.559029
-4.835114
172.749420
124.991684
52.557716
-4.835266
180.752106
124.990791
60.558964
-4.835342
188.749481
124.991425
68.558517
-4.835312
196.754089
124.992455
76.557724
-4.835144
204.749451
124.993530
84.556625
-4.835350
212.752014
124.992630
92.558861
-4.834129
220.748764
124.990761
100.559402
-4.835701
228.754272
124.992279
108.558136
-4.834480
236.749466
124.994141
116.555832
-4.834663
244.752075
124.991051
124.559143
-4.835419
252.747894
124.993088
132.556717
-4.836678
260.751404
124.993729
140.559189
-4.835464
268.748505
124.992081
148.558350
-4.835579
276.753265
124.989395
156.559036
-4.834465
284.748962
124.990761
164.557861
-4.833748
292.752777
124.990349
172.558365
-4.833611
300.749512
124.990829
180.557037
-4.833496
308.752991
124.989655
188.558197
-4.833313
316.749420
124.990417
196.557251
-4.833130
324.753326
124.989891
204.557953
-4.833359
332.749146
124.990410
212.557068
-4.833389
340.753113
124.989578
220.558212
-4.833290
348.749237
124.990349
228.556671
-4.834114
356.752686
124.990173
236.559753
-4.834183
364.751373
124.990265
244.550247
-4.835808
372.751678
124.996788
252.544617
-4.839737
380.637604
124.919968
-59.407593
3.145844
68.713074
133.013855
-51.438091
3.170631
76.756668
132.989563
-43.440102
3.162476
84.751503
132.993256
-35.442223
3.164665
92.749908
132.994080
-27.442928
3.164131
100.751923
132.993286
-19.442322
3.164429
108.749359
132.993973
-11.442307
3.164146
116.752121
132.993103
-3.442501
3.164566
124.749619
132.994263
4.557224
3.164780
132.752045
132.992722
12.557438
3.164452
140.749878
132.993866
20.557285
3.164803
148.751511
132.992706
28.557602
3.164238
156.749634
132.993835
36.557171
3.164368
164.752304
132.992737
44.557983
3.163940
172.749359
132.993896
52.557331
3.164429
180.751953
132.992706
60.557610
3.164688
188.750076
132.994217
68.556702
3.164253
196.751373
132.992706
76.557335
3.164696
204.748672
132.993561
84.558319
3.164093
212.752625
132.993622
92.557083
3.163597
220.750046
132.995499
100.556404
3.165108
228.752106
132.992950
108.557327
3.165237
236.749725
132.993546
116.555481
3.164291
244.751953
132.993546
124.557556
3.164734
252.747238
132.996948
132.556885
3.165298
260.752441
132.992493
140.559143
3.163155
268.750580
132.994354
148.558624
3.164742
276.752563
132.993210
156.557739
3.164513
284.749359
132.993652
164.557343
3.165695
292.752197
132.991608
172.557541
3.165955
300.750122
132.993042
180.556915
3.166443
308.752380
132.991669
188.557175
3.166100
316.749817
132.992783
196.556686
3.166458
324.752197
132.991577
204.557327
3.166069
332.749817
132.993042
212.556854
3.166428
340.752563
132.991547
220.557236
3.166306
348.749725
132.992950
228.556808
3.165878
356.752625
132.992249
236.558411
3.165802
364.751434
132.992249
244.549103
3.163467
372.750793
132.998352
252.544952
3.160728
380.636780
132.921112
-59.405415
11.146423
68.713562
141.011978
-51.438168
11.170937
76.756447
140.986847
-43.439827
11.163567
84.752281
140.990631
-35.441319
11.165375
92.749596
140.991516
-27.442646
11.165756
100.752998
140.990601
-19.441216
11.165222
108.749809
140.991791
-11.442726
11.165565
116.752716
140.990753
-3.441525
11.165009
124.749268
140.991699
4.557156
11.164909
132.752548
140.991089
12.558342
11.165054
140.748993
140.991364
20.557499
11.165176
148.752670
140.990723
28.558159
11.164909
156.749390
140.991608
36.557327
11.165054
164.752716
140.991119
44.558525
11.164612
172.749023
140.991653
52.557381
11.165115
180.752472
140.990662
60.558533
11.165138
188.749176
140.991684
68.557442
11.164810
196.753021
140.991379
76.558350
11.164558
204.748932
140.992264
84.557571
11.164970
212.752106
140.991409
92.558792
11.164978
220.749481
140.991745
100.557785
11.164429
228.754044
140.992584
108.557907
11.163788
236.749237
140.995758
116.553574
11.164955
244.750824
140.992188
124.559921
11.163506
252.747421
140.991577
132.558319
11.163628
260.752625
140.993805
140.558655
11.165283
268.748749
140.991699
148.558762
11.163925
276.752808
140.990402
156.558929
11.165627
284.749664
140.991257
164.557587
11.166534
292.753326
140.990021
172.558105
11.166435
300.749298
140.990463
180.557343
11.166748
308.753265
140.989899
188.558136
11.166748
316.749390
140.990524
196.556976
11.166801
324.753021
140.989594
204.558136
11.166832
332.749268
140.990463
212.557159
11.166756
340.753571
140.989929
220.557983
11.166809
348.748871
140.990265
228.556839
11.165771
356.752991
140.990234
236.560104
11.165413
364.751526
140.990997
244.550049
11.163849
372.751434
140.996765
252.544830
11.160095
380.637390
140.919724
-59.407421
19.145638
68.712921
149.013535
-51.438229
19.170807
76.756683
148.989044
-43.440342
19.162445
84.751442
148.992462
-35.442081
19.165024
92.750305
148.993561
-27.442692
19.165085
100.752228
148.992126
-19.442055
19.165169
108.750076
148.993515
-11.442722
19.165215
116.752701
148.992279
-3.442451
19.164886
124.749657
148.993713
4.557140
19.164879
132.752167
148.992477
12.557644
19.164864
140.750092
148.993439
20.557266
19.164810
148.752319
148.992188
28.557590
19.164810
156.749817
148.993607
36.556992
19.164658
164.752106
148.992355
44.557571
19.164330
172.749756
148.993607
52.557335
19.164459
180.752502
148.992279
60.557796
19.164581
188.749420
148.993561
68.557472
19.164658
196.752579
148.992676
76.557518
19.164146
204.749634
148.993286
84.557716
19.164497
212.752563
148.992493
92.557465
19.164513
220.750275
148.994202
100.556366
19.164680
228.751450
148.992798
108.557892
19.164772
236.749359
148.994934
116.557030
19.164169
244.752609
148.995163
124.556938
19.166298
252.750275
148.994507
132.557907
19.164085
260.751892
148.991852
140.559052
19.165062
268.750732
148.993011
148.557785
19.166267
276.753571
148.992126
156.557724
19.165085
284.749634
148.993225
164.557175
19.166229
292.752563
148.991714
172.557373
19.165894
300.749939
148.993027
180.556793
19.166389
308.752197
148.991486
188.557404
19.166092
316.750031
148.992966
196.556717
19.166519
324.752350
148.991531
204.557190
19.166168
332.749756
148.992859
212.556763
19.166298
340.752625
148.991745
220.557098
19.166367
348.749695
148.993103
228.556213
19.165588
356.751953
148.992126
236.559265
19.165619
364.751556
148.992462
244.549866
19.162895
372.750916
148.998932
252.544769
19.160759
380.636993
148.921051
-59.405403
27.146584
68.713028
157.012115
-51.437950
27.170624
76.756653
156.987076
-43.439751
27.163040
84.752701
156.990448
-35.441471
27.165192
92.749802
156.990997
-27.442444
27.165329
100.753975
156.989944
-19.441097
27.165359
108.749725
156.990677
-11.442440
27.165543
116.753464
156.990051
-3.441338
27.165352
124.749748
156.990768
4.557869
27.165489
132.753281
156.990326
12.558548
27.164963
140.750305
156.990891
20.557484
27.165329
148.753235
156.990372
28.558731
27.164902
156.749802
156.991150
36.557838
27.165314
164.753113
156.990723
44.558796
27.164795
172.749817
156.991501
52.557640
27.164993
180.753510
156.990906
60.558990
27.164711
188.749603
156.991669
68.557648
27.164543
196.753113
156.990936
76.558777
27.164772
204.749908
156.991486
84.558075
27.164909
212.753677
156.991196
92.558334
27.164955
220.749390
156.991974
100.557266
27.164909
228.753540
156.991455
108.557648
27.165482
236.748779
156.992035
116.557396
27.165558
244.752548
156.991577
124.558693
27.165512
252.748718
156.992447
132.557678
27.165092
260.753265
156.991150
140.558807
27.165390
268.749969
156.991821
148.557800
27.165909
276.752716
156.990692
156.558640
27.166290
284.749573
156.990921
164.557434
27.166588
292.753021
156.989960
172.558350
27.166557
300.749573
156.990540
180.557251
27.166756
308.753174
156.989777
188.558167
27.166649
316.749329
156.990387
196.557205
27.166840
324.753296
156.989777
204.558014
27.166664
332.749390
156.990463
212.556885
27.166679
340.753235
156.989868
220.558060
27.166687
348.749023
156.990540
228.556824
27.165779
356.752899
156.990585
236.560074
27.165703
364.751556
156.990417
244.550369
27.163803
372.751801
156.996796
252.544861
27.160172
380.637726
156.920074
-59.408245
35.146103
68.713684
165.013458
-51.438168
35.171295
76.757324
164.988220
-43.440434
35.163231
84.752213
164.992432
-35.442444
35.165428
92.750603
164.993652
-27.442978
35.165924
100.753075
164.992630
-19.442345
35.165565
108.750565
164.993530
-11.443005
35.165955
116.753204
164.992249
-3.442425
35.165787
124.750610
164.993240
4.556995
35.165939
132.752716
164.991791
12.557873
35.165497
140.750961
164.993576
20.556698
35.165634
148.752731
164.992493
28.557720
35.165680
156.750580
164.993683
36.557022
35.165833
164.752762
164.992157
44.557735
35.165184
172.750504
164.993820
52.556957
35.165695
180.752625
164.992615
60.557838
35.165054
188.750839
164.993866
68.557152
35.165619
196.752594
164.992584
76.557739
35.165253
204.750946
164.993591
84.557045
35.165337
212.753113
164.992752
92.557388
35.165497
220.750336
164.994385
100.557098
35.165497
228.753021
164.993439
108.557007
35.165184
236.750214
164.994354
116.556976
35.165024
244.752014
164.993881
124.556213
35.164772
252.749237
164.994293
132.556900
35.164429
260.751892
164.992920
140.557465
35.164185
268.748688
164.993805
148.557358
35.165543
276.752228
164.991943
156.558136
35.165855
284.749756
164.993454
164.556946
35.166275
292.752380
164.991638
172.557495
35.165932
300.750061
164.992981
180.556900
35.166336
308.752411
164.991608
188.557343
35.166061
316.749939
164.992950
196.556732
35.166405
324.752380
164.991486
204.557098
35.166115
332.749908
164.992889
212.556519
35.166412
340.752197
164.991837
220.557068
35.166283
348.749573
164.993042
228.556244
35.165665
356.751984
164.992279
236.559113
35.165909
364.752106
164.992584
244.549484
35.163628
372.751038
164.998322
252.544830
35.160530
380.637177
164.921143
-59.405895
43.146629
68.714104
173.013062
-51.438919
43.172188
76.756126
172.986481
-43.440891
43.163521
84.751389
172.990723
-35.441971
43.166466
92.748581
172.991379
-27.442810
43.165771
100.752457
172.990829
-19.441921
43.166550
108.748596
172.991364
-11.443333
43.165894
116.752380
172.990753
-3.442142
43.166656
124.748901
172.991547
4.556938
43.166359
132.752472
172.990417
12.557884
43.166710
140.748535
172.991211
20.556808
43.166832
148.752716
172.990250
28.557976
43.166733
156.748962
172.991089
36.556816
43.166595
164.752563
172.990494
44.557743
43.166824
172.748550
172.990875
52.556923
43.166306
180.752686
172.990143
60.557945
43.166679
188.749039
172.991150
68.556839
43.166435
196.752655
172.990677
76.557434
43.166878
204.748657
172.991211
84.556564
43.166641
212.752960
172.991058
92.557465
43.166847
220.748199
172.991592
100.556946
43.166100
228.753021
172.992294
108.557388
43.166435
236.748413
172.992584
116.556938
43.165375
244.752548
172.992371
124.557434
43.165916
252.748123
172.992188
132.557053
43.164963
260.751831
172.991043
140.558716
43.165474
268.747833
172.991455
148.558502
43.165634
276.753265
172.990234
156.558838
43.165459
284.749573
172.990601
164.557648
43.166748
292.753387
172.989914
172.558441
43.166473
300.749725
172.990463
180.557327
43.166786
308.753296
172.989761
188.558319
43.166695
316.749573
172.990479
196.557251
43.166893
324.753235
172.989792
204.558014
43.166771
332.749359
172.990448
212.557022
43.166733
340.752686
172.989899
220.558014
43.166679
348.749176
172.990356
228.556931
43.165977
356.752594
172.990311
236.559952
43.165794
364.751770
172.990402
244.550491
43.164169
372.751831
172.996613
252.544464
43.160065
380.637543
172.919861
-59.408131
51.146347
68.714218
181.015152
-51.439484
51.171814
76.757347
180.989990
-43.441330
51.163200
84.750450
180.993225
-35.443405
51.165771
92.749702
180.994293
-27.443459
51.165588
100.752220
180.993317
-19.443604
51.165329
108.749306
180.994400
-11.443760
51.165619
116.751495
180.993195
-3.443501
51.165161
124.749420
180.994598
4.556496
51.165466
132.751663
180.993546
12.556488
51.165047
140.749176
180.994324
20.556812
51.165253
148.752075
180.993240
28.556332
51.165337
156.749268
180.994492
36.556496
51.165390
164.751648
180.993423
44.556503
51.165382
172.749054
180.994476
52.556469
51.165680
180.751846
180.993317
60.556099
51.165344
188.749146
180.994598
68.556091
51.165588
196.751434
180.993652
76.555969
51.165405
204.748749
180.994934
84.555847
51.165199
212.751114
180.994415
92.556183
51.165291
220.748657
180.995529
100.555946
51.164902
228.750427
180.994522
108.556709
51.165230
236.748734
180.995605
116.556335
51.165100
244.751053
180.994598
124.556610
51.164574
252.748856
180.996002
132.555939
51.164223
260.750366
180.993362
140.557709
51.163712
268.748444
180.992828
148.558685
51.164513
276.753052
180.992065
156.558319
51.165596
284.750366
180.993744
164.556900
51.166122
292.752625
180.991730
172.557556
51.166069
300.750305
180.992981
180.556976
51.166222
308.752411
180.991486
188.557404
51.166061
316.749908
180.992844
196.556885
51.166359
324.752411
180.991455
204.557343
51.166077
332.749878
180.992950
212.556992
51.166275
340.752350
180.991699
220.557251
51.166084
348.749756
180.992767
228.556702
51.165840
356.752045
180.992035
236.558853
51.165733
364.751984
180.992447
244.549637
51.163673
372.751221
180.998932
252.544647
51.160774
380.637085
180.921143
-59.406433
59.146011
68.714569
189.014633
-51.439293
59.172607
76.756157
188.988266
-43.441074
59.163544
84.752083
188.992416
-35.442253
59.166237
92.749283
188.993073
-27.442650
59.165497
100.753624
188.993332
-19.442467
59.165733
108.748779
188.993347
-11.442551
59.165123
116.753540
188.993454
-3.442265
59.165802
124.748734
188.993500
4.557556
59.165230
132.753448
188.993469
12.557816
59.165787
140.748932
188.993469
20.557568
59.165344
148.753510
188.993393
28.557499
59.165833
156.748779
188.993713
36.557213
59.165337
164.753479
188.993958
44.557468
59.165741
172.748840
188.994110
52.557125
59.165085
180.753448
188.994247
60.557335
59.165550
188.748718
188.994324
68.557098
59.165009
196.753250
188.994354
76.557533
59.165451
204.748779
188.994659
84.557068
59.164917
212.753204
188.994843
92.557648
59.165405
220.748886
188.995056
100.557175
59.164810
228.753235
188.995087
108.557724
59.165131
236.748901
188.994980
116.557144
59.164665
244.752930
188.994659
124.557854
59.164970
252.748032
188.994278
132.557632
59.164551
260.752747
188.993195
140.558548
59.164810
268.747986
188.991287
148.558197
59.165512
276.752319
188.990082
156.558640
59.166489
284.749115
188.991455
164.557556
59.166313
292.752899
188.990402
172.558197
59.166443
300.749390
188.990906
180.557281
59.166481
308.753052
188.990250
188.558151
59.166374
316.749298
188.990753
196.557083
59.166595
324.753052
188.990036
204.558060
59.166229
332.749176
188.990723
212.557388
59.166420
340.753204
188.990051
220.558548
59.166473
348.749420
188.990891
228.556976
59.165840
356.752716
188.990479
236.559952
59.165688
364.751740
188.990326
244.550385
59.164001
372.751801
188.996689
252.544693
59.160034
380.637451
188.919830
-59.408337
67.146149
68.713707
197.016754
-51.439728
67.171028
76.755821
196.992096
-43.441383
67.161636
84.750031
196.995789
-35.442818
67.163940
92.749680
196.996582
-27.442921
67.163460
100.751793
196.996155
-19.442921
67.163498
108.748817
196.996872
-11.442829
67.163467
116.751404
196.995575
-3.442726
67.163277
124.749420
196.996933
4.556801
67.163231
132.750916
196.995819
12.557362
67.163132
140.749512
196.996857
20.556961
67.163147
148.751160
196.996048
28.556843
67.163315
156.748901
196.996887
36.556683
67.163322
164.751068
196.995987
44.557114
67.163460
172.748932
196.997131
52.556808
67.163429
180.751343
196.996216
60.557175
67.163544
188.749176
196.997208
68.556816
67.163589
196.751480
196.996185
76.557198
67.163673
204.749268
196.997162
84.556877
67.163498
212.751358
196.996140
92.557228
67.163734
220.749222
196.997223
100.556892
67.163574
228.751434
196.996277
108.557388
67.163750
236.749252
196.997223
116.557007
67.163574
244.751617
196.996109
124.557220
67.163765
252.748917
196.996643
132.557297
67.163666
260.750854
196.995300
140.557617
67.163338
268.748596
196.995728
148.556778
67.164658
276.750916
196.992310
156.557831
67.164757
284.747864
196.993256
164.557220
67.165939
292.752075
196.992111
172.557526
67.165611
300.749725
196.993469
180.556976
67.165985
308.752228
196.992188
188.557465
67.165611
316.750092
196.993515
196.556580
67.165932
324.751984
196.992126
204.557419
67.165611
332.750061
196.993378
212.556915
67.165985
340.752106
196.991882
220.557556
67.166061
348.749969
196.992935
228.556793
67.165665
356.752045
196.992249
236.558975
67.165672
364.752136
196.992538
244.549515
67.163269
372.751221
196.998627
252.544891
67.160561
380.636963
196.921387
-59.406311
75.146210
68.714287
205.015259
-51.439213
75.172127
76.755470
204.989441
-43.441212
75.163025
84.751793
204.993774
-35.441837
75.165482
92.749031
204.994492
-27.442467
75.164421
100.752846
204.995026
-19.441765
75.164879
108.748833
204.994492
-11.441936
75.164505
116.753372
204.994446
-3.441799
75.164719
124.748810
204.994324
4.557838
75.164543
132.752960
204.994583
12.558117
75.164902
140.748138
204.994781
20.557869
75.164284
148.753220
204.995178
28.557735
75.165039
156.747787
204.994995
36.557537
75.164192
164.753082
204.995026
44.558060
75.165062
172.748291
204.994919
52.557632
75.164688
180.753479
204.994995
60.557911
75.164848
188.748566
204.994919
68.557571
75.164429
196.753204
204.995026
76.558128
75.164902
204.748581
204.995087
84.557495
75.164627
212.753143
204.994980
92.557983
75.164940
220.748657
204.994995
100.557381
75.164581
228.752975
204.995056
108.557861
75.164970
236.748505
204.995056
116.557327
75.164253
244.752899
204.995041
124.558029
75.164619
252.747833
204.994690
132.557434
75.164017
260.751556
204.993286
140.559326
75.164261
268.748077
204.993439
148.557922
75.164040
276.752899
204.991669
156.558746
75.164818
284.748352
204.990616
164.557907
75.165504
292.752319
204.989914
172.558563
75.166283
300.749817
204.990601
180.557465
75.166382
308.753052
204.989929
188.558273
75.166420
316.749573
204.990417
196.557343
75.166435
324.752899
204.989960
204.558258
75.166206
332.749786
204.990540
212.557663
75.166214
340.753601
204.989944
220.558304
75.166443
348.749573
204.990463
228.557190
75.165817
356.753174
204.990326
236.560150
75.165443
364.751648
204.990570
244.550171
75.164085
372.751984
204.996277
252.544586
75.159851
380.637573
204.919952
-59.407871
83.145782
68.714088
213.016449
-51.439240
83.170868
76.756012
212.991867
-43.441528
83.161568
84.750160
212.995483
-35.442314
83.164604
92.749969
212.996338
-27.442200
83.163315
100.752563
212.996277
-19.442921
83.164078
108.749176
212.996948
-11.442802
83.163712
116.752281
212.995422
-3.443119
83.163666
124.749222
212.996552
4.557705
83.163651
132.751938
212.996094
12.557758
83.163147
140.748749
212.997772
20.557716
83.163681
148.751251
212.996857
28.557640
83.163254
156.749649
212.997070
36.557602
83.163643
164.752060
212.996368
44.557648
83.163841
172.750397
212.996979
52.556953
83.163589
180.751617
212.996536
60.557449
83.163727
188.749908
212.997314
68.557068
83.163651
196.751648
212.996536
76.557274
83.163651
204.749542
212.997345
84.557213
83.163727
212.751968
212.996475
92.557045
83.163857
220.749420
212.997192
100.556778
83.163513
228.751587
212.996368
108.557053
83.163223
236.749054
212.997314
116.557068
83.163002
244.750961
212.996429
124.557419
83.162773
252.749054
212.997162
132.557846
83.162903
260.751038
212.995407
140.557755
83.162827
268.748871
212.995071
148.558426
83.163414
276.751740
212.993118
156.558319
83.164474
284.750244
212.993942
164.557709
83.165413
292.752289
212.992126
172.557556
83.165466
300.749573
212.993149
180.557053
83.166054
308.752319
212.991730
188.557266
83.165756
316.750000
212.993118
196.556763
83.166298
324.751923
212.991577
204.557571
83.165527
332.750092
212.993011
212.557388
83.165955
340.752441
212.991882
220.557724
83.165726
348.749847
212.993011
228.556931
83.165550
356.752289
212.992172
236.559082
83.165710
364.752167
212.992615
244.549530
83.163330
372.751038
212.998566
252.544952
83.160599
380.637299
212.921005
-59.406410
91.146599
68.714767
221.014893
-51.439705
91.171143
76.755508
220.989700
-43.440826
91.161789
84.752403
220.993591
-35.441162
91.165176
92.749184
220.993103
-27.441742
91.164490
100.753502
220.994370
-19.442005
91.164268
108.748589
220.994461
-11.442455
91.164322
116.752724
220.994781
-3.441650
91.164169
124.748734
220.994064
4.558155
91.164215
132.752899
220.993881
12.558647
91.164742
140.748428
220.993805
20.558460
91.164246
148.753296
220.994049
28.558357
91.165482
156.749176
220.993317
36.556931
91.164787
164.753036
220.994019
44.557850
91.164902
172.748566
220.994598
52.557735
91.164139
180.752319
220.994949
60.558723
91.165070
188.748627
220.994583
68.557770
91.164124
196.753143
220.994751
76.558167
91.165268
204.748337
220.994843
84.557159
91.164558
212.752899
220.995071
92.558014
91.164635
220.748413
220.995193
100.557571
91.163902
228.752533
220.994980
108.558311
91.164177
236.747833
220.994827
116.558411
91.163651
244.752884
220.994568
124.558884
91.164246
252.747559
220.994110
132.558212
91.163277
260.752808
220.992706
140.559479
91.164146
268.748260
220.992477
148.558472
91.164375
276.753174
220.991028
156.559265
91.165237
284.749207
220.991547
164.557785
91.165985
292.753052
220.990250
172.558334
91.166183
300.749359
220.990906
180.557190
91.166512
308.753082
220.990021
188.558136
91.166367
316.749329
220.990860
196.557083
91.166542
324.752808
220.990082
204.558258
91.165695
332.749664
220.991074
212.557602
91.166466
340.752930
220.990051
220.558685
91.166313
348.749817
220.990768
228.557220
91.165932
356.752899
220.990845
236.560120
91.165680
364.751953
220.990814
244.550507
91.163567
372.751648
220.996948
252.544968
91.159668
380.638000
220.919739
-59.408127
99.145416
68.713882
229.016159
-51.440044
99.170540
76.754852
228.992416
-43.440857
99.160767
84.750908
228.995590
-35.441536
99.163849
92.750183
228.996307
-27.443268
99.162254
100.752129
228.996353
-19.443142
99.163521
108.748734
228.996643
-11.443089
99.163406
116.751114
228.995102
-3.443024
99.164162
124.749275
228.995697
4.557365
99.164124
132.751892
228.995178
12.557232
99.164299
140.749146
228.996811
20.556225
99.164055
148.751419
228.995529
28.557003
99.163307
156.749603
228.997040
36.556446
99.163620
164.750061
228.996429
44.556870
99.163734
172.748367
228.997162
52.557838
99.163277
180.751556
228.996063
60.557281
99.163406
188.749603
228.997238
68.556915
99.163895
196.751190
228.996109
76.557411
99.163612
204.749435
228.996826
84.557144
99.163460
212.751099
228.996033
92.557373
99.164009
220.749130
228.996887
100.556793
99.163635
228.751053
228.996033
108.557442
99.162849
236.748901
228.996490
116.557724
99.163055
244.751480
228.994751
124.557487
99.162155
252.748596
228.995544
132.557587
99.163345
260.751343
228.993835
140.558441
99.163010
268.748962
228.993713
148.558380
99.164673
276.751831
228.992462
156.558350
99.165146
284.749939
228.993362
164.557144
99.165970
292.752350
228.991730
172.557434
99.165710
300.749817
228.993088
180.556839
99.165993
308.752167
228.991882
188.557236
99.165787
316.749634
228.993271
196.556839
99.166222
324.752197
228.991714
204.557602
99.165474
332.750275
228.993286
212.557053
99.166283
340.752258
228.991928
220.557587
99.165665
348.750244
228.993225
228.556778
99.165634
356.751984
228.992401
236.559219
99.165779
364.752197
228.992767
244.549850
99.163177
372.751068
228.998871
252.544922
99.160301
380.637238
228.921143
-59.405334
107.146645
68.713547
237.013641
-51.439304
107.170967
76.755112
236.989319
-43.440056
107.160751
84.751976
236.993439
-35.440475
107.164116
92.748138
236.994476
-27.442104
107.163055
100.751854
236.994858
-19.441738
107.163559
108.748589
236.995834
-11.443108
107.163437
116.751534
236.994812
-3.441803
107.163582
124.747513
236.994293
4.558296
107.163963
132.752045
236.994324
12.558277
107.163887
140.747253
236.994995
20.557518
107.164505
148.751511
236.995255
28.557842
107.164963
156.747086
236.995529
36.557274
107.164352
164.751373
236.994797
44.559109
107.164528
172.748566
236.994934
52.558144
107.164185
180.753204
236.995209
60.558441
107.164093
188.748871
236.995392
68.557343
107.163773
196.753326
236.995514
76.557976
107.164963
204.748703
236.995056
84.557449
107.164436
212.752960
236.994446
92.557472
107.164375
220.747955
236.994461
100.557129
107.163902
228.751251
236.994507
108.558464
107.163750
236.747498
236.993683
116.558174
107.163300
244.752899
236.993805
124.558640
107.164352
252.747269
236.992310
132.558380
107.163727
260.752899
236.992096
140.559204
107.164993
268.749054
236.991608
148.558441
107.165497
276.753204
236.990250
156.559006
107.166122
284.749634
236.990952
164.557404
107.166588
292.753479
236.990143
172.558167
107.166077
300.749390
236.990555
180.557373
107.166313
308.752930
236.990234
188.558167
107.166321
316.749207
236.990814
196.557297
107.166328
324.753235
236.989944
204.558258
107.165985
332.749481
236.990753
212.557297
107.166534
340.752899
236.990112
220.558334
107.166069
348.749817
236.990967
228.557175
107.166122
356.752869
236.990662
236.560150
107.165443
364.751862
236.990845
244.550613
107.163712
372.751709
236.996918
252.544907
107.159821
380.637939
236.919922
-59.407318
115.145103
68.714096
245.014648
-51.438614
115.170914
76.755104
244.990448
-43.440029
115.161140
84.751816
244.994354
-35.441620
115.163292
92.749573
244.996521
-27.443008
115.163185
100.750877
244.995422
-19.442139
115.162811
108.748230
244.996613
-11.442169
115.162720
116.750023
244.996643
-3.441719
115.163353
124.748901
244.997284
4.557762
115.163559
132.751205
244.996735
12.557098
115.163589
140.747574
244.997009
20.557186
115.163467
148.750641
244.995071
28.557632
115.162476
156.748322
244.995697
36.557468
115.163139
164.751022
244.994049
44.557190
115.162613
172.749542
244.993805
52.558132
115.163742
180.752808
244.993607
60.556908
115.163742
188.749496
244.995514
68.556900
115.163895
196.750031
244.995316
76.557404
115.163673
204.749634
244.997116
84.557159
115.163376
212.750977
244.995850
92.557297
115.162712
220.748535
244.996292
100.557526
115.163612
228.749817
244.995178
108.557968
115.163452
236.748901
244.995819
116.557877
115.163048
244.751007
244.994629
124.557617
115.163383
252.748749
244.994507
132.558075
115.164146
260.750916
244.992554
140.558960
115.164284
268.750061
244.993713
148.557449
115.165451
276.752502
244.991913
156.557953
115.165947
284.750061
244.993057
164.556946
115.166367
292.752625
244.991760
172.557495
115.165649
300.750000
244.993164
180.556839
115.166039
308.752014
244.991821
188.557419
115.165733
316.749695
244.993195
196.556885
115.166229
324.752380
244.991806
204.557480
115.165627
332.750000
244.993134
212.556885
115.166252
340.752106
244.991852
220.557358
115.165848
348.750244
244.993347
228.556610
115.165726
356.751892
244.992432
236.559006
115.165649
364.752136
244.992813
244.549850
115.163300
372.751190
244.998779
252.544922
115.160339
380.637238
244.921036
-59.405140
123.146484
68.713661
253.012772
-51.437996
123.170929
76.755493
252.986984
-43.440002
123.162285
84.752350
252.991791
-35.440609
123.165138
92.749443
252.992920
-27.441818
123.163979
100.753029
252.993362
-19.441097
123.163132
108.749306
252.993607
-11.441586
123.163200
116.752258
252.993149
-3.440002
123.162964
124.749260
252.994080
4.558262
123.162941
132.751846
252.994446
12.559254
123.163628
140.748535
252.994232
20.558704
123.163422
148.752899
252.994034
28.559021
123.164833
156.749435
252.993820
36.557518
123.163666
164.752701
252.992325
44.559189
123.164345
172.749741
252.992966
52.557056
123.163612
180.753052
252.994186
60.556870
123.164017
188.748108
252.994263
68.557541
123.162056
196.751923
252.994232
76.558517
123.162872
204.747803
252.993652
84.558228
123.163025
212.751862
252.993576
92.558205
123.163467
220.747437
252.993118
100.559608
123.163559
228.751892
252.992416
108.559433
123.163620
236.748657
252.993042
116.558662
123.164253
244.752350
252.992737
124.558945
123.164070
252.748596
252.992218
132.558441
123.164581
260.753052
252.990204
140.559402
123.165031
268.749695
252.991211
148.557800
123.166656
276.753906
252.990463
156.558411
123.166512
284.749512
252.990875
164.557175
123.166878
292.753296
252.989838
172.558411
123.166245
300.749664
252.990814
180.557159
123.166252
308.752869
252.990082
188.558075
123.166290
316.749176
252.990646
196.557358
123.166519
324.753235
252.990097
204.558197
123.166306
332.749268
252.990723
212.557251
123.166595
340.752930
252.989838
220.558228
123.166328
348.749573
252.990875
228.557007
123.166061
356.752747
252.990601
236.560120
123.165550
364.751770
252.990799
244.550629
123.163895
372.751862
252.996826
252.544876
123.159904
380.637909
252.919830
-59.407257
131.145874
68.713379
261.014038
-51.438026
131.171173
76.756531
260.989624
-43.440361
131.162415
84.752235
260.993225
-35.442081
131.165161
92.749771
260.994141
-27.442368
131.164856
100.752373
260.992554
-19.441650
131.164307
108.750801
260.994568
-11.442062
131.165024
116.752243
260.993195
-3.441936
131.164368
124.750488
260.994507
4.557602
131.165161
132.752411
260.992767
12.558159
131.164276
140.750565
260.993958
20.557556
131.164764
148.752716
260.993103
28.557491
131.163330
156.749283
260.994659
36.557365
131.163742
164.751633
260.994446
44.557137
131.162598
172.749237
260.996094
52.556664
131.162994
180.749817
260.994385
60.557899
131.163269
188.748703
260.996094
68.557602
131.163437
196.751968
260.995087
76.557632
131.162506
204.750244
260.996094
84.558426
131.162750
212.750961
260.995880
92.558044
131.162476
220.749573
260.995544
100.558395
131.163239
228.752167
260.993469
108.557907
131.162964
236.749969
260.994690
116.557693
131.164078
244.751236
260.993408
124.558434
131.163651
252.750092
260.993774
132.557617
131.165039
260.752838
260.991974
140.558441
131.165436
268.750397
260.993378
148.556992
131.166245
276.752380
260.991760
156.557617
131.166534
284.750397
260.992981
164.557037
131.166428
292.752777
260.991516
172.557480
131.165634
300.750122
260.993103
180.556992
131.165878
308.752258
260.991821
188.557404
131.165771
316.750031
260.993256
196.556870
131.166229
324.752441
260.991852
204.557495
131.165741
332.750031
260.993134
212.556870
131.166183
340.752167
260.991760
220.557190
131.166016
348.749969
260.993042
228.556488
131.165771
356.751892
260.992371
236.558960
131.165680
364.752075
260.992706
244.549881
131.163452
372.751099
260.998718
252.545074
131.160492
380.637268
260.921143
-59.405136
139.146851
68.713089
269.011505
-51.437611
139.171356
76.756531
268.986572
-43.440090
139.163895
84.752464
268.990204
-35.441277
139.166061
92.750122
268.991364
-27.442631
139.165802
100.753700
268.990692
-19.441765
139.165283
108.749916
268.991791
-11.442722
139.165863
116.753143
268.991028
-3.441757
139.165314
124.749641
268.992035
4.557293
139.165405
132.753235
268.991821
12.558151
139.164703
140.749451
268.992798
20.557247
139.164825
148.752762
268.992340
28.558575
139.164536
156.748993
268.992401
36.557579
139.164352
164.752258
268.991730
44.559151
139.163742
172.749649
268.993256
52.557854
139.164612
180.752731
268.991974
60.559067
139.163620
188.749741
268.992462
68.558060
139.163788
196.753235
268.992859
76.558495
139.163574
204.748993
268.992767
84.558594
139.164429
212.752014
268.991730
92.559631
139.164444
220.749756
268.992126
100.558174
139.165466
228.753448
268.991760
108.558388
139.164474
236.748932
268.992188
116.557335
139.164978
244.752487
268.990295
124.559540
139.164993
252.749817
268.991089
132.557846
139.165985
260.753632
268.990387
140.558777
139.166000
268.749695
268.990845
148.557251
139.166733
276.753357
268.990112
156.558472
139.166962
284.749664
268.990601
164.557678
139.166534
292.753906
268.989807
172.558350
139.166061
300.749664
268.990570
180.557404
139.166290
308.753143
268.989960
188.558304
139.166183
316.749603
268.990570
196.557465
139.166565
324.753204
268.989990
204.558212
139.166473
332.749237
268.990692
212.557129
139.166702
340.753174
268.989960
220.558105
139.166626
348.749512
268.990753
228.556732
139.166046
356.752655
268.990540
236.559891
139.165558
364.751556
268.990509
244.550415
139.164047
372.751801
268.996704
252.544861
139.160095
380.637695
268.920044
-59.407326
147.145889
68.713287
277.013062
-51.437763
147.171387
76.756538
276.988892
-43.440273
147.163376
84.751999
276.992096
-35.442356
147.166092
92.750351
276.993286
-27.443382
147.166092
100.752327
276.991669
-19.443024
147.165222
108.749542
276.992981
-11.443153
147.165802
116.751884
276.991699
-3.442795
147.165314
124.749557
276.992981
4.556744
147.165695
132.751999
276.991699
12.557224
147.164978
140.749924
276.992798
20.557236
147.165726
148.752304
276.991638
28.557617
147.165451
156.750137
276.992950
36.556976
147.165771
164.753220
276.992004
44.557461
147.165466
172.750183
276.993225
52.557369
147.165527
180.752594
276.992279
60.557693
147.164764
188.750214
276.993530
68.557358
147.164948
196.752625
276.992859
76.557709
147.164597
204.749878
276.993896
84.557259
147.165039
212.752258
276.992615
92.557861
147.164825
220.749969
276.994019
100.557228
147.164734
228.751923
276.992615
108.557877
147.164368
236.749954
276.993622
116.557541
147.164673
244.752930
276.992432
124.558060
147.164764
252.750336
276.993713
132.556870
147.165207
260.752716
276.991882
140.557755
147.165558
268.750183
276.993225
148.556656
147.166260
276.752167
276.991577
156.557449
147.166321
284.750244
276.992798
164.557190
147.166229
292.753082
276.991577
172.557480
147.165833
300.750305
276.993042
180.557175
147.165985
308.752777
276.991882
188.557556
147.165436
316.750214
276.993103
196.556900
147.165924
324.752319
276.991455
204.557602
147.165955
332.749634
276.992920
212.556702
147.166565
340.752380
276.991577
220.557358
147.166245
348.750000
276.992981
228.556320
147.165955
356.751892
276.992218
236.558716
147.165817
364.752075
276.992554
244.549500
147.163635
372.750977
276.998596
252.544632
147.160828
380.636963
276.921021
-59.405060
155.146713
68.713409
285.011688
-51.437866
155.171082
76.756416
284.986572
-43.440151
155.163696
84.752426
284.990295
-35.441635
155.166245
92.749748
284.990967
-27.442680
155.165802
100.753342
284.991089
-19.441757
155.165466
108.748909
284.991730
-11.442223
155.165344
116.752945
284.990417
-3.441425
155.165436
124.749573
284.990845
4.557571
155.165909
132.752899
284.990448
12.558327
155.165955
140.749954
284.990784
20.557461
155.165771
148.753128
284.990082
28.558067
155.166077
156.749298
284.990601
36.557102
155.166061
164.752991
284.990082
44.557743
155.166199
172.749084
284.990540
52.556999
155.166046
180.752502
284.990204
60.558231
155.165710
188.749313
284.991028
68.557205
155.165894
196.752640
284.990448
76.558212
155.165543
204.749146
284.991150
84.557259
155.165390
212.752716
284.990448
92.558556
155.165649
220.749130
284.990997
100.557510
155.165894
228.753326
284.990356
108.558517
155.165833
236.750061
284.990967
116.557640
155.165955
244.753281
284.990143
124.558914
155.165588
252.749664
284.991272
132.557510
155.166077
260.753204
284.990326
140.558319
155.165924
268.749542
284.990967
148.557159
155.166290
276.753113
284.990051
156.558258
155.166733
284.749451
284.990479
164.557358
155.166397
292.753723
284.990051
172.558044
155.166153
300.749634
284.990540
180.557480
155.166168
308.753113
284.990082
188.558655
155.165802
316.749878
284.990967
196.557617
155.166534
324.753418
284.990265
204.558243
155.166504
332.749390
284.990479
212.557404
155.166718
340.753265
284.989746
220.558228
155.166901
348.749634
284.990417
228.556778
155.166290
356.752686
284.990173
236.559845
155.165771
364.751526
284.990326
244.550354
155.164185
372.751862
284.996796
252.544632
155.160248
380.637573
284.919861
-59.407207
163.145996
68.713226
293.013123
-51.437965
163.171341
76.756477
292.989075
-43.440308
163.163361
84.751717
292.992523
-35.442596
163.165817
92.750214
292.993347
-27.443031
163.165771
100.751915
292.991791
-19.442364
163.165375
108.750229
292.992615
-11.442070
163.165558
116.752853
292.991791
-3.442326
163.165283
124.750160
292.993134
4.557491
163.165436
132.752106
292.991943
12.557838
163.164673
140.749786
292.993286
20.557354
163.165375
148.752289
292.992188
28.557549
163.164963
156.749680
292.993469
36.557449
163.165100
164.752747
292.992767
44.557556
163.164764
172.749390
292.994080
52.557285
163.164978
180.752106
292.992554
60.557934
163.165024
188.750076
292.993683
68.557281
163.165100
196.752487
292.992279
76.557648
163.165131
204.749725
292.993896
84.557304
163.165329
212.752594
292.992188
92.557678
163.165192
220.749969
292.993195
100.557007
163.165527
228.752350
292.991821
108.557404
163.165253
236.749847
292.993225
116.556564
163.165314
244.752075
292.991730
124.557335
163.165100
252.749207
292.993103
132.557373
163.165604
260.752045
292.991821
140.557632
163.165741
268.749481
292.993103
148.557220
163.166229
276.752716
292.991821
156.557388
163.165878
284.750092
292.993011
164.557083
163.165833
292.752869
292.991913
172.557465
163.165573
300.749939
292.993073
180.557068
163.165741
308.752563
292.991699
188.557678
163.165588
316.750092
292.992798
196.557343
163.165955
324.752441
292.991821
204.557602
163.165955
332.749939
292.993042
212.557175
163.166534
340.752625
292.991699
220.557312
163.166321
348.750031
292.992798
228.556381
163.166061
356.751923
292.991943
236.558807
163.165863
364.751984
292.992218
244.549622
163.163605
372.751160
292.998657
252.544586
163.160843
380.637024
292.921021
-59.405136
171.146851
68.713326
301.011505
-51.437943
171.171265
76.756248
300.986511
-43.440094
171.163788
84.752304
300.990143
-35.441368
171.166046
92.749794
300.991028
-27.442581
171.165985
100.753471
300.990540
-19.441704
171.165833
108.749481
300.991241
-11.442520
171.165619
116.753151
300.990875
-3.441650
171.165253
124.749413
300.991760
4.557606
171.165588
132.752945
300.990875
12.558575
171.165314
140.749603
300.991394
20.557629
171.165649
148.753052
300.990814
28.558651
171.165298
156.749268
300.991364
36.557640
171.165451
164.752945
300.990692
44.558788
171.165451
172.749451
300.991028
52.558079
171.165680
180.753326
300.990051
60.558929
171.165527
188.750092
300.990997
68.557861
171.165924
196.753021
300.990417
76.558701
171.165390
204.749222
300.990906
84.557938
171.165375
212.753448
300.990326
92.558762
171.165314
220.749527
300.991333
100.557510
171.165436
228.753204
300.990814
108.558540
171.165146
236.749542
300.991913
116.557579
171.165314
244.752762
300.991241
124.558617
171.165421
252.748993
300.991425
132.557724
171.165741
260.753235
300.990295
140.558441
171.165833
268.749451
300.990601
148.557602
171.166245
276.753052
300.990082
156.558365
171.166046
284.749664
300.990845
164.557480
171.165985
292.753113
300.990356
172.558380
171.165771
300.749573
300.991119
180.557541
171.165894
308.753235
300.990540
188.558380
171.165833
316.749603
300.991028
196.557678
171.166443
324.752991
300.990234
204.558472
171.166473
332.749512
300.990631
212.557434
171.167023
340.753479
300.989746
220.558273
171.166748
348.749603
300.990540
228.557037
171.166199
356.752991
300.990387
236.559906
171.165680
364.751648
300.990173
244.550354
171.163940
372.752014
300.996765
252.544418
171.160156
380.637543
300.919678
-59.407333
179.145966
68.713135
309.013123
-51.437996
179.171295
76.756500
308.988922
-43.440403
179.163330
84.751717
308.992188
-35.442310
179.165604
92.750450
308.993103
-27.442848
179.165710
100.752335
308.992004
-19.442390
179.165253
108.750122
308.993073
-11.442810
179.165558
116.752480
308.992004
-3.442368
179.165176
124.750092
308.993286
4.557190
179.165649
132.752441
308.992035
12.557682
179.165146
140.750320
308.993347
20.557167
179.165482
148.752625
308.992188
28.557686
179.165253
156.750244
308.993408
36.557194
179.165451
164.752563
308.992249
44.557693
179.165131
172.750000
308.993561
52.557255
179.165115
180.752655
308.992676
60.557587
179.164856
188.749908
308.993988
68.557220
179.165054
196.752228
308.992554
76.557915
179.164810
204.750061
308.993713
84.557297
179.165283
212.752487
308.992401
92.557739
179.165070
220.749969
308.993591
100.557343
179.165192
228.752197
308.992310
108.557709
179.165054
236.750015
308.993408
116.557465
179.165268
244.752274
308.991821
124.558258
179.165039
252.750412
308.993164
132.557465
179.165359
260.752472
308.992218
140.557800
179.165283
268.750031
308.993408
148.557236
179.165573
276.752441
308.992218
156.557587
179.165253
284.750000
308.993469
164.557175
179.165588
292.752380
308.992188
172.557556
179.165253
300.750000
308.993469
180.557220
179.165619
308.752472
308.992218
188.557663
179.165466
316.750031
308.993347
196.557159
179.166016
324.752563
308.991730
204.557663
179.165985
332.750183
308.992950
212.557007
179.166718
340.752747
308.991547
220.557190
179.166504
348.749939
308.992706
228.556610
179.166092
356.752136
308.992218
236.558975
179.165771
364.752380
308.992584
244.549683
179.163025
372.750916
308.999023
252.544647
179.160522
380.636963
308.920990
-59.405140
187.146729
68.713409
317.011719
-51.438011
187.171295
76.756317
316.986511
-43.439980
187.163712
84.752579
316.990143
-35.441471
187.165939
92.749687
316.991028
-27.442627
187.166016
100.753197
316.990295
-19.441635
187.165771
108.749718
316.990906
-11.442646
187.165802
116.753204
316.990295
-3.441547
187.165771
124.749657
316.990936
4.557430
187.166107
132.753021
316.990173
12.558296
187.165756
140.749725
316.990967
20.557327
187.165924
148.753174
316.990295
28.558521
187.165710
156.749603
316.991119
36.557442
187.165787
164.753174
316.990417
44.558472
187.165588
172.749710
316.991089
52.557499
187.165710
180.753250
316.990356
60.558491
187.165588
188.749695
316.991028
68.557541
187.165894
196.753159
316.990479
76.558472
187.165649
204.749756
316.991150
84.557625
187.165802
212.753357
316.990509
92.558472
187.165634
220.749649
316.991119
100.557541
187.165771
228.753326
316.990601
108.558472
187.165497
236.749603
316.991302
116.557686
187.165741
244.753357
316.990662
124.558456
187.165482
252.749466
316.991241
132.557617
187.165741
260.753113
316.990570
140.558594
187.165649
268.749634
316.991119
148.557648
187.166046
276.753143
316.990265
156.558609
187.165802
284.749695
316.990875
164.557632
187.166000
292.753235
316.990295
172.558487
187.165710
300.749573
316.990906
180.557495
187.166077
308.753082
316.990295
188.558640
187.166016
316.749542
316.990906
196.557510
187.166611
324.753326
316.990173
204.558228
187.166687
332.749603
316.990570
212.557358
187.166977
340.753601
316.989838
220.558060
187.166809
348.749542
316.990417
228.556870
187.166138
356.752441
316.990387
236.559967
187.165604
364.751709
316.990601
244.550720
187.163498
372.751678
316.997314
252.545029
187.159973
380.637695
316.920013
-59.407379
195.145782
68.713264
325.013184
-51.437996
195.171249
76.756538
324.988861
-43.440487
195.163116
84.751740
324.992188
-35.442253
195.165344
92.750290
324.993195
-27.442726
195.165558
100.752205
324.992065
-19.442528
195.165497
108.750076
324.993103
-11.442787
195.165466
116.752777
324.991943
-3.442360
195.165131
124.749931
324.993347
4.556973
195.165726
132.752380
324.991791
12.557373
195.165283
140.749969
324.993317
20.557072
195.165497
148.752548
324.991974
28.557552
195.165375
156.749756
324.993317
36.557133
195.165558
164.752686
324.991943
44.557648
195.165100
172.750092
324.993286
52.557190
195.165604
180.752563
324.992126
60.557487
195.165222
188.750214
324.993286
68.557053
195.165390
196.752289
324.992065
76.557526
195.165253
204.750107
324.993286
84.557144
195.165527
212.752457
324.992065
92.557556
195.165100
220.750000
324.993378
100.557220
195.165466
228.752411
324.991943
108.557816
195.165146
236.750244
324.993286
116.557289
195.165680
244.752594
324.992004
124.557709
195.165375
252.750305
324.993225
132.557190
195.165802
260.752594
324.991882
140.557724
195.165436
268.750305
324.993195
148.557251
195.165833
276.752655
324.991882
156.557648
195.165405
284.750122
324.993225
164.557220
195.165741
292.752594
324.992004
172.557663
195.165359
300.750305
324.993225
180.557343
195.165863
308.752441
324.991821
188.557617
195.165619
316.750092
324.993042
196.557098
195.166412
324.752502
324.991638
204.557480
195.166336
332.750214
324.992859
212.556824
195.166779
340.752686
324.991608
220.557159
195.166412
348.749969
324.992737
228.556396
195.166016
356.751831
324.992279
236.558899
195.165573
364.752228
324.992615
244.549805
195.163055
372.751099
324.998688
252.544983
195.160309
380.636993
324.921021
-59.405235
203.146637
68.713562
333.011902
-51.437943
203.171097
76.756279
332.986694
-43.440037
203.163391
84.752220
332.990417
-35.441460
203.165894
92.749603
332.990906
-27.442314
203.165909
100.753296
332.990417
-19.441551
203.165741
108.749634
332.990936
-11.442436
203.165802
116.753151
332.990204
-3.441452
203.165649
124.749855
332.990997
4.557396
203.166290
132.752884
332.990234
12.558201
203.165741
140.749557
332.990967
20.557480
203.165771
148.753372
332.990448
28.558365
203.165558
156.749252
332.990814
36.557575
203.166016
164.753326
332.990204
44.558540
203.165741
172.749985
332.990967
52.557575
203.166046
180.753021
332.990356
60.558498
203.165787
188.749573
332.990875
68.557419
203.165726
196.753235
332.990326
76.558563
203.165649
204.749680
332.991180
84.557358
203.165939
212.753067
332.990326
92.558411
203.165604
220.749786
332.990967
100.557587
203.165833
228.753418
332.990417
108.558350
203.165771
236.749695
332.990906
116.557434
203.165924
244.753204
332.990173
124.558365
203.165848
252.749557
332.990936
132.557312
203.165970
260.753265
332.990234
140.558395
203.165771
268.749512
332.990967
148.557465
203.165985
276.753204
332.990234
156.558472
203.165833
284.749573
332.990814
164.557571
203.166061
292.753296
332.990234
172.558533
203.165939
300.749756
332.990845
180.557449
203.166351
308.753357
332.989990
188.558594
203.166229
316.749603
332.990784
196.557419
203.166977
324.753448
332.989838
204.558182
203.166901
332.749664
332.990479
212.557281
203.167068
340.753601
332.989746
220.558090
203.166840
348.749451
332.990509
228.556793
203.166168
356.752594
332.990326
236.560120
203.165558
364.751862
332.990540
244.550583
203.163559
372.751862
332.997070
252.544830
203.160141
380.637482
332.919983
-59.407467
211.145630
68.713394
341.013458
-51.437977
211.171112
76.756615
340.989044
-43.440319
211.162842
84.751724
340.992615
-35.442261
211.165253
92.750366
340.993378
-27.442814
211.165466
100.752007
340.992218
-19.442539
211.165222
108.749680
340.993225
-11.442795
211.165344
116.752754
340.992126
-3.442310
211.165039
124.749702
340.993469
4.556980
211.165375
132.752136
340.992126
12.557610
211.165176
140.749756
340.993439
20.557266
211.165390
148.752579
340.992310
28.557594
211.165405
156.750031
340.993317
36.557072
211.165344
164.752441
340.992065
44.557449
211.165192
172.749908
340.993469
52.557209
211.165344
180.752380
340.992188
60.557377
211.165283
188.749847
340.993408
68.557053
211.165482
196.752563
340.991974
76.557579
211.165161
204.749847
340.993256
84.557098
211.165543
212.752243
340.991882
92.557663
211.165253
220.750031
340.993103
100.557205
211.165573
228.752350
340.992126
108.557449
211.165283
236.749939
340.993286
116.557205
211.165482
244.752594
340.992004
124.557327
211.165268
252.749710
340.993439
132.556915
211.165634
260.752197
340.992157
140.557465
211.165268
268.749878
340.993347
148.557159
211.165451
276.752472
340.992065
156.557617
211.165253
284.750122
340.993286
164.557159
211.165466
292.752472
340.992004
172.557526
211.165253
300.750092
340.993225
180.557068
211.165756
308.752472
340.991669
188.557587
211.165512
316.750092
340.992920
196.556885
211.166504
324.752380
340.991638
204.557297
211.166397
332.750244
340.992737
212.556793
211.166824
340.752625
340.991608
220.557098
211.166443
348.750092
340.992828
228.556412
211.166016
356.751892
340.992157
236.558914
211.165619
364.752258
340.992676
244.549652
211.163086
372.751068
340.998840
252.544754
211.160522
380.636810
340.920959
-59.405106
219.146713
68.713379
349.011780
-51.437950
219.171051
76.756348
348.986572
-43.440041
219.163269
84.752258
348.990631
-35.441341
219.165649
92.749748
348.991394
-27.442448
219.165741
100.752998
348.990723
-19.441448
219.165497
108.749474
348.991302
-11.442631
219.165756
116.752968
348.990417
-3.441494
219.165619
124.749580
348.991302
4.557442
219.165833
132.752899
348.990417
12.558456
219.165619
140.749451
348.990845
20.557438
219.165924
148.752991
348.990356
28.558304
219.165588
156.749634
348.991089
36.557297
219.165619
164.752808
348.990540
44.558357
219.165283
172.749329
348.991180
52.557415
219.165802
180.752884
348.990387
60.558411
219.165787
188.749344
348.990967
68.557434
219.165863
196.753387
348.990479
76.558334
219.165421
204.749329
348.991180
84.557442
219.165863
212.752884
348.990387
92.558403
219.165527
220.749725
348.991150
100.557243
219.165863
228.752731
348.990417
108.558289
219.165634
236.749359
348.991058
116.557434
219.165741
244.753265
348.990570
124.558273
219.165558
252.749130
348.991089
132.557281
219.165863
260.752747
348.990143
140.558594
219.165665
268.749573
348.990845
148.557617
219.165817
276.753204
348.990234
156.558609
219.165497
284.749603
348.990936
164.557678
219.165710
292.753326
348.990265
172.558731
219.165421
300.749573
348.991028
180.557556
219.165955
308.753418
348.990326
188.558334
219.165970
316.749146
348.990723
196.557159
219.166534
324.753174
348.989807
204.558182
219.166840
332.749420
348.990448
212.557083
219.167099
340.753418
348.989746
220.558044
219.166763
348.749298
348.990601
228.556793
219.166046
356.752777
348.990295
236.560043
219.165451
364.751495
348.990540
244.550461
219.163666
372.751770
348.997009
252.544586
219.159882
380.637451
348.919800
-59.407421
227.146057
68.713440
357.013306
-51.438118
227.171234
76.756409
356.989136
-43.440216
227.162933
84.751648
356.992615
-35.442532
227.165436
92.749969
356.993378
-27.442669
227.165527
100.752243
356.992065
-19.442280
227.165192
108.750237
356.993378
-11.442631
227.165436
116.752419
356.992310
-3.442410
227.165253
124.749573
356.993317
4.557468
227.165375
132.752594
356.992401
12.557621
227.165375
140.749847
356.993530
20.557259
227.165359
148.752563
356.992249
28.557487
227.165314
156.749634
356.993439
36.557316
227.165466
164.752441
356.992340
44.557728
227.165237
172.749863
356.993591
52.557297
227.165527
180.752655
356.992096
60.557621
227.165314
188.749832
356.993286
68.557030
227.165344
196.752335
356.992340
76.557709
227.165390
204.749878
356.993469
84.557190
227.165421
212.752380
356.992096
92.557564
227.165283
220.749969
356.993591
100.557114
227.165527
228.752411
356.992249
108.557434
227.165497
236.749664
356.993347
116.557213
227.165466
244.752655
356.992188
124.557518
227.165436
252.749817
356.993439
132.557205
227.165497
260.752380
356.992218
140.557556
227.165314
268.750000
356.993408
148.557297
227.165497
276.752502
356.992126
156.557709
227.165283
284.749969
356.993347
164.557251
227.165451
292.752686
356.992004
172.557816
227.165405
300.750000
356.993256
180.557251
227.165436
308.752441
356.991882
188.557739
227.165771
316.749817
356.993103
196.557037
227.166183
324.752319
356.991699
204.557129
227.166306
332.749817
356.992828
212.556610
227.166779
340.752502
356.991516
220.556976
227.166595
348.749512
356.992889
228.556351
227.165955
356.752136
356.992096
236.559021
227.165985
364.751862
356.992615
244.549591
227.162994
372.750977
356.999176
252.544907
227.160858
380.636963
356.921143
-59.407135
235.147369
68.713203
365.012085
-51.440628
235.170975
76.757324
364.987366
-43.442806
235.163757
84.753716
364.990265
-35.443993
235.166138
92.750458
364.991272
-27.445076
235.166122
100.754257
364.990417
-19.444118
235.165833
108.750648
364.991119
-11.445190
235.166061
116.753815
364.990601
-3.443958
235.165863
124.750778
364.990906
4.555096
235.166046
132.754166
364.990417
12.555882
235.165833
140.750702
364.990967
20.554974
235.166046
148.754013
364.990417
28.556084
235.165863
156.750854
364.990967
36.555000
235.166046
164.753952
364.990265
44.556152
235.165833
172.750671
364.990723
52.555038
235.165955
180.754242
364.990387
60.555893
235.165939
188.750702
364.990967
68.554955
235.166107
196.753815
364.990326
76.555931
235.165710
204.750809
364.990662
84.554855
235.166153
212.753922
364.990326
92.555840
235.165863
220.750656
364.990906
100.554901
235.166016
228.753967
364.990356
108.555878
235.165894
236.750458
364.990936
116.554764
235.165939
244.754150
364.990509
124.555763
235.165833
252.750549
364.990967
132.554810
235.166077
260.753784
364.990295
140.555954
235.165848
268.750732
364.990906
148.555115
235.166107
276.754028
364.990326
156.556030
235.165863
284.750916
364.990814
164.555008
235.165985
292.754272
364.990295
172.555984
235.165833
300.750732
364.990784
180.555191
235.166046
308.754272
364.990265
188.556183
235.166306
316.750519
364.990601
196.554794
235.166458
324.754028
364.989990
204.555603
235.167053
332.750488
364.990417
212.554398
235.167023
340.753906
364.989838
220.555237
235.167114
348.750214
364.990417
228.554337
235.165924
356.753967
364.990387
236.557297
235.165436
364.752869
364.990601
244.548431
235.162811
372.752899
364.996429
252.545532
235.159760
380.636902
364.918854
-59.410210
243.137741
68.722389
373.013611
-51.435555
243.167160
76.756096
372.993378
-43.438717
243.162445
84.752472
372.994476
-35.439255
243.163574
92.751854
372.993774
-27.439697
243.163193
100.753479
372.993347
-19.439255
243.163391
108.752052
372.993958
-11.439892
243.163055
116.753189
372.993134
-3.439232
243.163513
124.752182
372.993774
4.560249
243.162964
132.753754
372.993225
12.560757
243.163452
140.751923
372.993896
20.560261
243.163055
148.753510
372.993164
28.560760
243.163239
156.751755
372.993896
36.560349
243.163040
164.753510
372.993286
44.560780
243.163269
172.752014
372.993988
52.560192
243.163025
180.753418
372.993317
60.560673
243.163422
188.751694
372.993805
68.560287
243.163025
196.753601
372.993225
76.560875
243.163300
204.752060
372.994019
84.560135
243.163025
212.753387
372.993164
92.560638
243.163376
220.751801
372.993835
100.560204
243.162933
228.753616
372.993347
108.560760
243.163406
236.751770
372.993896
116.560135
243.162994
244.753265
372.993347
124.560730
243.163406
252.751999
372.993805
132.560211
243.163055
260.753418
372.993286
140.560699
243.163452
268.751984
372.993744
148.560242
243.162994
276.753510
372.992981
156.560760
243.163391
284.752106
372.993774
164.560333
243.162933
292.753601
372.993256
172.560791
243.163361
300.751831
372.993835
180.560425
243.163010
308.753693
372.993042
188.561111
243.163666
316.751770
372.993408
196.560165
243.163544
324.753326
372.992645
204.560562
243.164200
332.752014
372.993286
212.560028
243.163971
340.753601
372.992676
220.560547
243.164246
348.752014
372.993256
228.559692
243.163116
356.753540
372.993042
236.562164
243.165405
364.755798
372.993469
244.556610
243.164673
372.755249
372.998596
252.551392
243.168793
380.636047
372.919983
-59.419727
251.076218
68.673843
380.990753
-51.410854
251.063477
76.640274
380.984039
-43.411980
251.058655
84.632553
380.992035
-35.412571
251.061630
92.631348
380.990173
-27.413361
251.060486
100.632660
380.990295
-19.412605
251.061417
108.631599
380.990356
-11.413464
251.060547
116.632469
380.990173
-3.412689
251.061188
124.631554
380.990417
4.586559
251.060608
132.632492
380.990356
12.587399
251.061279
140.631561
380.990448
20.586571
251.060333
148.632568
380.990631
28.587292
251.061188
156.631561
380.990479
36.586605
251.060333
164.632446
380.990479
44.587437
251.061157
172.631439
380.990540
52.586666
251.060486
180.632645
380.990448
60.587349
251.061127
188.631638
380.990509
68.586555
251.060486
196.632431
380.990509
76.587494
251.061172
204.631622
380.990601
84.586586
251.060394
212.632431
380.990448
92.587410
251.061172
220.631348
380.990479
100.586655
251.060471
228.632477
380.990417
108.587418
251.061371
236.631470
380.990417
116.586655
251.060303
244.632736
380.990387
124.587311
251.061264
252.631424
380.990479
132.586639
251.060471
260.632324
380.990295
140.587402
251.061157
268.631714
380.990570
148.586670
251.060425
276.632629
380.990479
156.587280
251.060989
284.631439
380.990570
164.586700
251.060318
292.632599
380.990509
172.587494
251.061111
300.631592
380.990509
180.586670
251.060425
308.632751
380.990295
188.587372
251.061371
316.631561
380.990173
196.586609
251.060425
324.632172
380.989929
204.587265
251.061890
332.631012
380.989746
212.586472
251.061340
340.632568
380.989685
220.587158
251.062195
348.631348
380.989899
228.586426
251.060730
356.632751
380.990570
236.587402
251.061920
364.632141
380.990936
244.585495
251.068024
372.642395
380.992493
252.557175
251.079483
380.604126
380.943420
-120.735962
-119.824203
137.651642
135.830994
-104.735611
-119.815842
153.648743
135.828934
-88.732941
-119.812622
169.648911
135.830200
-72.732742
-119.812485
185.648956
135.830154
-56.732208
-119.811974
201.648636
135.830002
-40.732315
-119.812111
217.648804
135.830139
-24.732147
-119.812035
233.648499
135.830124
-8.732300
-119.811981
249.648788
135.830307
7.267792
-119.812256
265.648529
135.830246
23.267593
-119.811974
281.648621
135.830017
39.267868
-119.811684
297.648621
135.830109
55.267548
-119.812332
313.648865
135.830322
71.267807
-119.812210
329.648438
135.830322
87.267761
-119.811958
345.648834
135.830429
103.267883
-119.812141
361.648407
135.830353
119.267685
-119.812248
377.648743
135.830475
135.267761
-119.812210
393.648315
135.830383
151.267654
-119.811905
409.649109
135.830322
167.267212
-119.813736
425.649902
135.830139
183.263489
-119.824715
441.652039
135.828506
-120.740433
-103.833481
137.650208
151.827652
-104.742142
-103.825447
153.651703
151.825439
-88.737030
-103.824539
169.655014
151.824814
-72.736832
-103.824409
185.655655
151.824707
-56.736282
-103.824066
201.655701
151.824280
-40.736450
-103.824287
217.655716
151.824371
-24.736557
-103.824104
233.655273
151.824341
-8.736237
-103.824486
249.655930
151.824387
7.263565
-103.824158
265.655487
151.823822
23.263199
-103.824524
281.655701
151.824203
39.263672
-103.823601
297.655640
151.824158
55.263565
-103.824287
313.655731
151.824051
71.263535
-103.824135
329.655182
151.824265
87.263519
-103.824295
345.655457
151.824631
103.263733
-103.824409
361.655273
151.824036
119.263321
-103.824699
377.655518
151.824219
135.263260
-103.824394
393.655182
151.824295
151.263351
-103.824356
409.654785
151.824432
167.264679
-103.825691
425.657959
151.823029
183.269424
-103.827705
441.659180
151.822739
-120.738235
-87.834755
137.649536
167.825165
-104.740616
-87.824524
153.652924
167.823685
-88.737473
-87.823166
169.656357
167.824005
-72.737320
-87.822578
185.656372
167.823273
-56.736816
-87.821686
201.656662
167.822998
-40.736923
-87.822098
217.656494
167.823135
-24.736603
-87.822159
233.656616
167.823090
-8.736938
-87.821976
249.656586
167.822769
7.263367
-87.821907
265.656372
167.822998
23.263260
-87.822121
281.657043
167.822784
39.263367
-87.821930
297.656342
167.822906
55.263199
-87.821815
313.656738
167.823242
71.263489
-87.822243
329.656311
167.822937
87.263382
-87.822067
345.656586
167.823425
103.263290
-87.821571
361.656189
167.822906
119.263153
-87.822029
377.656372
167.823074
135.263214
-87.822128
393.656372
167.822876
151.262390
-87.821381
409.655884
167.823059
167.263702
-87.822029
425.658264
167.821869
183.269592
-87.825905
441.661560
167.823486
-120.738800
-71.835327
137.649612
183.824829
-104.741104
-71.824608
153.653580
183.823547
-88.738190
-71.823837
169.656998
183.823807
-72.738007
-71.823570
185.657471
183.822968
-56.737610
-71.823067
201.657257
183.822479
-40.737488
-71.823143
217.657455
183.822586
-24.737717
-71.822929
233.657059
183.822388
-8.737396
-71.823242
249.657562
183.822540
7.262512
-71.823189
265.657166
183.822403
23.262299
-71.823158
281.657501
183.822540
39.262314
-71.823257
297.657349
183.822433
55.262573
-71.823105
313.657593
183.822540
71.262665
-71.823143
329.657227
183.822540
87.262527
-71.822952
345.657349
183.822571
103.262589
-71.823143
361.657043
183.822479
119.262405
-71.823471
377.657440
183.822510
135.262390
-71.823364
393.657104
183.822220
151.261948
-71.822754
409.656952
183.822754
167.262756
-71.822998
425.658752
183.821136
183.269836
-71.826797
441.662018
183.823425
-120.738266
-55.835243
137.649628
199.824799
-104.741013
-55.824921
153.652969
199.823395
-88.737717
-55.824432
169.656326
199.823975
-72.737793
-55.823929
185.656631
199.822754
-56.737228
-55.823410
201.656601
199.822510
-40.737473
-55.823273
217.656708
199.822510
-24.736969
-55.823189
233.656830
199.822449
-8.737518
-55.823219
249.656830
199.822418
7.262894
-55.823288
265.656738
199.822601
23.262497
-55.823311
281.656952
199.822464
39.262756
-55.823166
297.656860
199.822357
55.262573
-55.823486
313.656982
199.822296
71.262955
-55.823074
329.656677
199.822601
87.262589
-55.823021
345.656860
199.822723
103.262817
-55.823029
361.656799
199.822632
119.262543
-55.823326
377.656860
199.822418
135.262619
-55.823540
393.656830
199.822418
151.261948
-55.822777
409.656555
199.822693
167.263138
-55.822922
425.658630
199.821259
183.269653
-55.826973
441.661621
199.823486
-120.738647
-39.835144
137.649475
215.824768
-104.741180
-39.824753
153.653320
215.823334
-88.738159
-39.823944
169.656799
215.823654
-72.737869
-39.823563
185.657166
215.822693
-56.737335
-39.822983
201.657013
215.822281
-40.737396
-39.823135
217.657410
215.822281
-24.737274
-39.822876
233.657333
215.822266
-8.737289
-39.823090
249.657608
215.822327
7.262695
-39.822830
265.657410
215.822113
23.262680
-39.823044
281.657623
215.822281
39.262619
-39.822975
297.657166
215.822266
55.262558
-39.823128
313.657349
215.822266
71.262955
-39.822899
329.657227
215.822357
87.262665
-39.823212
345.657288
215.822617
103.262711
-39.823059
361.657104
215.822205
119.262543
-39.823349
377.657349
215.822296
135.262466
-39.823456
393.657013
215.822083
151.261948
-39.822853
409.656921
215.822556
167.262909
-39.823051
425.658691
215.821045
183.269760
-39.827194
441.661987
215.823334
-120.738388
-23.835175
137.649811
231.824890
-104.741302
-23.824844
153.653320
231.823456
-88.737823
-23.824280
169.656723
231.823792
-72.737762
-23.823730
185.656769
231.822800
-56.737045
-23.823090
201.656754
231.822479
-40.737274
-23.823158
217.656906
231.822510
-24.736832
-23.822929
233.656967
231.822418
-8.737122
-23.823051
249.657013
231.822418
7.263245
-23.822784
265.656921
231.822388
23.263062
-23.823006
281.657104
231.822372
39.263031
-23.822723
297.657043
231.822372
55.262665
-23.822952
313.656830
231.822571
71.263351
-23.822853
329.656769
231.822754
87.262878
-23.822876
345.656799
231.822769
103.262802
-23.823006
361.656738
231.822464
119.262619
-23.823273
377.656952
231.822479
135.262711
-23.823532
393.656830
231.822388
151.262054
-23.822731
409.656616
231.822693
167.263214
-23.822998
425.658691
231.821320
183.269699
-23.827179
441.661621
231.823456
-120.738846
-7.835037
137.649551
247.824646
-104.741348
-7.824677
153.653442
247.823547
-88.738037
-7.823746
169.656921
247.823608
-72.737869
-7.823494
185.657059
247.822784
-56.737335
-7.822899
201.656906
247.822220
-40.737427
-7.822975
217.657303
247.822266
-24.737213
-7.822853
233.657104
247.822144
-8.737335
-7.823067
249.657318
247.822250
7.262939
-7.822792
265.657196
247.822052
23.262726
-7.822960
281.657379
247.822159
39.262848
-7.822784
297.657166
247.822083
55.262665
-7.823067
313.657410
247.822327
71.262939
-7.822891
329.657349
247.822327
87.262787
-7.822945
345.657410
247.822754
103.262726
-7.823044
361.657104
247.822205
119.262665
-7.823341
377.657349
247.822296
135.262543
-7.823509
393.656982
247.822113
151.261963
-7.822823
409.656860
247.822678
167.262863
-7.822945
425.658752
247.821136
183.269745
-7.827187
441.661987
247.823441
-120.738419
8.164627
137.649490
263.824707
-104.741318
8.175049
153.653488
263.823364
-88.737869
8.175774
169.656784
263.823853
-72.737885
8.176140
185.656799
263.822784
-56.737167
8.176727
201.656708
263.822418
-40.737411
8.176628
217.656952
263.822510
-24.737045
8.176834
233.656952
263.822418
-8.737350
8.176659
249.657028
263.822327
7.263031
8.176994
265.657227
263.822388
23.262695
8.176933
281.657227
263.822388
39.263062
8.177124
297.657257
263.822357
55.262726
8.176788
313.656921
263.822449
71.262970
8.177193
329.656860
263.822662
87.262817
8.177124
345.656982
263.822815
103.262863
8.176979
361.656921
263.822571
119.262589
8.176704
377.657013
263.822510
135.262726
8.176544
393.656921
263.822388
151.262009
8.177223
409.656616
263.822723
167.263168
8.176903
425.658752
263.821350
183.269623
8.172859
441.661682
263.823486
-120.738663
24.164726
137.649506
279.824524
-104.741043
24.174866
153.653732
279.823120
-88.738266
24.175659
169.656677
279.823608
-72.737686
24.176079
185.657257
279.822784
-56.737549
24.176666
201.656906
279.822083
-40.737396
24.176590
217.657211
279.822266
-24.737335
24.176559
233.657120
279.822052
-8.737305
24.176445
249.657318
279.822205
7.262726
24.176552
265.657104
279.821960
23.262695
24.176498
281.657410
279.822296
39.262741
24.176666
297.657166
279.822144
55.262650
24.176582
313.657257
279.822388
71.262772
24.176865
329.657288
279.822205
87.262512
24.176804
345.657562
279.822662
103.262665
24.176956
361.657318
279.822235
119.262527
24.176643
377.657379
279.822327
135.262466
24.176613
393.657104
279.822144
151.261948
24.177284
409.656921
279.822632
167.262863
24.176987
425.658600
279.821045
183.269699
24.172852
441.661896
279.823364
-120.738464
40.164703
137.649521
295.824860
-104.741028
40.174980
153.653336
295.823242
-88.737823
40.175499
169.656525
295.823853
-72.737732
40.175964
185.656616
295.822906
-56.736984
40.176453
201.656815
295.822571
-40.737259
40.176117
217.656799
295.822418
-24.736938
40.176498
233.657013
295.822449
-8.737213
40.176598
249.657089
295.822388
7.262955
40.176636
265.657104
295.822266
23.262619
40.176369
281.657043
295.822510
39.263092
40.176575
297.656982
295.822479
55.262741
40.176506
313.656860
295.822571
71.263062
40.176750
329.656982
295.822662
87.262573
40.176643
345.656921
295.822662
103.262894
40.176895
361.656982
295.822510
119.262543
40.176743
377.657196
295.822418
135.262726
40.176453
393.656921
295.822388
151.262024
40.177277
409.656616
295.822754
167.263229
40.176903
425.658630
295.821289
183.269638
40.172867
441.661591
295.823425
-120.738617
56.164848
137.649460
311.824768
-104.741028
56.175079
153.653503
311.823273
-88.738144
56.175766
169.656570
311.823639
-72.738007
56.175919
185.656982
311.822693
-56.737320
56.176521
201.657104
311.822296
-40.737442
56.176224
217.657288
311.822235
-24.737320
56.176567
233.657089
311.822174
-8.737228
56.176422
249.657333
311.822205
7.262604
56.176315
265.656921
311.822052
23.262421
56.176323
281.657104
311.822388
39.262619
56.176659
297.657104
311.822235
55.262558
56.176407
313.657013
311.822327
71.262695
56.176643
329.657104
311.822327
87.262512
56.176498
345.657318
311.822449
103.262650
56.176865
361.657104
311.822144
119.262589
56.176659
377.657471
311.822327
135.262451
56.176559
393.657104
311.822144
151.261978
56.177208
409.656921
311.822693
167.262924
56.177017
425.658691
311.821106
183.269714
56.172905
441.661865
311.823425
-120.738495
72.165070
137.649399
327.825043
-104.741058
72.175056
153.653229
327.823425
-88.737808
72.175598
169.656326
327.824158
-72.737885
72.176048
185.656570
327.822876
-56.736984
72.176498
201.656799
327.822662
-40.737076
72.176346
217.656784
327.822449
-24.736908
72.176476
233.656647
327.822449
-8.737274
72.176498
249.656845
327.822449
7.263046
72.176567
265.656860
327.822357
23.262741
72.176521
281.656677
327.822571
39.263214
72.176781
297.656738
327.822632
55.262711
72.176498
313.656830
327.822571
71.262894
72.176666
329.656860
327.822601
87.262604
72.176659
345.656891
327.822632
103.262833
72.176880
361.656921
327.822449
119.262527
72.176750
377.656982
327.822510
135.262680
72.176453
393.656830
327.822388
151.262039
72.177246
409.656555
327.822754
167.263229
72.176941
425.658691
327.821350
183.269669
72.172867
441.661621
327.823486
-120.738647
88.164978
137.649277
343.824951
-104.741272
88.175217
153.653107
343.823517
-88.737991
88.175934
169.656677
343.823761
-72.737946
88.176025
185.656769
343.822693
-56.737473
88.176720
201.656677
343.822174
-40.737427
88.176491
217.657104
343.822296
-24.737228
88.176796
233.657059
343.822021
-8.737320
88.176743
249.657455
343.822327
7.262817
88.176682
265.657043
343.822327
23.262527
88.176422
281.657166
343.822388
39.262802
88.176651
297.656952
343.822205
55.262512
88.176483
313.657104
343.822388
71.262695
88.176758
329.657196
343.822205
87.262482
88.176582
345.657288
343.822327
103.262604
88.176819
361.657104
343.822174
119.262543
88.176666
377.657318
343.822296
135.262436
88.176628
393.656982
343.822205
151.261932
88.177193
409.656860
343.822662
167.262863
88.177010
425.658722
343.821106
183.269775
88.172852
441.661926
343.823425
-120.738419
104.165009
137.649368
359.825043
-104.741348
104.175179
153.653000
359.823486
-88.737823
104.175789
169.656601
359.823975
-72.737839
104.176147
185.656693
359.822815
-56.737198
104.176697
201.656570
359.822540
-40.737396
104.176575
217.656662
359.822601
-24.736984
104.176781
233.656693
359.822510
-8.737335
104.176750
249.656693
359.822601
7.263000
104.176826
265.656738
359.822601
23.262650
104.176743
281.656799
359.822540
39.262939
104.176743
297.656799
359.822510
55.262543
104.176575
313.656738
359.822601
71.262817
104.176758
329.656708
359.822540
87.262543
104.176682
345.656799
359.822540
103.262863
104.176796
361.656799
359.822449
119.262619
104.176636
377.656891
359.822510
135.262711
104.176392
393.656799
359.822510
151.262070
104.177246
409.656555
359.822784
167.263168
104.176933
425.658691
359.821350
183.269638
104.172844
441.661621
359.823456
-120.738724
120.165016
137.649231
375.824921
-104.741379
120.175133
153.653091
375.823425
-88.738235
120.175903
169.656616
375.823669
-72.738113
120.176155
185.656876
375.822693
-56.737610
120.176819
201.656860
375.822235
-40.737640
120.176682
217.657211
375.822388
-24.737549
120.176811
233.656998
375.822205
-8.737671
120.176628
249.657150
375.822418
7.262543
120.176819
265.656982
375.822235
23.262405
120.176712
281.657135
375.822388
39.262619
120.176910
297.657043
375.822205
55.262436
120.176689
313.657166
375.822388
71.262466
120.176842
329.656982
375.822205
87.262360
120.176651
345.657166
375.822449
103.262497
120.176941
361.656982
375.822205
119.262451
120.176613
377.657227
375.822357
135.262283
120.176544
393.656982
375.822174
151.261810
120.177155
409.656799
375.822632
167.262772
120.177002
425.658691
375.821045
183.269638
120.172897
441.661926
375.823303
-120.738586
136.165039
137.649475
391.824890
-104.741577
136.174805
153.653259
391.823486
-88.738159
136.175537
169.656723
391.823669
-72.738358
136.175842
185.656723
391.822754
-56.737656
136.176483
201.656693
391.822449
-40.737885
136.176331
217.656876
391.822510
-24.737518
136.176422
233.656876
391.822479
-8.737808
136.176331
249.656937
391.822479
7.262466
136.176392
265.656921
391.822449
23.262100
136.176300
281.656952
391.822449
39.262451
136.176453
297.656952
391.822449
55.262146
136.176331
313.656982
391.822479
71.262421
136.176468
329.656921
391.822418
87.262100
136.176300
345.656952
391.822510
103.262405
136.176422
361.656860
391.822479
119.262131
136.176315
377.656952
391.822510
135.262238
136.175995
393.656921
391.822388
151.261642
136.177078
409.656555
391.822571
167.263000
136.176804
425.658630
391.821136
183.269470
136.172775
441.661621
391.823425
-120.738983
152.165344
137.649261
407.824860
-104.742249
152.175354
153.653854
407.823303
-88.738953
152.176376
169.656494
407.823029
-72.738861
152.176697
185.656952
407.822388
-56.738663
152.177185
201.656616
407.821838
-40.738602
152.176987
217.656982
407.822083
-24.738464
152.177185
233.656799
407.821838
-8.738602
152.176971
249.657028
407.822052
7.261536
152.177246
265.656830
407.821777
23.261429
152.176971
281.657013
407.822083
39.261475
152.177155
297.656830
407.821808
55.261414
152.176971
313.657043
407.822021
71.261490
152.177246
329.656799
407.821808
87.261398
152.177063
345.656982
407.822021
103.261459
152.177277
361.656799
407.821777
119.261353
152.176910
377.657013
407.822083
135.261200
152.176666
393.656799
407.821777
151.261063
152.177490
409.656738
407.821960
167.262070
152.176971
425.657745
407.820862
183.268600
152.173080
441.661377
407.824036
-120.737183
168.165558
137.649734
423.824982
-104.741165
168.173492
153.652908
423.821899
-88.737900
168.173920
169.655136
423.823608
-72.738510
168.174423
185.654861
423.822998
-56.737976
168.174530
201.654724
423.822754
-40.738205
168.174316
217.654938
423.822784
-24.737930
168.174484
233.654846
423.822693
-8.738205
168.174271
249.655014
423.822754
7.262100
168.174438
265.654846
423.822754
23.261810
168.174347
281.654968
423.822784
39.262070
168.174469
297.654846
423.822693
55.261795
168.174286
313.654968
423.822815
71.262039
168.174438
329.654877
423.822723
87.261765
168.174316
345.654968
423.822784
103.262054
168.174500
361.654816
423.822723
119.261780
168.174286
377.654907
423.822784
135.262024
168.174210
393.654785
423.822540
151.261078
168.175385
409.654419
423.822357
167.262680
168.175201
425.656677
423.821655
183.267761
168.172668
441.660614
423.824097
-120.739349
184.166809
137.654587
439.824890
-104.739517
184.168365
153.656998
439.820740
-88.740448
184.165451
169.659439
439.820831
-72.740509
184.165329
185.659348
439.820709
-56.740433
184.165176
201.659302
439.820251
-40.740402
184.165039
217.659576
439.820435
-24.740463
184.165009
233.659378
439.820190
-8.740356
184.165009
249.659546
439.820404
7.259552
184.164993
265.659302
439.820190
23.259598
184.164978
281.659485
439.820404
39.259567
184.164978
297.659363
439.820160
55.259598
184.164978
313.659546
439.820374
71.259521
184.164993
329.659332
439.820190
87.259598
184.164963
345.659546
439.820435
103.259537
184.164978
361.659363
439.820221
119.259659
184.164978
377.659515
439.820465
135.259598
184.165070
393.659363
439.820129
151.259323
184.165695
409.659363
439.820312
167.260391
184.167786
425.659241
439.818817
183.266861
184.167801
441.662720
439.820801
-239.746597
-238.916260
272.036377
273.852753
-207.733475
-238.903931
304.037903
273.859833
-175.735672
-238.903976
336.037384
273.861023
-143.735107
-238.904037
368.037079
273.861420
-111.735382
-238.902832
400.038086
273.861267
-79.735886
-238.903442
432.037689
273.861633
-47.736069
-238.902649
464.038025
273.861938
-15.736176
-238.902756
496.038177
273.861572
16.265121
-238.901031
528.037964
273.859833
48.260620
-238.892319
560.026367
273.861725
-239.739670
-206.903351
272.039764
305.842957
-207.723648
-206.890198
304.037079
305.843903
-175.723846
-206.889465
336.036652
305.844574
-143.723846
-206.890350
368.036621
305.845276
-111.724777
-206.888123
400.037537
305.845703
-79.724579
-206.888687
432.037170
305.846100
-47.724579
-206.887756
464.036865
305.846100
-15.723679
-206.887070
496.036835
305.845734
16.276672
-206.887283
528.037109
305.842285
48.277145
-206.885513
560.037781
305.851257
-239.738708
-174.905609
272.042786
337.843109
-207.720337
-174.893448
304.041962
337.842804
-175.719269
-174.892853
336.040985
337.843628
-143.718262
-174.893158
368.041382
337.844147
-111.718689
-174.891174
400.042480
337.843689
-79.718185
-174.891617
432.041870
337.843597
-47.717896
-174.890594
464.041656
337.843781
-15.717941
-174.890717
496.042023
337.843536
16.282227
-174.889404
528.042725
337.840515
48.279510
-174.887817
560.040466
337.849548
-239.738403
-142.905792
272.043488
369.845245
-207.720566
-142.893631
304.042084
369.844635
-175.719360
-142.892471
336.040833
369.845703
-143.718979
-142.892853
368.040771
369.845062
-111.718796
-142.891235
400.042450
369.844818
-79.718414
-142.891754
432.041412
369.844757
-47.718582
-142.890594
464.041168
369.844452
-15.718185
-142.890610
496.041412
369.843811
16.281693
-142.888870
528.042603
369.840302
48.279770
-142.887665
560.040649
369.849396
-239.739059
-110.904663
272.043335
401.843414
-207.721390
-110.894012
304.043091
401.843292
-175.720306
-110.892960
336.042175
401.844604
-143.720322
-110.893066
368.042145
401.843811
-111.720184
-110.891663
400.042786
401.843964
-79.719894
-110.891968
432.042175
401.843842
-47.720047
-110.890640
464.041840
401.843536
-15.719818
-110.890732
496.041901
401.842621
16.280151
-110.889435
528.043823
401.839722
48.279724
-110.888031
560.040649
401.849396
-239.739700
-78.903976
272.042664
433.842224
-207.722244
-78.893723
304.043030
433.841797
-175.720947
-78.892532
336.042664
433.842743
-143.720840
-78.892822
368.042084
433.842560
-111.721024
-78.891190
400.042694
433.842560
-79.720490
-78.891510
432.041992
433.842041
-47.720520
-78.890808
464.041687
433.841980
-15.719849
-78.890991
496.041840
433.841095
16.279694
-78.889389
528.043884
433.837738
48.279419
-78.887985
560.040771
433.847961
-239.739487
-46.903381
272.043091
465.841858
-207.722000
-46.894501
304.042816
465.841034
-175.720795
-46.893005
336.042419
465.841339
-143.720459
-46.893433
368.042053
465.840973
-111.720352
-46.891953
400.043732
465.840790
-79.719666
-46.892212
432.042572
465.840698
-47.719833
-46.891464
464.042450
465.840179
-15.719498
-46.891632
496.042603
465.839783
16.280380
-46.889755
528.044067
465.837341
48.279190
-46.887802
560.042236
465.847534
-239.739120
-14.902832
272.042358
497.842285
-207.721710
-14.893112
304.041931
497.839539
-175.720596
-14.891464
336.041412
497.840790
-143.720413
-14.892120
368.041595
497.839691
-111.720291
-14.890961
400.042969
497.839996
-79.720108
-14.891281
432.041779
497.840027
-47.719772
-14.889740
464.042267
497.839111
-15.719116
-14.890274
496.041901
497.838806
16.281403
-14.888489
528.044067
497.836853
48.280670
-14.887650
560.041992
497.847717
-239.739258
17.097992
272.040802
529.840820
-207.723175
17.107529
304.042053
529.838684
-175.722549
17.108551
336.041992
529.839294
-143.722336
17.108215
368.042603
529.838989
-111.722260
17.109665
400.043457
529.839233
-79.722321
17.109131
432.042114
529.839600
-47.722137
17.110641
464.042999
529.838623
-15.721542
17.109833
496.042633
529.838379
16.279449
17.110992
528.043701
529.837036
48.280304
17.112030
560.043335
529.847717
-239.730377
49.103928
272.045807
561.845581
-207.724747
49.111481
304.053375
561.843872
-175.723648
49.110001
336.053558
561.845703
-143.723801
49.109909
368.054352
561.845337
-111.723572
49.111206
400.054443
561.845276
-79.723419
49.111008
432.053925
561.845093
-47.723114
49.110703
464.054596
561.844238
-15.723053
49.110443
496.054626
561.843811
16.276459
49.112213
528.055786
561.843384
48.275803
49.116623
560.061768
561.848145
