-59.430885
-60.894577
68.697380
68.942322
-51.415787
-60.864861
76.742188
68.931793
-43.416672
-60.869781
84.745102
68.933647
-35.414375
-60.868896
92.743362
68.935089
-27.416386
-60.869621
100.744629
68.934372
-19.415218
-60.869469
108.742310
68.934387
-11.416050
-60.869293
116.745140
68.934265
-3.415272
-60.869240
124.741974
68.934525
4.584106
-60.869492
132.744934
68.934219
12.585129
-60.869514
140.742233
68.934647
20.583847
-60.869484
148.745270
68.934029
28.585445
-60.869705
156.742371
68.935425
36.583885
-60.869865
164.744583
68.934181
44.585159
-60.869286
172.742569
68.934425
52.584335
-60.869667
180.745148
68.934273
60.584824
-60.869064
188.743454
68.934860
68.583755
-60.869225
196.744965
68.934235
76.584068
-60.869232
204.742630
68.933731
84.583885
-60.869034
212.744568
68.933708
92.584854
-60.868988
220.742142
68.934319
100.584259
-60.869240
228.745544
68.934532
108.584587
-60.869240
236.743057
68.935097
116.583969
-60.869156
244.744751
68.933929
124.584808
-60.869080
252.742569
68.934776
132.583954
-60.868935
260.744232
68.933777
140.583496
-60.869530
268.740814
68.934250
148.583221
-60.869347
276.743347
68.933571
156.584503
-60.869278
284.740814
68.933594
164.583435
-60.869598
292.743866
68.934120
172.585327
-60.869858
300.741638
68.934708
180.584152
-60.869827
308.745178
68.934181
188.584488
-60.869080
316.741852
68.934410
196.583832
-60.869492
324.743835
68.934372
204.584213
-60.869843
332.741791
68.934074
212.583405
-60.869232
340.744080
68.934105
220.584686
-60.869682
348.741394
68.934494
228.583694
-60.870140
356.744324
68.934517
236.584579
-60.869453
364.740051
68.932915
244.579788
-60.878380
372.747589
68.942520
252.583145
-60.894737
380.670197
68.930687
-59.405815
-52.848106
68.711685
77.013161
-51.440254
-52.835030
76.747498
76.993645
-43.443855
-52.846443
84.747467
76.992249
-35.445499
-52.846512
92.743538
76.993164
-27.445271
-52.846214
100.749207
76.993660
-19.445206
-52.846077
108.744263
76.992599
-11.445103
-52.845985
116.748535
76.993263
-3.445488
-52.846237
124.744171
76.992889
4.554588
-52.846085
132.747910
76.993294
12.554810
-52.845604
140.744827
76.992340
20.554436
-52.845482
148.749084
76.992889
28.554020
-52.844963
156.743622
76.992958
36.554810
-52.845200
164.749115
76.992973
44.555271
-52.845993
172.744781
76.992912
52.554298
-52.845764
180.748260
76.992767
60.554825
-52.845612
188.744049
76.993240
68.554832
-52.845650
196.748398
76.993942
76.554230
-52.845810
204.744461
76.993103
84.554039
-52.845779
212.747421
76.993118
92.553726
-52.845840
220.743271
76.992065
100.554604
-52.845650
228.747467
76.992683
108.554558
-52.844589
236.744293
76.992561
116.554245
-52.845055
244.747772
76.993004
124.554611
-52.845436
252.744110
76.993469
132.553375
-52.845932
260.747620
76.993294
140.555023
-52.846497
268.742859
76.994049
148.554016
-52.845978
276.747833
76.993164
156.554688
-52.846985
284.742706
76.992828
164.554459
-52.845818
292.747101
76.993103
172.555130
-52.845612
300.744202
76.992828
180.554291
-52.845963
308.749359
76.992722
188.555283
-52.845978
316.744904
76.993149
196.554382
-52.845558
324.747620
76.993378
204.554382
-52.845276
332.743835
76.993210
212.554077
-52.845825
340.747406
76.992836
220.554413
-52.845566
348.743774
76.991867
228.553696
-52.845749
356.747772
76.992249
236.556122
-52.846207
364.745819
76.993668
244.549118
-52.848389
372.741760
76.994377
252.547745
-52.852364
380.634094
76.913399
-59.408989
-44.854797
68.713150
85.015938
-51.440552
-44.832634
76.756172
84.992447
-43.442589
-44.841507
84.747780
84.996780
-35.443184
-44.839737
92.746048
84.996735
-27.442841
-44.839600
100.749321
84.996971
-19.443470
-44.840103
108.748253
84.997177
-11.443481
-44.839676
116.748817
84.997795
-3.444061
-44.839630
124.746880
84.997665
4.556561
-44.839249
132.748886
84.997177
12.557236
-44.839218
140.748047
84.997498
20.555923
-44.839394
148.749512
84.997437
28.556808
-44.840027
156.746933
84.996689
36.556538
-44.839767
164.749634
84.997040
44.556244
-44.840080
172.747879
84.996788
52.556866
-44.839752
180.748993
84.997650
60.556648
-44.839188
188.746674
84.998085
68.556221
-44.839088
196.748535
84.998238
76.556534
-44.840050
204.748138
84.997475
84.555832
-44.839096
212.747406
84.997459
92.556778
-44.839645
220.747147
84.997833
100.556107
-44.839661
228.748474
84.996742
108.556519
-44.840759
236.746399
84.996796
116.556747
-44.839790
244.748962
84.998123
124.555954
-44.840088
252.747192
84.998413
132.555786
-44.839142
260.747803
84.996765
140.558273
-44.839600
268.747620
84.997658
148.556824
-44.838951
276.750183
84.998604
156.556534
-44.839165
284.747528
84.997490
164.556778
-44.839828
292.749695
84.996254
172.557114
-44.839317
300.747559
84.997467
180.556152
-44.838768
308.749756
84.996735
188.556488
-44.839859
316.747589
84.996765
196.557541
-44.838959
324.749634
84.998466
204.556702
-44.839622
332.747406
84.998520
212.556549
-44.839607
340.749390
84.997688
220.556091
-44.839828
348.747467
84.997429
228.555786
-44.839684
356.749359
84.996765
236.557831
-44.839241
364.749756
84.996002
244.550659
-44.840744
372.745178
85.001511
252.546005
-44.842400
380.637085
84.922447
-59.406483
-36.853767
68.713867
93.014709
-51.439724
-36.829147
76.756187
92.988884
-43.441212
-36.838020
84.750916
92.992043
-35.441730
-36.834824
92.748276
92.992126
-27.442383
-36.835571
100.753166
92.993134
-19.442505
-36.835068
108.747902
92.992447
-11.442451
-36.835281
116.752457
92.992470
-3.442055
-36.835289
124.748039
92.993500
4.557465
-36.835297
132.752502
92.993057
12.558445
-36.835861
140.749115
92.993721
20.557392
-36.836197
148.752426
92.994011
28.558395
-36.835800
156.748901
92.993744
36.557270
-36.836128
164.752701
92.993416
44.558418
-36.835472
172.749115
92.993637
52.557213
-36.835686
180.752472
92.993279
60.557678
-36.834991
188.747406
92.993919
68.556976
-36.834785
196.752747
92.993248
76.557472
-36.834572
204.749725
92.993607
84.556274
-36.834671
212.751099
92.993439
92.557770
-36.834885
220.749161
92.993607
100.557228
-36.834991
228.753372
92.993309
108.557190
-36.834732
236.747894
92.992188
116.558144
-36.834900
244.753235
92.992661
124.557381
-36.834831
252.748047
92.993195
132.557312
-36.835205
260.752960
92.993500
140.557755
-36.834976
268.749023
92.992126
148.557922
-36.835495
276.752441
92.992828
156.559082
-36.835045
284.749207
92.992783
164.557465
-36.835533
292.752991
92.992905
172.558380
-36.835899
300.749084
92.992615
180.557693
-36.836159
308.753510
92.993790
188.558365
-36.835274
316.748322
92.993462
196.557251
-36.836159
324.752319
92.992828
204.558655
-36.835922
332.748474
92.993355
212.557800
-36.835411
340.752930
92.994270
220.557816
-36.835907
348.748383
92.993530
228.556915
-36.836426
356.751038
92.993141
236.560089
-36.836182
364.751068
92.992439
244.551270
-36.837784
372.749268
92.998657
252.545197
-36.840561
380.637695
92.919159
-59.408245
-28.854462
68.713310
101.015053
-51.439846
-28.828804
76.755859
100.990707
-43.441727
-28.838333
84.750244
100.994476
-35.443398
-28.835251
92.748955
100.994858
-27.443142
-28.835457
100.751389
100.994270
-19.443836
-28.834785
108.748924
100.994980
-11.444389
-28.834412
116.751228
100.993843
-3.443531
-28.835335
124.749123
100.994522
4.557278
-28.835281
132.751266
100.993896
12.556267
-28.834694
140.748474
100.994591
20.556068
-28.835464
148.749725
100.992912
28.557549
-28.835876
156.750214
100.995995
36.557026
-28.836113
164.751358
100.994713
44.557056
-28.836159
172.749115
100.995735
52.556641
-28.835808
180.750717
100.995010
60.557091
-28.834915
188.749756
100.995575
68.555954
-28.835327
196.751678
100.995079
76.556198
-28.835640
204.748596
100.995537
84.556610
-28.834763
212.749512
100.994881
92.556404
-28.835197
220.748627
100.995865
100.556076
-28.834824
228.750824
100.994102
108.556458
-28.835175
236.748993
100.995499
116.556267
-28.835144
244.750748
100.994461
124.555687
-28.835510
252.746826
100.995117
132.556854
-28.834892
260.751221
100.994522
140.556702
-28.835350
268.749573
100.996086
148.556610
-28.836136
276.752228
100.993835
156.556503
-28.834824
284.748444
100.994469
164.556610
-28.836136
292.751343
100.993622
172.556458
-28.835312
300.748230
100.994812
180.557266
-28.835846
308.751404
100.993477
188.558075
-28.835068
316.750244
100.994400
196.556946
-28.835052
324.752563
100.994247
204.557404
-28.835480
332.750061
100.994804
212.556839
-28.836128
340.751312
100.994484
220.556305
-28.835274
348.749237
100.995575
228.556656
-28.836815
356.751556
100.995277
236.558563
-28.836189
364.750854
100.994270
244.551422
-28.838036
372.749359
100.999840
252.545624
-28.840324
380.637329
100.920868
-59.406212
-20.853622
68.713936
109.014244
-51.439426
-20.829155
76.754417
108.988312
-43.440781
-20.837395
84.751610
108.993484
-35.442413
-20.834198
92.748222
108.993523
-27.443665
-20.834999
100.752441
108.994125
-19.442596
-20.834663
108.748322
108.993645
-11.443390
-20.835381
116.752121
108.993416
-3.442528
-20.834328
124.747864
108.993050
4.557133
-20.835037
132.753418
108.993034
12.557274
-20.834930
140.748672
108.993553
20.555878
-20.834694
148.752029
108.992867
28.556854
-20.834908
156.746704
108.992210
36.557755
-20.835823
164.752319
108.993263
44.558136
-20.834221
172.747986
108.993217
52.557777
-20.835045
180.754089
108.993126
60.557636
-20.833183
188.748810
108.993011
68.556358
-20.834534
196.752747
108.994179
76.556709
-20.832909
204.749084
108.994217
84.555878
-20.834717
212.752228
108.993904
92.557373
-20.834000
220.747070
108.993584
100.556656
-20.834305
228.751678
108.993988
108.556946
-20.834076
236.746841
108.993462
116.556129
-20.834351
244.752228
108.992722
124.557175
-20.834396
252.747070
108.992157
132.557480
-20.833878
260.752014
108.992371
140.557770
-20.833847
268.748016
108.993080
148.556900
-20.834084
276.752777
108.993546
156.557556
-20.835800
284.748322
108.993126
164.557465
-20.834419
292.751617
108.991890
172.556976
-20.833618
300.747375
108.991158
180.557343
-20.833656
308.753601
108.990662
188.558624
-20.834000
316.749084
108.991730
196.557556
-20.834259
324.753357
108.992233
204.558228
-20.834274
332.749786
108.993050
212.556122
-20.834908
340.751984
108.992035
220.557419
-20.834297
348.749023
108.992859
228.556519
-20.835533
356.751282
108.993675
236.560562
-20.836319
364.752350
108.993408
244.551315
-20.837753
372.749390
108.998093
252.545502
-20.840637
380.638184
108.920036
-59.408497
-12.854324
68.714104
117.015495
-51.439575
-12.829193
76.755424
116.990486
-43.441547
-12.838440
84.750366
116.994957
-35.443745
-12.835381
92.749405
116.995338
-27.443459
-12.836128
100.750481
116.995232
-19.443111
-12.835518
108.749420
116.995956
-11.444088
-12.835190
116.750740
116.995247
-3.443928
-12.834770
124.748642
116.996056
4.556801
-12.835655
132.751343
116.995323
12.556942
-12.835167
140.747955
116.996727
20.555870
-12.835297
148.751862
116.995064
28.556461
-12.835571
156.748199
116.994827
36.557228
-12.835602
164.750824
116.993759
44.557110
-12.836075
172.748962
116.994499
52.556828
-12.834610
180.752380
116.995674
60.555195
-12.834602
188.749695
116.996338
68.555939
-12.835342
196.749237
116.995461
76.556648
-12.835434
204.749054
116.996925
84.556473
-12.835770
212.751404
116.996513
92.557137
-12.836060
220.749115
116.997360
100.556534
-12.835823
228.750885
116.996201
108.557289
-12.834885
236.749023
116.996727
116.555901
-12.834732
244.751678
116.996094
124.555862
-12.834793
252.748840
116.995911
132.556458
-12.835648
260.751251
116.994789
140.556519
-12.835884
268.746979
116.994904
148.557022
-12.836418
276.750885
116.994637
156.557159
-12.834671
284.747559
116.995529
164.556381
-12.835022
292.752594
116.994438
172.555939
-12.835175
300.747955
116.993690
180.556229
-12.835251
308.750275
116.992462
188.555954
-12.835175
316.748413
116.993286
196.556793
-12.835098
324.750977
116.993690
204.556000
-12.834900
332.748932
116.993935
212.557144
-12.835419
340.751862
116.994453
220.555389
-12.834351
348.747986
116.994942
228.556641
-12.836304
356.750854
116.994385
236.558746
-12.836014
364.751923
116.994629
244.550751
-12.837952
372.748657
117.000000
252.545364
-12.840271
380.637329
116.920792
-59.406418
-4.853790
68.714470
125.013809
-51.439529
-4.828552
76.754997
124.988022
-43.441280
-4.837654
84.751106
124.992943
-35.442638
-4.834839
92.748611
124.993164
-27.443123
-4.835510
100.752098
124.993629
-19.442593
-4.835381
108.748390
124.994949
-11.443962
-4.836090
116.750488
124.994400
-3.441143
-4.836021
124.747711
124.994682
4.557743
-4.836288
132.752655
124.994431
12.557957
-4.835609
140.748322
124.995132
20.556480
-4.835907
148.751968
124.995422
28.556484
-4.835060
156.748260
124.992744
36.557491
-4.835510
164.752930
124.992844
44.557007
-4.833237
172.748718
124.993370
52.556015
-4.834747
180.752472
124.994102
60.557491
-4.833755
188.747925
124.994965
68.556969
-4.834641
196.752716
124.995117
76.557816
-4.834335
204.748260
124.995056
84.556885
-4.834641
212.752563
124.993851
92.558136
-4.834106
220.748749
124.994019
100.556793
-4.834480
228.752457
124.994125
108.557632
-4.833565
236.748001
124.993820
116.556213
-4.835007
244.751953
124.993721
124.557480
-4.833839
252.747543
124.994514
132.556305
-4.835381
260.751099
124.994873
140.557587
-4.835350
268.747528
124.994164
148.557449
-4.835114
276.751678
124.993019
156.558884
-4.835709
284.747803
124.993851
164.557495
-4.835098
292.752197
124.994904
172.556717
-4.834618
300.748413
124.994392
180.555618
-4.834625
308.751678
124.991470
188.557098
-4.833984
316.746063
124.990875
196.556808
-4.834038
324.752258
124.992424
204.556763
-4.834396
332.747070
124.992332
212.557266
-4.834747
340.751770
124.992195
220.557343
-4.834915
348.748291
124.992783
228.556839
-4.835655
356.751404
124.992599
236.559845
-4.835617
364.751526
124.993156
244.550903
-4.837517
372.749237
124.998444
252.545319
-4.840698
380.637695
124.919800
-59.408161
3.145920
68.713913
133.014984
-51.439877
3.171082
76.755180
132.990234
-43.441582
3.161896
84.749283
132.994598
-35.443367
3.165024
92.749062
132.994965
-27.443439
3.163589
100.750885
132.994476
-19.443520
3.163445
108.748917
132.997147
-11.443172
3.164108
116.749901
132.994537
-3.441914
3.163269
124.749458
132.994553
4.558380
3.164024
132.752365
132.995316
12.557919
3.163574
140.748245
132.996399
20.557423
3.163254
148.751236
132.996185
28.557545
3.164619
156.750229
132.997437
36.556057
3.164650
164.752182
132.995911
44.555851
3.164276
172.749573
132.996918
52.556015
3.164345
180.750916
132.996216
60.556675
3.164314
188.749496
132.997192
68.556702
3.164825
196.751511
132.996185
76.556656
3.165100
204.749207
132.996613
84.556824
3.165169
212.752380
132.995605
92.556664
3.165001
220.749695
132.996704
100.556488
3.165237
228.751678
132.996368
108.555946
3.164848
236.749115
132.997482
116.555794
3.164955
244.750732
132.996521
124.555740
3.163849
252.747620
132.996857
132.557587
3.163483
260.750427
132.996002
140.558426
3.162712
268.749420
132.995880
148.558121
3.162781
276.751526
132.995392
156.557877
3.164139
284.749573
132.996185
164.557144
3.163727
292.751617
132.994705
172.557846
3.164421
300.748962
132.997284
180.555649
3.164932
308.751068
132.995026
188.555573
3.164276
316.748474
132.995422
196.555710
3.165161
324.748871
132.994049
204.557068
3.164009
332.748962
132.994568
212.556610
3.164177
340.751587
132.993225
220.556244
3.165169
348.748260
132.994232
228.556412
3.164749
356.751648
132.993896
236.558258
3.163849
364.751587
132.994034
244.551010
3.161888
372.748749
133.000153
252.545319
3.159645
380.636780
132.921234
-59.406113
11.146301
68.714676
141.013535
-51.439548
11.171104
76.754036
140.988098
-43.441376
11.162506
84.750511
140.992523
-35.442043
11.165092
92.748825
140.993332
-27.443665
11.163582
100.751938
140.993546
-19.441685
11.165131
108.747208
140.993317
-11.442589
11.164169
116.751793
140.991547
-3.440948
11.164558
124.749619
140.992462
4.558392
11.165009
132.753342
140.992035
12.559040
11.165909
140.749557
140.992828
20.557880
11.165497
148.753082
140.992874
28.559216
11.166290
156.750656
140.994797
36.556759
11.165253
164.753204
140.995529
44.556446
11.165588
172.748291
140.994781
52.556709
11.165482
180.752899
140.994629
60.557766
11.165939
188.748535
140.994476
68.557129
11.165482
196.753174
140.994843
76.557724
11.166153
204.748871
140.994919
84.556778
11.165352
212.753250
140.995193
92.557571
11.165939
220.748871
140.994812
100.556732
11.165298
228.752960
140.994812
108.557076
11.166130
236.747894
140.994446
116.556351
11.165138
244.752243
140.994781
124.557899
11.164551
252.747375
140.994080
132.558411
11.163887
260.752136
140.992508
140.559662
11.163490
268.750122
140.992905
148.557648
11.164322
276.752533
140.991791
156.559769
11.164291
284.749023
140.992950
164.558258
11.165146
292.753113
140.993500
172.557953
11.165298
300.748169
140.994659
180.557083
11.164818
308.752686
140.994614
188.556503
11.165321
316.746552
140.992767
196.557129
11.164803
324.751740
140.992950
204.558319
11.164787
332.749512
140.993469
212.556732
11.164673
340.751434
140.992218
220.557922
11.164597
348.748169
140.993439
228.557053
11.164284
356.752594
140.993164
236.560150
11.164520
364.751526
140.992645
244.550934
11.162613
372.749481
140.998123
252.545395
11.159676
380.637817
140.919678
-59.408546
19.145950
68.713753
149.015106
-51.439713
19.170601
76.755280
148.989944
-43.440811
19.161629
84.749626
148.994476
-35.443474
19.165016
92.749046
148.994537
-27.442829
19.163620
100.751709
148.994186
-19.442741
19.163925
108.748497
148.994690
-11.442833
19.164406
116.750389
148.992996
-3.441708
19.165108
124.750526
148.993927
4.557896
19.165695
132.753860
148.993073
12.557026
19.165802
140.751099
148.994202
20.556488
19.165863
148.754578
148.994080
28.555798
19.165710
156.750641
148.996216
36.555214
19.164970
164.750427
148.995880
44.556263
19.165558
172.749069
148.997192
52.556652
19.164688
180.751801
148.996338
60.556171
19.164825
188.748688
148.997177
68.556503
19.164612
196.751404
148.996216
76.556442
19.164955
204.748734
148.997589
84.556862
19.165344
212.752151
148.996338
92.556129
19.164963
220.748993
148.997070
100.556335
19.165039
228.751648
148.996170
108.556244
19.164780
236.748550
148.996964
116.556427
19.165085
244.750275
148.995483
124.556030
19.164963
252.747925
148.993927
132.557755
19.164047
260.751770
148.992676
140.558655
19.164467
268.749847
148.994934
148.557831
19.164894
276.751953
148.993942
156.557755
19.164383
284.750916
148.994141
164.557663
19.165176
292.752563
148.993134
172.557190
19.166031
300.749695
148.995758
180.556122
19.165489
308.752869
148.995468
188.555862
19.164909
316.747986
148.994415
196.556305
19.164360
324.750458
148.993774
204.557236
19.163826
332.748840
148.996002
212.556549
19.163757
340.750702
148.994339
220.557037
19.164185
348.748413
148.995270
228.556824
19.164360
356.752319
148.994125
236.558136
19.163963
364.751526
148.993805
244.550949
19.161957
372.748291
149.000275
252.545929
19.159904
380.637177
148.921082
-59.406467
27.145950
68.714622
157.013901
-51.439373
27.171288
76.755112
156.988068
-43.441067
27.162796
84.751305
156.991608
-35.441380
27.165321
92.748383
156.992706
-27.443001
27.164902
100.752998
156.992493
-19.440594
27.165886
108.748154
156.992722
-11.442482
27.165436
116.751938
156.990936
-3.440823
27.166885
124.750572
156.991180
4.557331
27.166916
132.754303
156.990631
12.557224
27.167374
140.750214
156.991211
20.555965
27.166580
148.753937
156.993103
28.554962
27.167366
156.748322
156.994431
36.555141
27.165642
164.751083
156.994843
44.557339
27.166641
172.747650
156.995010
52.556499
27.165283
180.752380
156.995422
60.556839
27.166153
188.747467
156.995316
68.556206
27.165573
196.752045
156.995346
76.557686
27.165985
204.748169
156.994873
84.556732
27.165329
212.752930
156.995026
92.557175
27.166649
220.748077
156.994781
100.556473
27.165649
228.752716
156.994873
108.557236
27.166451
236.747696
156.994385
116.557007
27.165840
244.751724
156.993805
124.557648
27.165863
252.747925
156.992798
132.557266
27.164940
260.752350
156.991409
140.558411
27.165337
268.747925
156.991043
148.557922
27.165627
276.752869
156.991150
156.559235
27.165962
284.750305
156.992233
164.557236
27.166359
292.754395
156.991638
172.557983
27.166061
300.750214
156.994202
180.556549
27.166336
308.753571
156.994537
188.556824
27.165245
316.748840
156.992340
196.556747
27.164421
324.750793
156.992554
204.558441
27.164200
332.748688
156.993378
212.557587
27.164597
340.751953
156.993011
220.558029
27.165207
348.748169
156.993073
228.556396
27.163666
356.752533
156.994202
236.559143
27.164421
364.749908
156.992462
244.551666
27.161858
372.748779
156.998367
252.545654
27.159637
380.638062
156.919678
-59.408401
35.145950
68.713493
165.014618
-51.439304
35.170197
76.756149
164.990295
-43.441303
35.162109
84.750046
164.993958
-35.442890
35.164719
92.749283
164.993835
-27.442913
35.164864
100.751610
164.993362
-19.442581
35.166321
108.749207
164.994995
-11.443748
35.165535
116.750923
164.992188
-3.442677
35.166313
124.750229
164.993011
4.555840
35.167000
132.752991
164.992798
12.554874
35.166679
140.749146
164.995499
20.554035
35.166115
148.750519
164.994873
28.555538
35.165543
156.747986
164.996552
36.556278
35.164986
164.751526
164.996155
44.556446
35.164841
172.748627
164.996872
52.556107
35.165024
180.750824
164.996613
60.556076
35.165100
188.748550
164.996948
68.556709
35.165100
196.751648
164.996490
76.556381
35.165154
204.748978
164.996979
84.556473
35.164917
212.752029
164.996674
92.555786
35.165054
220.748474
164.997192
100.556053
35.164803
228.751495
164.996338
108.556290
35.164970
236.748672
164.996887
116.556931
35.165344
244.751221
164.995483
124.556793
35.165443
252.748444
164.995270
132.556595
35.165733
260.752014
164.992401
140.556931
35.165199
268.748535
164.992645
148.556427
35.165993
276.750671
164.990601
156.557236
35.166222
284.749207
164.992889
164.556931
35.166626
292.753387
164.992310
172.556824
35.167358
300.749725
164.995148
180.555145
35.165413
308.754028
164.995361
188.555115
35.165932
316.748322
164.994690
196.556274
35.164360
324.750458
164.992493
204.557312
35.164497
332.749298
164.994705
212.557190
35.164368
340.751587
164.994080
220.556793
35.164330
348.748383
164.996506
228.555939
35.163170
356.750702
164.994904
236.558716
35.163422
364.751434
164.994232
244.551300
35.161797
372.748901
165.000031
252.545959
35.159798
380.637085
164.921082
-59.406841
43.145851
68.714455
173.014313
-51.439285
43.170906
76.754807
172.988525
-43.440960
43.162079
84.751472
172.992249
-35.441772
43.165634
92.749245
172.993042
-27.443230
43.164986
100.753151
172.992554
-19.442802
43.166191
108.747322
172.993073
-11.443626
43.166145
116.752312
172.990509
-3.442295
43.166908
124.748520
172.992432
4.554970
43.167068
132.752655
172.993530
12.556145
43.166618
140.747391
172.994537
20.555893
43.165848
148.751892
172.994995
28.557014
43.166161
156.748047
172.994781
36.556553
43.165627
164.752975
172.994843
44.557392
43.166321
172.748138
172.994888
52.556419
43.165421
180.752167
172.995148
60.557949
43.166718
188.748398
172.994812
68.556435
43.165611
196.752838
172.994995
76.557373
43.166115
204.748077
172.994904
84.556793
43.164955
212.752808
172.995453
92.557343
43.165924
220.747894
172.995178
100.556335
43.165375
228.752167
172.994827
108.557625
43.166100
236.748581
172.994781
116.556946
43.165955
244.752502
172.994675
124.558029
43.166382
252.748398
172.993729
132.557358
43.166084
260.752380
172.993530
140.557327
43.166580
268.748169
172.992752
148.555786
43.166756
276.752716
172.990356
156.557678
43.166695
284.747864
172.990601
164.556351
43.167274
292.753082
172.990845
172.557785
43.166397
300.749023
172.993896
180.556000
43.166794
308.752533
172.995117
188.557220
43.165894
316.749634
172.994537
196.556122
43.165329
324.751160
172.992706
204.557556
43.164314
332.747925
172.992462
212.557449
43.164192
340.751678
172.992874
220.558456
43.164337
348.747864
172.993835
228.557129
43.163818
356.752441
172.993469
236.560089
43.164124
364.751038
172.992844
244.551178
43.162460
372.749329
172.998337
252.545258
43.159851
380.638031
172.920013
-59.408279
51.145950
68.713425
181.015106
-51.439526
51.170303
76.755768
180.990402
-43.441170
51.161888
84.749718
180.994064
-35.443130
51.164917
92.749908
180.995361
-27.443386
51.165077
100.752281
180.995941
-19.444580
51.165176
108.747154
180.996353
-11.443604
51.165443
116.752831
180.995071
-3.444271
51.164558
124.748718
180.996185
4.555275
51.165016
132.749481
180.996124
12.555199
51.165192
140.748199
180.996704
20.556282
51.164993
148.751678
180.996216
28.556274
51.165245
156.748169
180.996857
36.556122
51.165359
164.751343
180.996002
44.556217
51.165222
172.748596
180.996948
52.556675
51.165146
180.751648
180.996216
60.556591
51.165329
188.748688
180.996613
68.556244
51.165230
196.751740
180.995605
76.556084
51.165077
204.748474
180.997040
84.556770
51.164429
212.751495
180.996307
92.556648
51.164894
220.748627
180.997253
100.556503
51.165077
228.751770
180.995941
108.556061
51.165443
236.748611
180.996201
116.556870
51.164497
244.750946
180.996185
124.556488
51.165291
252.748215
180.996704
132.556656
51.165291
260.751801
180.995026
140.557007
51.165298
268.749023
180.995377
148.556671
51.166061
276.751831
180.994629
156.555450
51.165611
284.748291
180.994141
164.555450
51.165550
292.751862
180.993011
172.555954
51.165604
300.748260
180.995056
180.555603
51.165306
308.751038
180.995514
188.556351
51.165741
316.748474
180.996338
196.556274
51.164230
324.751038
180.995621
204.556152
51.164505
332.748413
180.994446
212.556595
51.163597
340.750580
180.993408
220.557190
51.164009
348.748718
180.994934
228.557251
51.163330
356.751770
180.994934
236.558167
51.164291
364.750153
180.994339
244.551025
51.162094
372.748260
181.000565
252.545807
51.159874
380.636993
180.921036
-59.406425
59.145958
68.713928
189.014496
-51.439140
59.170296
76.755409
188.988953
-43.440811
59.162155
84.751595
188.992615
-35.442127
59.164833
92.748375
188.993896
-27.444298
59.164848
100.751930
188.995087
-19.442905
59.165848
108.746826
188.994751
-11.443455
59.164818
116.752914
188.994843
-3.442574
59.165573
124.747421
188.995422
4.556267
59.164597
132.751556
188.995346
12.557838
59.165428
140.747314
188.994659
20.556709
59.164482
148.752319
188.994873
28.557777
59.165573
156.748215
188.994720
36.556786
59.164986
164.752396
188.995117
44.557514
59.166237
172.747437
188.994202
52.557030
59.165886
180.753357
188.994400
60.557583
59.166512
188.748962
188.994293
68.556335
59.166443
196.751801
188.994522
76.556793
59.166222
204.747437
188.994568
84.557388
59.164680
212.753799
188.995270
92.558136
59.165710
220.748230
188.994843
100.556732
59.165344
228.752563
188.995087
108.556885
59.165878
236.747589
188.994812
116.556747
59.165565
244.752136
188.994553
124.557373
59.166107
252.748062
188.994553
132.556671
59.166138
260.752838
188.994873
140.557693
59.166634
268.748383
188.994293
148.556885
59.165726
276.752197
188.993195
156.557999
59.166824
284.748352
188.994186
164.556122
59.166664
292.752991
188.993530
172.556412
59.165939
300.747803
188.994293
180.556503
59.165321
308.752258
188.994431
188.557037
59.165291
316.747986
188.994141
196.557266
59.165298
324.752106
188.994263
204.557114
59.165451
332.748016
188.993301
212.557129
59.164536
340.751740
188.991379
220.558273
59.164154
348.748077
188.992554
228.557404
59.163971
356.752136
188.993484
236.559769
59.164696
364.750641
188.992935
244.551544
59.162880
372.749634
188.998749
252.545425
59.159729
380.638428
188.919952
-59.408440
67.145828
68.712883
197.014374
-51.438972
67.170898
76.756416
196.990097
-43.441425
67.161926
84.750786
196.994598
-35.443436
67.164780
92.748817
196.996521
-27.444031
67.164680
100.750366
196.996307
-19.443573
67.164673
108.748093
196.996872
-11.443199
67.163849
116.751312
196.995895
-3.443130
67.163719
124.748428
196.997253
4.556583
67.163933
132.750473
196.996368
12.556961
67.163582
140.749390
196.996933
20.556805
67.163773
148.751221
196.996597
28.556599
67.164421
156.748383
196.997314
36.557312
67.164215
164.751129
196.996582
44.556458
67.164940
172.749054
196.996765
52.556305
67.164940
180.752472
196.995697
60.556015
67.165619
188.749054
196.996613
68.555641
67.165077
196.751404
196.995453
76.556427
67.164520
204.748093
196.996277
84.556900
67.164459
212.751999
196.996094
92.557304
67.164124
220.748581
196.997192
100.557152
67.164246
228.751358
196.996460
108.556541
67.164436
236.747894
196.997009
116.556816
67.164658
244.751892
196.995850
124.555855
67.164886
252.748657
196.996338
132.556213
67.165024
260.750763
196.995483
140.557114
67.164429
268.749207
196.997131
148.556274
67.165207
276.751617
196.995819
156.556458
67.164726
284.748840
196.996170
164.556244
67.165192
292.751770
196.995453
172.556671
67.164558
300.748993
196.997116
180.556244
67.164925
308.751068
196.996140
188.556168
67.164528
316.748901
196.996704
196.556885
67.164818
324.751617
196.995361
204.557159
67.164291
332.748383
196.996124
212.557068
67.164848
340.750946
196.993439
220.556870
67.164101
348.748352
196.994019
228.556839
67.164169
356.751526
196.994141
236.558975
67.164581
364.751587
196.994507
244.550644
67.162209
372.750092
196.999924
252.545929
67.159782
380.637573
196.921173
-59.406242
75.146286
68.713814
205.013947
-51.439491
75.170677
76.755394
204.988388
-43.441582
75.162132
84.751289
204.992355
-35.441528
75.165573
92.749443
204.994263
-27.443985
75.164284
100.750702
204.994110
-19.441769
75.164856
108.747482
204.993668
-11.442001
75.163895
116.752693
204.994385
-3.442024
75.164528
124.747917
204.994263
4.557358
75.164268
132.751938
204.994308
12.558201
75.164108
140.748062
204.994446
20.557194
75.163200
148.752014
204.994354
28.558731
75.163582
156.747986
204.994690
36.558571
75.163719
164.752808
204.995209
44.558666
75.165062
172.749603
204.995377
52.556099
75.164551
180.753311
204.995087
60.557327
75.165649
188.748810
204.995026
68.556190
75.165451
196.751678
204.994659
76.557404
75.165466
204.748016
204.994324
84.557098
75.163162
212.752182
204.994171
92.559433
75.163864
220.748169
204.994354
100.558807
75.163506
228.752640
204.995392
108.558884
75.165070
236.749390
204.995331
116.555862
75.163971
244.752045
204.995087
124.557358
75.165314
252.747757
204.994598
132.556732
75.164787
260.751923
204.994568
140.557251
75.165802
268.748352
204.994171
148.556946
75.165268
276.753143
204.994629
156.557663
75.166557
284.748230
204.995087
164.556061
75.165337
292.752625
204.994507
172.557693
75.166023
300.748169
204.994507
180.557159
75.164810
308.752625
204.995209
188.557571
75.166061
316.748352
204.994812
196.556732
75.165314
324.752960
204.994720
204.558090
75.166100
332.748596
204.994141
212.557037
75.165451
340.752533
204.993439
220.557220
75.165642
348.747925
204.991943
228.557037
75.164513
356.751648
204.991974
236.559982
75.164879
364.751740
204.992584
244.551636
75.163452
372.749634
204.998474
252.545197
75.159927
380.637665
204.920532
-59.408318
83.146011
68.713509
213.014954
-51.439480
83.171051
76.756889
212.990173
-43.441803
83.161209
84.749855
212.993896
-35.442684
83.164497
92.748894
212.996185
-27.442772
83.164070
100.750221
212.995605
-19.443310
83.164009
108.748970
212.994568
-11.442352
83.163857
116.751640
212.995026
-3.443481
83.164223
124.748344
212.995453
4.556808
83.163727
132.750580
212.994385
12.557125
83.163422
140.749298
212.996124
20.557056
83.163338
148.750092
212.994583
28.558029
83.163948
156.749756
212.994690
36.558296
83.163834
164.753525
212.995331
44.557213
83.164215
172.750610
212.997589
52.555546
83.164673
180.751495
212.996445
60.555786
83.165001
188.748932
212.996719
68.556198
83.164864
196.750977
212.995895
76.556229
83.164169
204.748520
212.996704
84.556427
83.162994
212.750778
212.993820
92.558929
83.162971
220.749435
212.994781
100.558800
83.163673
228.753555
212.995178
108.557571
83.163536
236.749771
212.998154
116.556496
83.163940
244.752029
212.997437
124.556610
83.163658
252.748367
212.996765
132.557190
83.164062
260.751862
212.996216
140.555847
83.164352
268.748474
212.997086
148.556046
83.165039
276.751740
212.995819
156.555603
83.164658
284.748199
212.996918
164.556427
83.164520
292.751373
212.996399
172.556519
83.164474
300.748749
212.997345
180.556931
83.164124
308.751770
212.996719
188.556488
83.164398
316.748352
212.997406
196.556381
83.164589
324.751526
212.995972
204.557159
83.164711
332.749512
212.996490
212.556976
83.164543
340.751678
212.995773
220.556229
83.165375
348.748657
212.995667
228.555634
83.164253
356.752014
212.994019
236.558411
83.163498
364.750366
212.992798
244.551117
83.161880
372.748291
212.999557
252.545441
83.160126
380.636505
212.920685
-59.406010
91.146263
68.714264
221.013458
-51.439903
91.170876
76.755676
220.988693
-43.441292
91.162140
84.751015
220.992142
-35.441467
91.164101
92.747993
220.993195
-27.441936
91.164474
100.751381
220.992859
-19.441055
91.164116
108.750031
220.993362
-11.442951
91.164581
116.751839
220.992783
-3.441864
91.164619
124.747658
220.993622
4.557499
91.165161
132.752350
220.992920
12.557831
91.164932
140.747421
220.992569
20.558025
91.164597
148.752609
220.991364
28.558903
91.165703
156.749420
220.992493
36.556789
91.165619
164.753357
220.993729
44.556705
91.166191
172.749329
220.995560
52.555866
91.165268
180.752182
220.995392
60.557327
91.165947
188.747803
220.994781
68.556442
91.165077
196.751709
220.994705
76.557983
91.165672
204.747269
220.994537
84.557098
91.164795
212.752457
220.991867
92.559227
91.164246
220.749008
220.992371
100.557632
91.165321
228.753174
220.992477
108.558319
91.165253
236.748779
220.993134
116.557549
91.165245
244.752533
220.994629
124.558197
91.165588
252.748764
220.994797
132.557114
91.164268
260.752869
220.994797
140.557449
91.165550
268.748291
220.994965
148.556335
91.164680
276.751770
220.994919
156.557327
91.165535
284.747253
220.994446
164.556290
91.164993
292.751678
220.994354
172.557953
91.165291
300.747742
220.994873
180.557419
91.165001
308.752838
220.995728
188.557022
91.164986
316.747620
220.995331
196.557892
91.164719
324.753326
220.995041
204.557739
91.165100
332.748962
220.994553
212.556839
91.165367
340.752319
220.993866
220.557983
91.166328
348.748352
220.994415
228.556229
91.164757
356.752197
220.995010
236.558197
91.165474
364.751404
220.992691
244.551331
91.162582
372.749512
220.997894
252.545563
91.159554
380.636353
220.919067
-59.408142
99.146080
68.712608
229.014954
-51.439819
99.170822
76.755402
228.990631
-43.441513
99.161301
84.750931
228.993958
-35.443535
99.164391
92.748642
228.994019
-27.442554
99.164375
100.750252
228.992950
-19.442043
99.164185
108.750282
228.995056
-11.443527
99.165154
116.750824
228.993668
-3.443359
99.165009
124.748352
228.994598
4.556740
99.165169
132.751495
228.994247
12.556705
99.164803
140.749100
228.994751
20.556435
99.164948
148.751236
228.992371
28.556503
99.165878
156.748657
228.993866
36.555817
99.165901
164.752594
228.995087
44.555099
99.165527
172.748810
228.996033
52.555405
99.164993
180.750504
228.995758
60.556511
99.164886
188.749405
228.996918
68.556725
99.165283
196.750732
228.995728
76.556618
99.165298
204.748001
228.995193
84.556755
99.165497
212.751740
228.993256
92.556023
99.164780
220.748306
228.992645
100.557007
99.165527
228.751709
228.992645
108.555695
99.165382
236.749130
228.994064
116.556213
99.165535
244.751373
228.994202
124.556992
99.165390
252.749542
228.996155
132.556244
99.164467
260.750549
228.995667
140.556808
99.164185
268.748352
228.996857
148.556610
99.164246
276.751251
228.996429
156.556366
99.164856
284.748230
228.996719
164.555740
99.164925
292.750549
228.995239
172.556290
99.164391
300.748779
228.995667
180.557068
99.163574
308.751373
228.996277
188.556702
99.164589
316.747925
228.996994
196.557327
99.163521
324.752625
228.996216
204.556610
99.164047
332.749298
228.997375
212.556152
99.164337
340.751770
228.996231
220.556244
99.165359
348.748199
228.996796
228.556351
99.164253
356.750732
228.995850
236.557983
99.164299
364.751770
228.996246
244.550674
99.162216
372.747955
229.001892
252.545654
99.159950
380.636566
228.920273
-59.406429
107.146355
68.713692
237.013458
-51.439022
107.170837
76.754349
236.988007
-43.440685
107.162788
84.751663
236.992279
-35.442547
107.164856
92.748024
236.993011
-27.442879
107.165047
100.750908
236.991699
-19.441532
107.164444
108.748566
236.992340
-11.443409
107.165291
116.751816
236.992508
-3.442566
107.165573
124.747536
236.992310
4.557266
107.165451
132.752121
236.992310
12.557617
107.165634
140.748032
236.992615
20.556847
107.165215
148.752197
236.992279
28.556793
107.165489
156.747314
236.992508
36.556011
107.165390
164.752258
236.994446
44.556446
107.165497
172.748260
236.994873
52.556435
107.164223
180.751389
236.994492
60.557980
107.165710
188.747742
236.995026
68.556526
107.164978
196.752380
236.994720
76.557755
107.166237
204.747589
236.993790
84.556625
107.165779
212.751801
236.993240
92.556473
107.166626
220.747162
236.991608
100.556419
107.165993
228.752350
236.992004
108.556824
107.165688
236.748749
236.993225
116.556000
107.165695
244.751495
236.992401
124.557373
107.165367
252.747467
236.992386
132.557602
107.165031
260.752441
236.994308
140.557770
107.165123
268.748047
236.994232
148.557419
107.164474
276.752747
236.994415
156.557449
107.165359
284.747864
236.994263
164.556030
107.164764
292.751160
236.994110
172.557434
107.165062
300.747192
236.994217
180.557404
107.164635
308.752380
236.993713
188.558334
107.164177
316.747375
236.994263
196.558014
107.164749
324.752899
236.995453
204.556580
107.164719
332.748352
236.994690
212.556732
107.165306
340.752533
236.994568
220.557236
107.166077
348.747681
236.994659
228.556549
107.164909
356.752502
236.995422
236.558548
107.165611
364.750031
236.993256
244.552078
107.162766
372.750153
236.999985
252.545792
107.160217
380.636749
236.918671
-59.408150
115.146118
68.713730
245.014771
-51.439602
115.171600
76.755791
244.989594
-43.441711
115.161957
84.749069
244.994019
-35.443707
115.165237
92.748146
244.993530
-27.442905
115.165146
100.750969
244.992630
-19.442661
115.165031
108.750153
244.993912
-11.443176
115.165314
116.751373
244.992905
-3.442913
115.165344
124.749283
244.993820
4.556725
115.165543
132.751617
244.993698
12.556923
115.165344
140.748856
244.994690
20.556168
115.164337
148.750519
244.993927
28.556664
115.164482
156.748520
244.995331
36.556259
115.163811
164.750549
244.994537
44.557159
115.164131
172.748474
244.996796
52.556881
115.164330
180.751297
244.996216
60.556786
115.163330
188.748230
244.997223
68.557053
115.164047
196.750595
244.996216
76.556808
115.164902
204.748672
244.996918
84.555740
115.165237
212.750061
244.994843
92.555786
115.165665
220.748901
244.994873
100.556320
115.165268
228.750015
244.993927
108.556519
115.164574
236.748642
244.994751
116.556343
115.164268
244.750977
244.994568
124.556183
115.164551
252.747467
244.995071
132.556732
115.164345
260.750732
244.994324
140.557114
115.164185
268.749268
244.995697
148.556381
115.164139
276.751007
244.995132
156.556671
115.164536
284.748901
244.997223
164.555557
115.164032
292.749359
244.995331
172.557190
115.162987
300.748596
244.995621
180.557281
115.163834
308.750427
244.994308
188.558167
115.164291
316.748169
244.996582
196.556442
115.163567
324.752106
244.996338
204.556931
115.165131
332.749115
244.997498
212.555191
115.164612
340.751465
244.995987
220.556213
115.165131
348.749023
244.997040
228.556091
115.164284
356.751038
244.996613
236.557755
115.164062
364.750854
244.995911
244.551788
115.162354
372.749176
245.002090
252.545761
115.160263
380.636444
244.920013
-59.406155
123.146912
68.713928
253.014282
-51.440460
123.171410
76.755318
252.988464
-43.441181
123.162979
84.750687
252.992752
-35.442947
123.166039
92.747421
252.991028
-27.442577
123.165779
100.752090
252.990143
-19.440990
123.165588
108.749344
252.991974
-11.442562
123.166222
116.752617
252.991028
-3.441902
123.165405
124.749298
252.992203
4.557335
123.165848
132.752060
252.991592
12.558174
123.164963
140.748672
252.992889
20.557064
123.164742
148.751846
252.992554
28.558556
123.164482
156.748322
252.992981
36.557892
123.163879
164.752563
252.993103
44.558735
123.164352
172.748550
252.993317
52.558674
123.163208
180.752502
252.994247
60.558548
123.163956
188.748169
252.994766
68.557739
123.164162
196.752548
252.994736
76.557648
123.164650
204.748810
252.994965
84.556107
123.165016
212.751251
252.994568
92.557045
123.165894
220.747284
252.993576
100.557037
123.165222
228.752014
252.993896
108.557137
123.165039
236.747528
252.993134
116.556808
123.164299
244.750717
252.992691
124.558250
123.164619
252.747269
252.993073
132.557175
123.164658
260.751190
252.992599
140.557800
123.164894
268.747955
252.994110
148.556274
123.163712
276.752075
252.993927
156.558075
123.164238
284.747284
252.994171
164.557510
123.164505
292.751495
252.993500
172.558456
123.163353
300.748077
252.993469
180.558151
123.164032
308.752106
252.991669
188.559906
123.165451
316.748291
252.994232
196.557434
123.164581
324.754120
252.994934
204.556992
123.165405
332.748840
252.994385
212.555771
123.165558
340.751648
252.994415
220.557297
123.166275
348.748413
252.994537
228.556412
123.164703
356.752014
252.995529
236.559235
123.165459
364.750397
252.993759
244.551849
123.162605
372.749756
252.999664
252.545807
123.160339
380.637024
252.919006
-59.408360
131.146057
68.713272
261.015350
-51.440392
131.171570
76.756546
260.989471
-43.442215
131.162872
84.748779
260.994415
-35.443531
131.165558
92.748856
260.994019
-27.442810
131.164368
100.750633
260.992737
-19.441940
131.164856
108.749695
260.993500
-11.442623
131.166107
116.752197
260.992371
-3.442631
131.165619
124.749611
260.993805
4.556824
131.165588
132.752106
260.992371
12.557449
131.165527
140.749512
260.994324
20.556694
131.165131
148.752167
260.993103
28.557636
131.164642
156.749878
260.993744
36.557724
131.164093
164.752686
260.993530
44.557964
131.163971
172.750000
260.994812
52.557949
131.164062
180.752380
260.994446
60.557976
131.164154
188.749603
260.995453
68.557465
131.163269
196.752121
260.995361
76.557343
131.164078
204.749405
260.997894
84.556580
131.163803
212.751526
260.996033
92.556412
131.164368
220.747650
260.996246
100.556480
131.164124
228.749756
260.995148
108.556961
131.163757
236.748840
260.995270
116.557419
131.163513
244.750549
260.994141
124.557739
131.163696
252.748001
260.995422
132.557037
131.164703
260.751099
260.994049
140.556946
131.164093
268.747803
260.995300
148.555954
131.164261
276.751038
260.994476
156.556824
131.164398
284.748260
260.994873
164.556671
131.164261
292.750275
260.992798
172.558792
131.164185
300.749420
260.995758
180.557510
131.163818
308.753204
260.993408
188.557678
131.165375
316.748718
260.994659
196.556885
131.165329
324.753601
260.995819
204.555832
131.165314
332.749542
260.997437
212.555756
131.164948
340.751068
260.995880
220.555893
131.165054
348.749084
260.996582
228.556061
131.164413
356.750977
260.996582
236.557892
131.164154
364.751007
260.995850
244.551804
131.162323
372.749084
261.001526
252.545502
131.160309
380.636169
260.920166
-59.406319
139.146576
68.714394
269.014709
-51.440933
139.172073
76.755638
268.989563
-43.441929
139.163162
84.749825
268.993469
-35.442009
139.165558
92.746323
268.991730
-27.441822
139.164429
100.753151
268.991302
-19.441448
139.165833
108.749344
268.991394
-11.442589
139.166626
116.753036
268.990204
-3.442234
139.165894
124.749313
268.991180
4.557091
139.166809
132.753204
268.990509
12.557819
139.166031
140.749329
268.991272
20.557034
139.166199
148.753082
268.990631
28.558525
139.165497
156.749619
268.991608
36.557369
139.165329
164.753021
268.991608
44.558167
139.165100
172.749390
268.991882
52.557522
139.164856
180.752960
268.991699
60.558781
139.164917
188.749802
268.992798
68.557640
139.164978
196.753204
268.992737
76.558456
139.164795
204.748688
268.994049
84.557213
139.164520
212.752625
268.994354
92.557999
139.164703
220.747131
268.995056
100.556213
139.164429
228.750854
268.993439
108.558823
139.163971
236.748154
268.992584
116.557808
139.164108
244.752106
268.991852
124.558990
139.165100
252.748245
268.991608
132.557739
139.165329
260.752441
268.991364
140.557861
139.166016
268.748383
268.992462
148.556854
139.165070
276.752838
268.993286
156.557281
139.164856
284.748169
268.992035
164.557434
139.164734
292.751556
268.990234
172.558701
139.165054
300.748505
268.991089
180.558044
139.166046
308.754700
268.992065
188.558060
139.166367
316.748871
268.992310
196.556213
139.165344
324.753815
268.994446
204.556335
139.166199
332.748047
268.995667
212.555954
139.165222
340.752258
268.995056
220.557175
139.165771
348.748108
268.994873
228.556213
139.164627
356.751984
268.995361
236.558853
139.165161
364.750061
268.993469
244.551575
139.162537
372.749725
268.999359
252.545578
139.160217
380.636719
268.918762
-59.408783
147.146179
68.712585
277.016052
-51.441002
147.171234
76.755249
276.992188
-43.441792
147.162033
84.748764
276.995605
-35.443054
147.164230
92.748253
276.993896
-27.442413
147.163971
100.750885
276.992340
-19.442062
147.164932
108.749504
276.993622
-11.443527
147.166061
116.751465
276.992371
-3.442791
147.166092
124.749687
276.993042
4.556900
147.166138
132.752411
276.992035
12.557056
147.166199
140.749481
276.992920
20.557117
147.166290
148.752502
276.991638
28.557514
147.165710
156.750183
276.992981
36.557106
147.165634
164.752060
276.991699
44.557671
147.165314
172.750275
276.993744
52.556740
147.165527
180.752243
276.992737
60.557259
147.165283
188.750275
276.993958
68.556908
147.164017
196.752823
276.993622
76.557251
147.165100
204.748749
276.994690
84.556793
147.164001
212.751801
276.994446
92.557533
147.163834
220.748459
276.996429
100.557358
147.163422
228.751022
276.994720
108.557266
147.164062
236.748718
276.994720
116.557457
147.163971
244.751740
276.992737
124.557892
147.164215
252.749100
276.993958
132.557373
147.165604
260.751648
276.992340
140.556824
147.166458
268.748596
276.993408
148.556290
147.165070
276.751678
276.993103
156.557388
147.165100
284.749359
276.993561
164.557907
147.165161
292.752014
276.992554
172.557510
147.165741
300.749298
276.993225
180.557266
147.165833
308.752686
276.992218
188.557190
147.165405
316.749725
276.994995
196.554626
147.165039
324.751129
276.995850
204.556061
147.165344
332.748962
276.996948
212.555908
147.164871
340.750732
276.996521
220.556107
147.164795
348.749634
276.997009
228.556549
147.164246
356.751221
276.996948
236.557190
147.164368
364.750488
276.995667
244.551331
147.162018
372.748657
277.001648
252.546387
147.159882
380.636475
276.920349
-59.406906
155.146103
68.713303
285.015198
-51.439819
155.171799
76.754272
284.989380
-43.441185
155.161743
84.751633
284.993500
-35.441570
155.164917
92.747932
284.992218
-27.441391
155.164627
100.752663
284.991150
-19.441986
155.165024
108.748810
284.991241
-11.442822
155.166428
116.751457
284.989807
-3.441719
155.166565
124.749466
284.990601
4.557529
155.166779
132.753220
284.990295
12.558224
155.166687
140.749146
284.990784
20.557255
155.166763
148.752899
284.989899
28.558182
155.166000
156.749496
284.990662
36.557384
155.166534
164.753128
284.990082
44.558342
155.166107
172.749222
284.990967
52.557175
155.166214
180.753082
284.990295
60.557991
155.165588
188.749573
284.991394
68.557083
155.165497
196.753845
284.991486
76.557953
155.165222
204.748962
284.991699
84.557114
155.164917
212.752701
284.992157
92.558670
155.165283
220.748016
284.992798
100.557846
155.164948
228.752716
284.991760
108.559227
155.164734
236.749329
284.992676
116.557617
155.165131
244.752502
284.991577
124.558655
155.165558
252.748672
284.992035
132.557236
155.166046
260.753174
284.990570
140.557983
155.165955
268.748779
284.992126
148.556686
155.166077
276.752594
284.991028
156.558838
155.165161
284.748840
284.991760
164.557861
155.165253
292.752594
284.990753
172.558838
155.165482
300.749390
284.991760
180.557007
155.166260
308.753387
284.991394
188.557434
155.166016
316.749084
284.992920
196.556213
155.165176
324.752991
284.994049
204.556229
155.166595
332.748077
284.994263
212.556885
155.164490
340.752625
284.994751
220.557800
155.166214
348.748260
284.994751
228.556076
155.164108
356.752502
284.995422
236.558517
155.164948
364.749420
284.994171
244.551224
155.163177
372.748657
284.999268
252.546356
155.159790
380.637604
284.919434
-59.408051
163.146500
68.712418
293.015503
-51.440037
163.170929
76.754890
292.990723
-43.441067
163.161987
84.750702
292.994598
-35.442696
163.164124
92.749100
292.994019
-27.441711
163.164551
100.751152
292.992828
-19.442444
163.164459
108.749786
292.993774
-11.442894
163.165649
116.751465
292.992218
-3.442635
163.165894
124.749748
292.993256
4.557091
163.166061
132.752396
292.991821
12.557510
163.165955
140.749969
292.993225
20.556866
163.166321
148.751892
292.992096
28.557381
163.165924
156.750061
292.992767
36.557201
163.165817
164.752411
292.991638
44.557522
163.165802
172.750061
292.993378
52.556938
163.166260
180.752533
292.991699
60.557198
163.165863
188.749710
292.993378
68.556412
163.165283
196.752716
292.992340
76.557121
163.165131
204.749542
292.994019
84.556747
163.164886
212.751938
292.993103
92.557503
163.165192
220.749725
292.993652
100.557297
163.164703
228.752075
292.992554
108.557327
163.165558
236.749252
292.993591
116.556961
163.165512
244.752380
292.992249
124.557770
163.165619
252.749954
292.993561
132.556854
163.165741
260.752655
292.992676
140.557129
163.165466
268.749268
292.993561
148.557053
163.165375
276.752350
292.992554
156.557587
163.165283
284.749329
292.993835
164.557617
163.165070
292.752502
292.992188
172.557373
163.166214
300.749786
292.993164
180.556396
163.166656
308.752502
292.992188
188.556580
163.166183
316.750183
292.994293
196.556305
163.165405
324.752502
292.995728
204.555237
163.164886
332.747772
292.996490
212.557266
163.164749
340.751923
292.995911
220.555893
163.164062
348.748993
292.996704
228.555450
163.164536
356.750458
292.996216
236.557190
163.164429
364.750183
292.995270
244.551025
163.162445
372.747986
293.000824
252.546661
163.160431
380.636688
292.920471
-59.405743
171.146774
68.713173
301.013550
-51.439213
171.171677
76.755455
300.988739
-43.441280
171.162567
84.751366
300.992401
-35.441757
171.165131
92.747566
300.991669
-27.441624
171.164520
100.752525
300.990906
-19.441261
171.165253
108.749268
300.991669
-11.442440
171.166214
116.752144
300.990204
-3.441608
171.165985
124.749474
300.990936
4.557617
171.166443
132.753296
300.990234
12.558346
171.166565
140.749298
300.990997
20.557384
171.166809
148.752899
300.989990
28.558220
171.166626
156.749878
300.990601
36.557224
171.166763
164.753143
300.989716
44.558189
171.166061
172.749481
300.990784
52.557076
171.166168
180.752808
300.990265
60.558029
171.165482
188.748688
300.990906
68.557037
171.165924
196.752869
300.990448
76.558113
171.166016
204.749634
300.990601
84.557709
171.166214
212.752670
300.990479
92.558609
171.165741
220.749573
300.991211
100.556961
171.165848
228.753159
300.990601
108.558289
171.165588
236.749298
300.991455
116.556992
171.166534
244.752747
300.990479
124.558411
171.165985
252.749405
300.990906
132.557114
171.166367
260.753174
300.990784
140.558121
171.166321
268.749207
300.991150
148.557129
171.166351
276.753174
300.990295
156.558594
171.166199
284.749329
300.990936
164.557587
171.166367
292.753784
300.990204
172.557999
171.166153
300.749878
300.991302
180.556839
171.166779
308.753143
300.991333
188.557541
171.165710
316.749023
300.993134
196.555847
171.164642
324.751770
300.993988
204.558258
171.165970
332.748474
300.993622
212.557465
171.165207
340.753754
300.994598
220.556305
171.166168
348.747986
300.993896
228.555649
171.164856
356.751862
300.994873
236.558456
171.164856
364.749359
300.993591
244.552032
171.163269
372.748932
300.998779
252.546432
171.159790
380.637695
300.919128
-59.408180
179.146484
68.712265
309.014465
-51.439217
179.171127
76.755913
308.990265
-43.441307
179.162415
84.749969
308.994263
-35.443146
179.164368
92.748703
308.994171
-27.442184
179.164459
100.751465
308.992249
-19.442093
179.165100
108.749779
308.993866
-11.442657
179.165848
116.752296
308.992004
-3.442532
179.165787
124.749603
308.993317
4.556988
179.166321
132.752304
308.991760
12.557167
179.165802
140.749710
308.993073
20.557034
179.166473
148.752274
308.991821
28.557369
179.165894
156.750046
308.992859
36.556805
179.166260
164.752579
308.991516
44.557240
179.165543
172.749435
308.993164
52.556805
179.165924
180.752472
308.992310
60.557022
179.166214
188.749939
308.992554
68.557251
179.165253
196.753510
308.992004
76.557114
179.165680
204.749100
308.993042
84.557236
179.165192
212.752182
308.991577
92.557465
179.165680
220.749786
308.993591
100.556503
179.166000
228.752319
308.992310
108.557236
179.166168
236.749496
308.993256
116.556915
179.165802
244.752258
308.991791
124.557648
179.166107
252.749908
308.993317
132.556885
179.165771
260.752197
308.992249
140.557373
179.165741
268.750000
308.993408
148.556686
179.166138
276.751892
308.992249
156.557190
179.166092
284.749878
308.992859
164.556915
179.165710
292.752808
308.992065
172.556625
179.166748
300.749878
308.992737
180.556671
179.165207
308.752625
308.992615
188.557022
179.164734
316.749481
308.995392
196.556259
179.165421
324.751038
308.993652
204.557281
179.165070
332.749939
308.995056
212.555939
179.164383
340.752350
308.995911
220.555817
179.165497
348.748505
308.997162
228.555206
179.164398
356.750610
308.996613
236.557800
179.164352
364.750397
308.995911
244.551300
179.162247
372.749268
309.000458
252.546448
179.159424
380.636688
308.920685
-59.406258
187.146729
68.713554
317.013092
-51.439293
187.171204
76.756004
316.988708
-43.441498
187.162369
84.750336
316.992126
-35.441124
187.165344
92.748146
316.991943
-27.442665
187.165314
100.752533
316.990936
-19.441326
187.165863
108.749069
316.991119
-11.442322
187.166656
116.753021
316.990234
-3.441875
187.166595
124.749313
316.990845
4.557213
187.166687
132.753220
316.989868
12.558220
187.166534
140.749115
316.990723
20.557171
187.166748
148.753189
316.989990
28.558388
187.166626
156.749481
316.990692
36.557178
187.166840
164.753204
316.989838
44.558266
187.166412
172.749207
316.990692
52.557503
187.166382
180.752792
316.990173
60.558563
187.165375
188.749802
316.991760
68.557220
187.165604
196.752609
316.991211
76.558632
187.165207
204.749023
316.991852
84.557327
187.166046
212.752716
316.990540
92.558014
187.166382
220.749207
316.990601
100.557457
187.166870
228.753052
316.990051
108.558380
187.166199
236.749573
316.991211
116.557343
187.166473
244.752899
316.990204
124.558380
187.166168
252.749573
316.991089
132.557495
187.166504
260.752838
316.990234
140.558273
187.166199
268.750031
316.990723
148.557068
187.166809
276.752655
316.990021
156.557922
187.166534
284.749634
316.990997
164.556274
187.166382
292.752747
316.990326
172.557800
187.165619
300.749512
316.991394
180.557404
187.166229
308.753021
316.991547
188.558655
187.165848
316.748871
316.992432
196.557312
187.165237
324.753357
316.992615
204.558151
187.165253
332.749603
316.995178
212.556046
187.164841
340.751953
316.995392
220.556534
187.165863
348.747681
316.994537
228.555542
187.164856
356.750763
316.994537
236.559998
187.164703
364.750275
316.993408
244.551880
187.163147
372.750092
316.998169
252.546188
187.160034
380.638245
316.919189
-59.407986
195.146118
68.713669
325.014526
-51.439541
195.171341
76.755280
324.990631
-43.441677
195.162201
84.750153
324.993073
-35.443081
195.164642
92.748291
324.993347
-27.442520
195.165192
100.752747
324.992493
-19.442047
195.165390
108.749405
324.993561
-11.442970
195.166321
116.752235
324.991821
-3.442795
195.165771
124.750114
324.992920
4.557194
195.166412
132.752258
324.991943
12.557358
195.165985
140.749878
324.993073
20.556793
195.166321
148.752335
324.991821
28.557281
195.166016
156.750137
324.993103
36.556839
195.166138
164.752335
324.992065
44.557327
195.165680
172.749908
324.993439
52.556999
195.165573
180.752014
324.992340
60.557285
195.165207
188.749298
324.993500
68.557167
195.165436
196.752136
324.992065
76.557266
195.165680
204.749268
324.993073
84.557144
195.166107
212.752563
324.991943
92.557449
195.166046
220.750000
324.993103
100.556870
195.166153
228.752121
324.991699
108.557228
195.165619
236.749969
324.993164
116.557068
195.166168
244.752563
324.991943
124.557297
195.166122
252.749664
324.993042
132.556900
195.166565
260.752441
324.991638
140.557281
195.166016
268.750244
324.993042
148.556610
195.166382
276.752106
324.991486
156.556778
195.165680
284.749207
324.993408
164.556320
195.166168
292.752197
324.991821
172.557449
195.166168
300.749695
324.993439
180.557343
195.165176
308.752502
324.992188
188.558105
195.164734
316.750031
324.994598
196.556244
195.165207
324.752380
324.993622
204.556244
195.165604
332.749268
324.996094
212.555267
195.165131
340.752686
324.996124
220.555588
195.165771
348.747925
324.996643
228.555161
195.164734
356.750214
324.995544
236.558182
195.164291
364.750458
324.994781
244.551666
195.161591
372.749603
324.999573
252.545975
195.159470
380.636414
324.920380
-59.405640
203.146622
68.713837
333.013306
-51.438843
203.171173
76.755386
332.988770
-43.441681
203.162308
84.750702
332.991760
-35.441490
203.165344
92.748299
332.991760
-27.442822
203.165131
100.751976
332.989929
-19.440990
203.165680
108.749252
332.991058
-11.442574
203.166275
116.752914
332.990356
-3.441811
203.166473
124.749123
332.990845
4.557285
203.166687
132.753265
332.989929
12.558228
203.166641
140.749405
332.990570
20.557266
203.166779
148.753311
332.989929
28.558140
203.166672
156.749512
332.990723
36.557133
203.166809
164.753174
332.990082
44.558071
203.166534
172.749512
332.990845
52.557304
203.166595
180.753052
332.990143
60.558331
203.166473
188.749313
332.990845
68.557159
203.166687
196.753265
332.990021
76.558319
203.166183
204.749359
332.990875
84.557182
203.166504
212.753082
332.990143
92.558517
203.166321
220.749496
332.990936
100.557198
203.166626
228.753204
332.990051
108.558121
203.166504
236.749329
332.990753
116.557114
203.166809
244.753220
332.989929
124.558174
203.166672
252.749298
332.990723
132.557159
203.166855
260.752899
332.989899
140.558182
203.166260
268.749573
332.991058
148.556885
203.166504
276.752533
332.990112
156.557861
203.166138
284.748840
332.991211
164.557556
203.166260
292.753387
332.990601
172.558487
203.165649
300.749268
332.991638
180.557312
203.166016
308.753510
332.990295
188.558411
203.166458
316.749634
332.990479
196.556671
203.166428
324.753693
332.991333
204.556519
203.166428
332.748352
332.993958
212.555862
203.165344
340.752350
332.994843
220.556213
203.165619
348.747101
332.994080
228.555847
203.164276
356.750549
332.994263
236.560028
203.164612
364.749817
332.993103
244.552460
203.162231
372.750732
332.998596
252.545624
203.159607
380.637451
332.919861
-59.407898
211.146088
68.713158
341.014404
-51.439098
211.172089
76.755554
340.990204
-43.441429
211.161774
84.750511
340.993652
-35.443054
211.164871
92.748398
340.994263
-27.442898
211.165070
100.752670
340.992615
-19.442642
211.165176
108.748993
340.993469
-11.442879
211.166382
116.751671
340.991943
-3.442692
211.166199
124.749840
340.992706
4.556976
211.166473
132.752396
340.991516
12.557213
211.166046
140.749908
340.992920
20.556675
211.166458
148.752197
340.991577
28.557190
211.166138
156.749924
340.992920
36.556728
211.166382
164.752380
340.991699
44.557213
211.166107
172.749878
340.993011
52.556717
211.166412
180.752319
340.991791
60.557232
211.166092
188.749786
340.992981
68.556602
211.166153
196.752304
340.991821
76.557419
211.165955
204.749847
340.993011
84.556862
211.166260
212.752304
340.991821
92.557304
211.166199
220.749832
340.993042
100.556686
211.166504
228.752121
340.991638
108.557098
211.166138
236.749756
340.992920
116.556801
211.166260
244.752319
340.991730
124.557220
211.166077
252.749954
340.993073
132.556839
211.166290
260.752197
340.991791
140.557098
211.165680
268.749908
340.993134
148.556671
211.166107
276.752258
340.991974
156.557312
211.165817
284.749451
340.993195
164.557083
211.165771
292.752686
340.992157
172.557404
211.166016
300.749329
340.993347
180.556763
211.166046
308.753204
340.991974
188.557037
211.165527
316.749969
340.993683
196.555786
211.164917
324.751923
340.994537
204.555984
211.164948
332.748352
340.996704
212.555939
211.164642
340.751434
340.996704
220.556274
211.164520
348.747925
340.997070
228.555603
211.163940
356.749786
340.995331
236.558868
211.164001
364.750641
340.994293
244.551880
211.161652
372.750061
340.999359
252.546021
211.159821
380.636597
340.920471
-59.406059
219.147263
68.713722
349.012787
-51.439827
219.171555
76.755501
348.987793
-43.441826
219.162674
84.750412
348.991119
-35.441631
219.165436
92.748001
348.991058
-27.442314
219.165497
100.752541
348.990540
-19.441368
219.166046
108.749397
348.990997
-11.442841
219.166260
116.752846
348.989929
-3.441643
219.166382
124.749496
348.990326
4.557228
219.166718
132.753372
348.989777
12.558205
219.166382
140.749268
348.990540
20.556999
219.166946
148.753098
348.989746
28.558014
219.166595
156.749252
348.990387
36.556957
219.166931
164.753021
348.989746
44.558090
219.166534
172.749237
348.990570
52.557037
219.166656
180.753098
348.989960
60.558182
219.166595
188.749191
348.990631
68.557022
219.166748
196.753113
348.989868
76.558136
219.166473
204.749268
348.990540
84.557030
219.166779
212.753052
348.989777
92.558281
219.166672
220.749329
348.990601
100.557175
219.166992
228.753052
348.989807
108.558105
219.166595
236.749237
348.990448
116.557037
219.166748
244.753204
348.989655
124.558205
219.166611
252.749252
348.990479
132.557114
219.166870
260.753235
348.989868
140.558044
219.166641
268.749268
348.990723
148.556808
219.166748
276.753052
348.989746
156.558075
219.166367
284.749146
348.990692
164.556839
219.166489
292.753143
348.989960
172.558304
219.166229
300.749115
348.990875
180.556686
219.166260
308.753235
348.990662
188.557892
219.165924
316.748962
348.991760
196.556549
219.165955
324.752197
348.992249
204.558014
219.165527
332.748901
348.994202
212.556671
219.165070
340.752594
348.994507
220.558044
219.164856
348.748322
348.993774
228.556335
219.163956
356.750610
348.993591
236.560608
219.164459
364.750183
348.992676
244.552460
219.161987
372.751709
348.997864
252.546097
219.159866
380.637512
348.919647
-59.407909
227.146423
68.713936
357.014954
-51.440449
227.171753
76.755424
356.990234
-43.441750
227.162186
84.750038
356.993134
-35.443161
227.165222
92.748116
356.992981
-27.442631
227.165375
100.752083
356.991791
-19.442356
227.165802
108.749260
356.993317
-11.442997
227.166199
116.752197
356.992035
-3.442307
227.166016
124.749954
356.993042
4.556789
227.166168
132.752228
356.991760
12.557400
227.166138
140.749756
356.992828
20.556873
227.166443
148.752441
356.991699
28.557415
227.166412
156.749786
356.992981
36.556583
227.166534
164.752228
356.991516
44.557278
227.166397
172.749863
356.992920
52.556789
227.166611
180.752380
356.991638
60.557240
227.166382
188.749649
356.992920
68.556641
227.166565
196.752380
356.991516
76.557343
227.166260
204.749786
356.992950
84.556725
227.166519
212.752350
356.991608
92.557327
227.166382
220.749847
356.992889
100.556778
227.166656
228.752274
356.991577
108.557297
227.166275
236.749817
356.992859
116.556908
227.166550
244.752533
356.991638
124.557228
227.166412
252.749603
356.992981
132.556808
227.166595
260.752441
356.991669
140.557266
227.166229
268.749603
356.992981
148.556671
227.166519
276.752197
356.991760
156.557190
227.166199
284.749634
356.993011
164.556671
227.166107
292.752472
356.991882
172.557404
227.166443
300.749817
356.993011
180.556732
227.166199
308.752563
356.992035
188.556992
227.166473
316.750061
356.992828
196.556580
227.165802
324.752380
356.992737
204.557327
227.166336
332.749084
356.995758
212.556290
227.164703
340.751862
356.995361
220.556442
227.165039
348.749176
356.996277
228.555664
227.163391
356.750061
356.994568
236.559631
227.164337
364.750549
356.994324
244.551849
227.161774
372.751099
356.999573
252.545486
227.160355
380.636749
356.920654
-59.407829
235.147522
68.713997
365.013977
-51.442394
235.171417
76.756653
364.989655
-43.444080
235.163391
84.751213
364.991699
-35.443916
235.165222
92.749313
364.991638
-27.445267
235.166382
100.752701
364.990631
-19.444275
235.166061
108.749817
364.991028
-11.445362
235.166534
116.753006
364.990295
-3.444298
235.166641
124.750641
364.990814
4.554478
235.166550
132.753754
364.990173
12.555649
235.166901
140.750641
364.990356
20.554737
235.166962
148.753876
364.989655
28.555691
235.167007
156.750427
364.990295
36.554581
235.167206
164.754120
364.989685
44.555508
235.167114
172.750473
364.990234
52.554520
235.167297
180.754013
364.989685
60.555538
235.167175
188.750397
364.990265
68.554466
235.167221
196.753998
364.989624
76.555573
235.167221
204.750519
364.990265
84.554550
235.167221
212.754120
364.989746
92.555519
235.167206
220.750671
364.990295
100.554581
235.167267
228.753998
364.989746
108.555573
235.167175
236.750549
364.990204
116.554642
235.167175
244.754272
364.989746
124.555618
235.167282
252.750366
364.990173
132.554657
235.166946
260.754333
364.989868
140.555695
235.167236
268.750336
364.990295
148.554657
235.166992
276.754150
364.989685
156.555878
235.166901
284.750488
364.990540
164.554749
235.166992
292.754333
364.990021
172.555801
235.166748
300.750854
364.990753
180.554688
235.166458
308.754333
364.990997
188.556015
235.166138
316.751434
364.991608
196.553802
235.166626
324.753845
364.991394
204.554749
235.166092
332.749603
364.992737
212.553650
235.166275
340.753082
364.993958
220.554962
235.165283
348.750153
364.994385
228.553589
235.164307
356.750671
364.993347
236.558273
235.164108
364.751099
364.991516
244.550446
235.161316
372.753174
364.997253
252.546097
235.159790
380.636780
364.918732
-59.410492
243.137634
68.722107
373.015533
-51.436737
243.166718
76.755096
372.994995
-43.438911
243.160706
84.750504
372.995544
-35.439209
243.162659
92.750443
372.993866
-27.439121
243.163025
100.753128
372.993713
-19.439548
243.163727
108.751472
372.994202
-11.439739
243.163406
116.753433
372.992676
-3.439266
243.164383
124.751816
372.993469
4.560246
243.163574
132.753540
372.992737
12.560734
243.164124
140.751862
372.993469
20.560200
243.163773
148.753784
372.992798
28.560440
243.164230
156.751648
372.993347
36.560024
243.164001
164.753723
372.992584
44.560513
243.164246
172.751984
372.993408
52.559902
243.164078
180.753464
372.992645
60.560555
243.164291
188.751968
372.993347
68.560059
243.164001
196.753464
372.992584
76.560562
243.164413
204.751984
372.993286
84.559975
243.163971
212.753616
372.992554
92.560432
243.164246
220.751984
372.993347
100.560104
243.164032
228.753677
372.992676
108.560593
243.164291
236.752060
372.993347
116.560089
243.164001
244.753693
372.992737
124.560455
243.164536
252.751923
372.993347
132.559937
243.163910
260.753784
372.992706
140.560638
243.164215
268.751892
372.993225
148.560028
243.163956
276.753601
372.992584
156.560760
243.164215
284.752106
372.993317
164.560181
243.163666
292.753723
372.992645
172.560410
243.163727
300.751953
372.993622
180.560150
243.163254
308.753540
372.993134
188.560211
243.163910
316.752014
372.993835
196.559586
243.162842
324.753296
372.994019
204.559616
243.164001
332.750549
372.995544
212.559174
243.162613
340.752869
372.995728
220.559189
243.161743
348.749756
372.996552
228.559998
243.161194
356.750580
372.994690
236.563309
243.164062
364.754822
372.994171
244.558014
243.164093
372.755249
372.998718
252.551910
243.168396
380.635803
372.919861
-59.420189
251.075089
68.672989
380.991699
-51.410393
251.062439
76.638298
380.985199
-43.410915
251.057617
84.631699
380.992157
-35.412209
251.061264
92.631165
380.989990
-27.412777
251.061020
100.631897
380.989624
-19.412594
251.061462
108.631584
380.989929
-11.413445
251.061386
116.632523
380.989655
-3.412758
251.061646
124.631271
380.989929
4.586514
251.060699
132.632538
380.989899
12.587486
251.061768
140.631592
380.989960
20.586533
251.060852
148.632385
380.989746
28.587166
251.061768
156.631195
380.989685
36.586449
251.061127
164.632355
380.989838
44.587234
251.062103
172.631287
380.989685
52.586380
251.061249
180.632339
380.989746
60.587097
251.062088
188.631226
380.989624
68.586517
251.061310
196.632538
380.989624
76.587250
251.062103
204.631409
380.989624
84.586380
251.061279
212.632507
380.989746
92.587120
251.062027
220.631317
380.989655
100.586510
251.061310
228.632385
380.989807
108.587173
251.062012
236.631302
380.989716
116.586411
251.061188
244.632477
380.989716
124.587143
251.062149
252.631134
380.989655
132.586365
251.060883
260.632629
380.990112
140.587280
251.062057
268.631470
380.989868
148.586517
251.060776
276.632385
380.989807
156.587448
251.061859
284.631531
380.990051
164.586670
251.061081
292.632690
380.990051
172.587296
251.061905
300.631256
380.990112
180.586823
251.060883
308.632050
380.990173
188.587265
251.061661
316.631531
380.990784
196.586594
251.060669
324.632050
380.990723
204.587616
251.060608
332.630310
380.991333
212.586594
251.059265
340.631775
380.992249
220.587677
251.059952
348.630524
380.991943
228.587952
251.059860
356.630798
380.990662
236.589294
251.060394
364.632416
380.991333
244.585693
251.067978
372.642334
380.992584
252.557465
251.079376
380.604248
380.943542
-120.736099
-119.824120
137.651443
135.830856
-104.735550
-119.815659
153.648499
135.828949
-88.732956
-119.812485
169.648666
135.830154
-72.732742
-119.812439
185.648651
135.829971
-56.732269
-119.811836
201.648453
135.829926
-40.732376
-119.811996
217.648666
135.830048
-24.732193
-119.811790
233.648438
135.829971
-8.732498
-119.811958
249.648743
135.829987
7.267715
-119.811844
265.648621
135.829941
23.267624
-119.812042
281.648743
135.830048
39.267807
-119.811813
297.648651
135.829865
55.267517
-119.811920
313.648682
135.829895
71.267807
-119.811615
329.648438
135.829758
87.267502
-119.812065
345.648682
135.830017
103.267929
-119.811783
361.648560
135.830032
119.267731
-119.811813
377.648621
135.829941
135.267670
-119.811783
393.648407
135.829803
151.267334
-119.811516
409.648865
135.830078
167.267212
-119.813362
425.650146
135.829956
183.263428
-119.824432
441.652100
135.828415
-120.740570
-103.833817
137.650269
151.827576
-104.742355
-103.825378
153.651855
151.825394
-88.737167
-103.824570
169.655243
151.824570
-72.737122
-103.824417
185.655869
151.824341
-56.736359
-103.823746
201.655640
151.824219
-40.736526
-103.824219
217.655991
151.824173
-24.736359
-103.823837
233.655640
151.824387
-8.736343
-103.824326
249.655960
151.824142
7.263779
-103.823822
265.655731
151.823959
23.263611
-103.824257
281.655823
151.824188
39.263779
-103.823906
297.655579
151.824326
55.263550
-103.824409
313.655884
151.824249
71.263763
-103.824158
329.655579
151.824280
87.263489
-103.824402
345.655701
151.824493
103.263840
-103.823990
361.655548
151.824219
119.263336
-103.824585
377.655762
151.824310
135.263275
-103.824120
393.655212
151.824234
151.263580
-103.824020
409.654846
151.824356
167.264801
-103.825401
425.657715
151.823029
183.269196
-103.827545
441.658997
151.822723
-120.738205
-87.835060
137.650024
167.825104
-104.740524
-87.824585
153.653427
167.823441
-88.737289
-87.822906
169.656464
167.823929
-72.737213
-87.822601
185.656525
167.823074
-56.736649
-87.822067
201.656540
167.822754
-40.736694
-87.822098
217.656876
167.823120
-24.736374
-87.821960
233.656891
167.822968
-8.737045
-87.821869
249.656967
167.822922
7.263275
-87.821960
265.656860
167.822800
23.263138
-87.822105
281.657043
167.822998
39.263474
-87.821869
297.656891
167.822952
55.263031
-87.821838
313.656738
167.822998
71.263428
-87.821701
329.656616
167.822815
87.263077
-87.822037
345.656738
167.822800
103.263519
-87.821945
361.656677
167.823013
119.263397
-87.822037
377.656921
167.822998
135.263275
-87.822014
393.656738
167.822968
151.262360
-87.821381
409.656067
167.822968
167.263794
-87.822227
425.658417
167.821838
183.269257
-87.825623
441.661499
167.823578
-120.738678
-71.835381
137.650070
183.824554
-104.740967
-71.824455
153.654037
183.823334
-88.738098
-71.823982
169.657150
183.823822
-72.737854
-71.823448
185.657730
183.822968
-56.737473
-71.822998
201.657623
183.822372
-40.737595
-71.823013
217.658005
183.822571
-24.737473
-71.823174
233.657761
183.822327
-8.737442
-71.823212
249.657791
183.822311
7.262527
-71.822769
265.657715
183.822235
23.262451
-71.822693
281.657837
183.822464
39.262421
-71.822624
297.657654
183.822388
55.262527
-71.822800
313.657776
183.822632
71.262863
-71.822472
329.657471
183.822754
87.262573
-71.822960
345.657715
183.822632
103.262619
-71.822998
361.657593
183.822388
119.262711
-71.823090
377.657928
183.822693
135.262711
-71.823112
393.657410
183.822266
151.262100
-71.822418
409.657410
183.822800
167.263107
-71.822807
425.658508
183.821198
183.269714
-71.826454
441.661896
183.823593
-120.738251
-55.835358
137.649948
199.824722
-104.741104
-55.824951
153.653519
199.823456
-88.737885
-55.824219
169.656647
199.824051
-72.738007
-55.823792
185.656830
199.823044
-56.737122
-55.822845
201.657120
199.822800
-40.737793
-55.823204
217.656952
199.822342
-24.737335
-55.823135
233.657364
199.822327
-8.737335
-55.823105
249.657455
199.822418
7.262848
-55.823151
265.657532
199.822372
23.262711
-55.823120
281.657623
199.822571
39.262756
-55.822983
297.657349
199.822464
55.262756
-55.823349
313.657349
199.822891
71.262939
-55.822891
329.656982
199.822815
87.262329
-55.822998
345.657043
199.822754
103.262543
-55.823257
361.657043
199.822296
119.262589
-55.823479
377.657532
199.822449
135.262695
-55.823166
393.657043
199.822449
151.262146
-55.822540
409.656494
199.822815
167.263306
-55.822876
425.658691
199.821167
183.269348
-55.826614
441.661377
199.823608
-120.738663
-39.835144
137.649780
215.824371
-104.741150
-39.824585
153.653793
215.823364
-88.738022
-39.823875
169.657074
215.823730
-72.737900
-39.823685
185.657410
215.823059
-56.737518
-39.823235
201.657150
215.822144
-40.737610
-39.823654
217.657349
215.822083
-24.737289
-39.823433
233.657440
215.821884
-8.737289
-39.823074
249.657700
215.822388
7.262741
-39.823067
265.657501
215.822144
23.262619
-39.823196
281.657715
215.822418
39.262695
-39.823196
297.657593
215.822205
55.262680
-39.823250
313.657593
215.822540
71.262772
-39.822998
329.657532
215.822586
87.262772
-39.823456
345.657654
215.822357
103.262512
-39.823013
361.657593
215.822021
119.262512
-39.823357
377.657593
215.822311
135.262970
-39.823112
393.657745
215.822357
151.262238
-39.822327
409.657104
215.822418
167.263000
-39.823059
425.658813
215.821060
183.269714
-39.826797
441.661865
215.823456
-120.738205
-23.835342
137.649857
231.824539
-104.740982
-23.824570
153.653427
231.823364
-88.737869
-23.824181
169.656662
231.823975
-72.737839
-23.823669
185.656845
231.822693
-56.737228
-23.822922
201.656784
231.822372
-40.737244
-23.823051
217.656967
231.822205
-24.736938
-23.823196
233.657349
231.822433
-8.737167
-23.823235
249.657303
231.822678
7.262924
-23.823135
265.657410
231.822571
23.262650
-23.823349
281.657288
231.822510
39.262955
-23.822937
297.657349
231.822601
55.262451
-23.823250
313.656982
231.822571
71.263184
-23.822968
329.657349
231.822723
87.262817
-23.822906
345.657043
231.822449
103.263168
-23.823090
361.657166
231.822327
119.262604
-23.823395
377.657013
231.822113
135.263275
-23.822998
393.657043
231.822647
151.262390
-23.822365
409.656799
231.822739
167.263306
-23.822891
425.658569
231.821487
183.269379
-23.826668
441.661499
231.823730
-120.738647
-7.835068
137.649872
247.824493
-104.741028
-7.824493
153.653717
247.823227
-88.738174
-7.824081
169.657074
247.823654
-72.737915
-7.823891
185.657379
247.822693
-56.737305
-7.822945
201.657257
247.822235
-40.737503
-7.823296
217.657700
247.822479
-24.737289
-7.823082
233.657639
247.822418
-8.737442
-7.823364
249.657623
247.822403
7.262848
-7.823074
265.657684
247.822296
23.262726
-7.823143
281.657684
247.822403
39.262604
-7.823196
297.657471
247.822327
55.262497
-7.823326
313.657379
247.822433
71.262512
-7.823219
329.657410
247.822342
87.262558
-7.822983
345.657532
247.822510
103.262711
-7.822708
361.657715
247.822006
119.262222
-7.823517
377.657288
247.822021
135.262695
-7.823158
393.657562
247.822281
151.262436
-7.822075
409.657593
247.822754
167.263138
-7.822891
425.658997
247.821259
183.269669
-7.826782
441.661926
247.823502
-120.738220
8.164749
137.649994
263.824615
-104.741135
8.175377
153.653381
263.823395
-88.737839
8.175720
169.656754
263.824005
-72.737762
8.176277
185.657013
263.822784
-56.737366
8.176819
201.656982
263.822632
-40.737427
8.176651
217.657257
263.822876
-24.737137
8.176819
233.657364
263.822510
-8.737442
8.176857
249.657562
263.822571
7.263031
8.176949
265.657532
263.822479
23.262772
8.176849
281.657471
263.822876
39.262924
8.176979
297.657379
263.822571
55.262573
8.176819
313.657410
263.822723
71.262955
8.176765
329.657379
263.822388
87.262466
8.176460
345.657104
263.822510
103.262909
8.177063
361.657349
263.822540
119.262573
8.176834
377.657196
263.822418
135.262817
8.176598
393.656921
263.822479
151.262360
8.177658
409.657257
263.823120
167.263565
8.177444
425.658875
263.821381
183.269424
8.173401
441.661560
263.823792
-120.738434
24.164917
137.649857
279.824402
-104.741196
24.175461
153.653748
279.823242
-88.738007
24.176086
169.657059
279.823792
-72.737823
24.176201
185.657425
279.822937
-56.737503
24.176605
201.657120
279.822388
-40.737396
24.176758
217.657700
279.822632
-24.737335
24.176659
233.657501
279.822205
-8.737488
24.176437
249.657562
279.822266
7.262726
24.176926
265.657532
279.822449
23.262711
24.177017
281.657562
279.822784
39.262787
24.176872
297.657501
279.822327
55.262711
24.176765
313.657776
279.822296
71.262589
24.176895
329.657654
279.822235
87.262650
24.176498
345.657715
279.822449
103.262604
24.176811
361.657501
279.822205
119.262451
24.176506
377.657654
279.822327
135.262299
24.176529
393.657379
279.822296
151.261780
24.177368
409.657257
279.822601
167.263199
24.177574
425.659180
279.821075
183.269623
24.173409
441.661865
279.823578
-120.738235
40.164886
137.649857
295.824585
-104.741104
40.174995
153.653320
295.823364
-88.737854
40.175827
169.656693
295.824158
-72.737869
40.176231
185.656906
295.822876
-56.737045
40.176994
201.656738
295.822510
-40.737183
40.176743
217.657196
295.822693
-24.736816
40.176956
233.657135
295.822418
-8.737274
40.176514
249.657120
295.822479
7.263092
40.176804
265.657074
295.822632
23.262970
40.176857
281.657410
295.822693
39.263351
40.177254
297.657227
295.822510
55.262726
40.176804
313.656952
295.822449
71.263092
40.177017
329.657379
295.822662
87.262711
40.176682
345.657166
295.822571
103.263229
40.177055
361.657227
295.822784
119.262833
40.176674
377.657410
295.822571
135.262665
40.176346
393.657074
295.822601
151.261963
40.177307
409.657043
295.822632
167.263458
40.177338
425.658875
295.821106
183.269409
40.173363
441.661377
295.823792
-120.738617
56.165062
137.649948
311.824585
-104.741089
56.175125
153.653412
311.823303
-88.738190
56.176231
169.656891
311.823792
-72.737885
56.176323
185.656998
311.822815
-56.737411
56.176773
201.657089
311.822449
-40.737473
56.176689
217.657272
311.822479
-24.737198
56.176956
233.657318
311.822205
-8.737503
56.176750
249.657700
311.822418
7.262497
56.176613
265.657288
311.822174
23.262604
56.176743
281.657410
311.822571
39.262894
56.177094
297.657593
311.822510
55.262466
56.176620
313.657410
311.822418
71.262756
56.176743
329.657318
311.822357
87.262527
56.176537
345.657288
311.822510
103.262833
56.176804
361.657501
311.822357
119.262527
56.176888
377.657654
311.822571
135.262177
56.176315
393.657043
311.822052
151.261780
56.177353
409.657318
311.822601
167.263107
56.177086
425.658539
311.820801
183.269501
56.173187
441.661560
311.823608
-120.738312
72.165024
137.649841
327.824554
-104.741119
72.175087
153.653137
327.823425
-88.737488
72.176048
169.656769
327.824158
-72.738022
72.176338
185.656342
327.822906
-56.737259
72.176727
201.656570
327.822601
-40.737244
72.176781
217.656876
327.822510
-24.736954
72.176910
233.657135
327.822540
-8.737350
72.176826
249.657013
327.822510
7.262863
72.176865
265.657074
327.822510
23.262558
72.176315
281.657227
327.822601
39.263077
72.176979
297.657196
327.822937
55.262604
72.176888
313.657043
327.822693
71.262894
72.176895
329.657135
327.822510
87.262680
72.176735
345.657013
327.822632
103.263153
72.177017
361.657135
327.822693
119.263016
72.176926
377.657471
327.822571
135.262741
72.176788
393.657104
327.822357
151.261963
72.177361
409.657043
327.822815
167.263474
72.177132
425.658691
327.821198
183.269394
72.173164
441.661133
327.823669
-120.738663
88.164925
137.649567
343.824341
-104.741241
88.175186
153.653564
343.823273
-88.737854
88.176208
169.657135
343.823975
-72.738022
88.176163
185.656906
343.822815
-56.737366
88.176865
201.656845
343.822296
-40.737366
88.176628
217.657227
343.822449
-24.737167
88.177032
233.657272
343.822205
-8.737259
88.176674
249.657532
343.822327
7.262863
88.176956
265.657471
343.822144
23.262497
88.176552
281.657471
343.822357
39.262802
88.176727
297.657349
343.822388
55.262802
88.176773
313.657410
343.822540
71.262726
88.176933
329.657349
343.822296
87.262695
88.176903
345.657349
343.822510
103.262726
88.176910
361.657410
343.822327
119.262726
88.176758
377.657593
343.822266
135.262558
88.176552
393.657410
343.821991
151.261719
88.177444
409.657166
343.822662
167.263016
88.177132
425.658386
343.820984
183.269592
88.173233
441.661438
343.823547
-120.738480
104.164665
137.649780
359.824768
-104.741104
104.175049
153.653275
359.823303
-88.737732
104.175850
169.656631
359.824219
-72.737885
104.176270
185.656540
359.822998
-56.737289
104.176773
201.656509
359.822632
-40.737518
104.176498
217.656738
359.822662
-24.737030
104.176796
233.656906
359.822510
-8.737366
104.176773
249.657059
359.822571
7.263123
104.177002
265.657043
359.822510
23.262680
104.176941
281.656860
359.822510
39.263077
104.176796
297.656799
359.822632
55.262787
104.176682
313.656921
359.822693
71.263107
104.176758
329.656891
359.822540
87.262634
104.176781
345.656891
359.822601
103.263062
104.177078
361.656982
359.822662
119.262802
104.176819
377.657410
359.822327
135.262848
104.176727
393.657318
359.822296
151.261810
104.177536
409.656921
359.822876
167.263535
104.176880
425.658569
359.821411
183.269608
104.173233
441.661133
359.823700
-120.738739
120.164841
137.649719
375.824707
-104.741287
120.175049
153.653503
375.823151
-88.737991
120.176109
169.656677
375.823975
-72.738098
120.176285
185.656967
375.822815
-56.737564
120.176826
201.656891
375.822357
-40.737701
120.176559
217.656982
375.822418
-24.737488
120.176796
233.656937
375.822174
-8.737579
120.176750
249.657104
375.822327
7.262650
120.176918
265.657104
375.822174
23.262589
120.176620
281.657043
375.822479
39.262634
120.176910
297.656952
375.822296
55.262512
120.176689
313.657104
375.822449
71.262634
120.176880
329.657074
375.822235
87.262344
120.176575
345.657135
375.822327
103.262650
120.176865
361.657227
375.822205
119.262665
120.176994
377.657745
375.822266
135.262207
120.176643
393.657288
375.821991
151.261780
120.177490
409.656921
375.822601
167.263168
120.177032
425.658203
375.820831
183.269669
120.173218
441.661316
375.823517
-120.738464
136.164795
137.649857
391.824707
-104.741470
136.174744
153.653275
391.823334
-88.737991
136.175766
169.656784
391.824005
-72.738403
136.175934
185.656784
391.822784
-56.737686
136.176392
201.656845
391.822479
-40.737946
136.176315
217.656906
391.822479
-24.737549
136.176392
233.656952
391.822449
-8.737854
136.176392
249.656921
391.822510
7.262436
136.176544
265.656921
391.822510
23.262283
136.176376
281.656982
391.822510
39.262482
136.176468
297.656921
391.822418
55.262207
136.176346
313.657104
391.822632
71.262451
136.176422
329.656982
391.822479
87.262115
136.176392
345.656921
391.822449
103.262482
136.176682
361.657104
391.822357
119.262421
136.176575
377.657379
391.822388
135.262177
136.176239
393.657166
391.822327
151.261642
136.177139
409.656677
391.822418
167.263275
136.176788
425.658569
391.821136
183.269424
136.172974
441.661133
391.823486
-120.739090
152.165222
137.649536
407.824768
-104.742081
152.175262
153.654053
407.823181
-88.738922
152.176285
169.656586
407.823334
-72.739014
152.176727
185.656921
407.822418
-56.738617
152.177231
201.656601
407.821899
-40.738602
152.177094
217.657028
407.822083
-24.738464
152.177338
233.656860
407.821838
-8.738571
152.177032
249.657013
407.822083
7.261536
152.177277
265.656799
407.821930
23.261353
152.177094
281.657043
407.822083
39.261475
152.177292
297.656860
407.821838
55.261383
152.177063
313.657043
407.822021
71.261566
152.177277
329.656921
407.821808
87.261414
152.177063
345.657104
407.821991
103.261505
152.177460
361.657104
407.821838
119.261398
152.176971
377.657440
407.822052
135.261200
152.176880
393.657166
407.821625
151.260941
152.177841
409.657043
407.821899
167.262421
152.176804
425.657715
407.821106
183.268738
152.173492
441.661011
407.824097
-120.737244
168.165497
137.650024
423.824768
-104.740997
168.173492
153.653076
423.821838
-88.737900
168.173782
169.655106
423.823853
-72.738663
168.174316
185.654907
423.822998
-56.738022
168.174576
201.654755
423.822754
-40.738281
168.174362
217.654877
423.822815
-24.737976
168.174561
233.654816
423.822754
-8.738235
168.174377
249.654846
423.822815
7.262039
168.174500
265.654785
423.822754
23.261765
168.174301
281.654938
423.822815
39.261993
168.174530
297.654846
423.822723
55.261749
168.174347
313.654907
423.822754
71.262070
168.174500
329.654846
423.822723
87.261734
168.174362
345.654968
423.822815
103.262100
168.174622
361.654907
423.822662
119.261841
168.174423
377.655334
423.822754
135.262314
168.174347
393.655029
423.822540
151.261185
168.175522
409.654541
423.822388
167.262817
168.175049
425.656799
423.821655
183.267838
168.173065
441.660400
423.824371
-120.739273
184.166718
137.654846
439.824738
-104.739456
184.168518
153.657272
439.820709
-88.740387
184.165512
169.659424
439.820923
-72.740555
184.165283
185.659134
439.820679
-56.740448
184.165161
201.659332
439.820190
-40.740417
184.164948
217.659546
439.820465
-24.740494
184.164948
233.659286
439.820190
-8.740417
184.164917
249.659561
439.820496
7.259521
184.164978
265.659302
439.820190
23.259583
184.164932
281.659485
439.820435
39.259506
184.164917
297.659302
439.820190
55.259598
184.164917
313.659515
439.820435
71.259521
184.164932
329.659302
439.820190
87.259613
184.164978
345.659515
439.820435
103.259598
184.165039
361.659363
439.820129
119.259659
184.165070
377.659668
439.820374
135.259552
184.165115
393.659576
439.819946
151.259354
184.165955
409.659363
439.820007
167.260376
184.168060
425.659485
439.818787
183.266922
184.167969
441.662537
439.820801
-239.746384
-238.916260
272.036072
273.852753
-207.732910
-238.904083
304.037903
273.860352
-175.734802
-238.904434
336.037323
273.860901
-143.734375
-238.904678
368.036987
273.861603
-111.734894
-238.903259
400.037720
273.861603
-79.735229
-238.903870
432.037628
273.862244
-47.735611
-238.902679
464.037781
273.862274
-15.735809
-238.902939
496.037720
273.861633
16.265350
-238.901123
528.037292
273.860107
48.260391
-238.892120
560.026489
273.862244
-239.739868
-206.903564
272.039062
305.843475
-207.724045
-206.890656
304.036987
305.844513
-175.723709
-206.890320
336.036285
305.844971
-143.723541
-206.890488
368.036377
305.845673
-111.724518
-206.888687
400.037079
305.845978
-79.724609
-206.889023
432.036469
305.846161
-47.724564
-206.888184
464.036133
305.846252
-15.723724
-206.887756
496.036407
305.845886
16.276779
-206.887390
528.036926
305.842651
48.277069
-206.886032
560.037292
305.851868
-239.738678
-174.905563
272.042816
337.843750
-207.720627
-174.893524
304.041534
337.843781
-175.719452
-174.892960
336.040833
337.844788
-143.718277
-174.893219
368.040924
337.844940
-111.718567
-174.891373
400.042297
337.844910
-79.718079
-174.891510
432.040985
337.844604
-47.718063
-174.890533
464.040802
337.844727
-15.717560
-174.890976
496.041107
337.844696
16.282013
-174.889389
528.041504
337.840759
48.279999
-174.888153
560.039795
337.850159
-239.739029
-142.905304
272.043610
369.845428
-207.720764
-142.892776
304.041718
369.845062
-175.719681
-142.891510
336.041107
369.845764
-143.718948
-142.892487
368.040741
369.845245
-111.719498
-142.890839
400.041565
369.845367
-79.718582
-142.891373
432.040863
369.845276
-47.718521
-142.890350
464.040924
369.844849
-15.717789
-142.890594
496.041168
369.844696
16.281708
-142.888992
528.041077
369.841034
48.279968
-142.888153
560.039795
369.850159
-239.739304
-110.904373
272.043396
401.843994
-207.721802
-110.893661
304.042419
401.843750
-175.720825
-110.892365
336.041779
401.844696
-143.720581
-110.892883
368.042114
401.844086
-111.720551
-110.890778
400.042480
401.843994
-79.720673
-110.891541
432.041534
401.843872
-47.719955
-110.890656
464.041534
401.843597
-15.719452
-110.890060
496.042328
401.843201
16.280426
-110.889099
528.043030
401.840271
48.280319
-110.888184
560.040344
401.850037
-239.739731
-78.904068
272.042999
433.843262
-207.722290
-78.893524
304.042450
433.842438
-175.721375
-78.892639
336.042236
433.843018
-143.721222
-78.892838
368.041992
433.842316
-111.721008
-78.890961
400.042633
433.842438
-79.721115
-78.890976
432.042267
433.842194
-47.720428
-78.890671
464.041351
433.842255
-15.719803
-78.890579
496.041962
433.841888
16.279999
-78.889252
528.043335
433.838501
48.280258
-78.887909
560.040894
433.848450
-239.739410
-46.903656
272.042877
465.842773
-207.722183
-46.894836
304.042206
465.841614
-175.720856
-46.893509
336.042053
465.841919
-143.720932
-46.893707
368.041534
465.841187
-111.721222
-46.892334
400.042450
465.841187
-79.720596
-46.892319
432.041992
465.841095
-47.720459
-46.891785
464.041870
465.840546
-15.719543
-46.891312
496.042450
465.840179
16.280258
-46.889587
528.043762
465.837585
48.279587
-46.888351
560.041992
465.847778
-239.738953
-14.903336
272.042236
497.842804
-207.721802
-14.893738
304.041962
497.840332
-175.720734
-14.892105
336.041321
497.841248
-143.720795
-14.892426
368.040955
497.840179
-111.721085
-14.891052
400.042236
497.840576
-79.720993
-14.891663
432.041687
497.840332
-47.720215
-14.890594
464.042114
497.839264
-15.719391
-14.890045
496.042267
497.839508
16.280838
-14.888596
528.043823
497.837463
48.280365
-14.887970
560.041809
497.847839
-239.739319
17.097855
272.040588
529.840698
-207.722946
17.106979
304.041687
529.838684
-175.722382
17.108368
336.041809
529.839294
-143.722610
17.108063
368.041931
529.838867
-111.722794
17.109619
400.042877
529.839111
-79.722885
17.109116
432.041626
529.839539
-47.722107
17.110458
464.042786
529.838440
-15.722107
17.110107
496.042419
529.838379
16.278778
17.111328
528.042969
529.837158
48.280121
17.111969
560.042725
529.847717
-239.730499
49.103897
272.045654
561.845581
-207.724228
49.111435
304.053223
561.843872
-175.723373
49.110229
336.053284
561.845459
-143.723877
49.110260
368.053833
561.845215
-111.723511
49.111404
400.054016
561.844971
-79.723434
49.110947
432.053772
561.845032
-47.723480
49.110596
464.054291
561.844238
-15.723434
49.110550
496.054565
561.844116
16.276367
49.112549
528.055298
561.843262
48.275650
49.116333
560.061218
561.848206
