-59.430809
-60.894249
68.697678
68.942513
-51.416367
-60.864204
76.741798
68.931816
-43.417976
-60.869125
84.744301
68.933167
-35.416351
-60.868805
92.741325
68.934296
-27.416840
-60.869095
100.743729
68.934181
-19.416164
-60.869125
108.741135
68.934395
-11.416851
-60.869034
116.743759
68.934036
-3.416000
-60.869194
124.741150
68.934540
4.583294
-60.869095
132.743927
68.934219
12.584019
-60.869240
140.741425
68.934662
20.583309
-60.869232
148.744049
68.934555
28.583954
-60.869347
156.741516
68.934669
36.583469
-60.869461
164.744141
68.934265
44.584263
-60.869576
172.741394
68.934441
52.583744
-60.869560
180.744232
68.934235
60.584351
-60.869644
188.741364
68.934280
68.583664
-60.869606
196.744370
68.934189
76.584435
-60.869583
204.741928
68.934509
84.583984
-60.869659
212.744507
68.934242
92.584373
-60.869698
220.741577
68.934471
100.583740
-60.869469
228.744385
68.934067
108.584297
-60.869530
236.741638
68.934303
116.583603
-60.869362
244.744476
68.934120
124.584213
-60.869400
252.741608
68.934311
132.583557
-60.869308
260.744385
68.934090
140.584137
-60.869308
268.741516
68.934296
148.583405
-60.869171
276.744324
68.934052
156.584015
-60.869247
284.741486
68.934303
164.583282
-60.869164
292.744202
68.934059
172.584000
-60.869255
300.741333
68.934364
180.583313
-60.869202
308.744080
68.934090
188.584335
-60.869492
316.741394
68.934692
196.583801
-60.869652
324.743713
68.934395
204.585098
-60.869957
332.741669
68.935226
212.584503
-60.870247
340.744019
68.934525
220.585876
-60.870483
348.742279
68.935707
228.585175
-60.870895
356.744812
68.935181
236.585266
-60.869484
364.740295
68.932686
244.579727
-60.878464
372.748535
68.942436
252.583069
-60.894691
380.670349
68.930725
-59.405830
-52.847504
68.711075
77.013069
-51.440681
-52.834785
76.747414
76.994057
-43.444839
-52.846390
84.746712
76.992958
-35.446022
-52.845825
92.742592
76.993301
-27.446373
-52.845764
100.747162
76.993179
-19.445900
-52.845657
108.742775
76.993080
-11.446320
-52.845612
116.747261
76.993088
-3.446026
-52.845444
124.742584
76.992661
4.553902
-52.845428
132.747513
76.992874
12.554081
-52.845428
140.742935
76.992905
20.553951
-52.845581
148.747620
76.993256
28.554256
-52.845428
156.743805
76.993134
36.553871
-52.845505
164.748016
76.993217
44.554104
-52.845551
172.743622
76.992798
52.554203
-52.845215
180.748138
76.993156
60.554470
-52.845604
188.743927
76.993050
68.554100
-52.845581
196.748169
76.993027
76.554688
-52.845688
204.744202
76.992775
84.554153
-52.845512
212.748444
76.993271
92.554337
-52.845268
220.743958
76.993004
100.554169
-52.845230
228.748322
76.993042
108.554413
-52.845337
236.743912
76.992920
116.554161
-52.845299
244.748230
76.993210
124.554337
-52.845451
252.743774
76.993057
132.554077
-52.845375
260.748108
76.993233
140.554291
-52.845490
268.743652
76.993011
148.554016
-52.845390
276.747986
76.993279
156.554199
-52.845551
284.743408
76.993103
164.553940
-52.845581
292.747803
76.993324
172.554092
-52.845734
300.743011
76.992958
180.553955
-52.845711
308.747375
76.992981
188.554291
-52.845955
316.742432
76.992538
196.554413
-52.846008
324.747131
76.992401
204.554855
-52.846130
332.743042
76.991920
212.554688
-52.845985
340.747986
76.991547
220.555481
-52.845711
348.744385
76.991409
228.555191
-52.845390
356.749176
76.991745
236.556183
-52.846313
364.746490
76.993004
244.549438
-52.847992
372.743103
76.993698
252.547638
-52.851402
380.633972
76.913361
-59.409008
-44.854401
68.712128
85.015976
-51.440769
-44.831825
76.754898
84.993011
-43.442451
-44.840675
84.747108
84.997673
-35.443642
-44.838852
92.746681
84.997612
-27.444080
-44.838425
100.748077
84.997322
-19.443825
-44.838875
108.746315
84.997337
-11.444344
-44.838409
116.747963
84.997147
-3.443890
-44.838707
124.746132
84.997330
4.555473
-44.838280
132.747864
84.997108
12.555729
-44.838799
140.745956
84.997147
20.555580
-44.838470
148.747864
84.997169
28.556103
-44.839226
156.746307
84.997620
36.555653
-44.839005
164.748077
84.997894
44.556091
-44.839279
172.746674
84.998245
52.555550
-44.839371
180.748352
84.997772
60.556305
-44.839493
188.746826
84.997749
68.555946
-44.839058
196.748535
84.997223
76.556473
-44.839630
204.746857
84.997841
84.555878
-44.838730
212.748810
84.997993
92.556297
-44.839691
220.747269
84.998245
100.556137
-44.839020
228.749008
84.997780
108.556366
-44.839409
236.747314
84.997704
116.556221
-44.838959
244.748947
84.997704
124.556404
-44.839294
252.747192
84.997849
132.556152
-44.838821
260.748932
84.997780
140.556244
-44.839226
268.747040
84.997772
148.555969
-44.838760
276.748657
84.997635
156.556137
-44.839127
284.746765
84.997658
164.555817
-44.838638
292.748291
84.997421
172.556183
-44.839149
300.746216
84.997375
180.555923
-44.838860
308.747681
84.996819
188.556854
-44.839424
316.746094
84.996674
196.556381
-44.838486
324.748260
84.995819
204.556854
-44.839165
332.747192
84.995972
212.556381
-44.838272
340.749817
84.995094
220.557510
-44.839188
348.748322
84.995743
228.556412
-44.838776
356.750183
84.995979
236.558685
-44.838585
364.750977
84.995728
244.549896
-44.840019
372.746948
85.000854
252.545837
-44.841782
380.637085
84.922409
-59.406460
-36.854073
68.713707
93.013969
-51.439079
-36.829079
76.755112
92.988228
-43.440704
-36.838074
84.751053
92.992622
-35.441338
-36.834953
92.748093
92.993233
-27.442890
-36.835648
100.752289
92.992943
-19.442478
-36.835167
108.747849
92.993301
-11.443493
-36.835251
116.751762
92.993103
-3.442795
-36.835007
124.747238
92.992836
4.556625
-36.835182
132.751434
92.992760
12.557076
-36.834724
140.747040
92.992767
20.556465
-36.835068
148.751434
92.992874
28.556976
-36.834633
156.747101
92.992958
36.556484
-36.835228
164.751312
92.993011
44.557209
-36.835121
172.747086
92.993416
52.556816
-36.835579
180.751648
92.993675
60.557369
-36.835388
188.747665
92.993889
68.556839
-36.835770
196.752045
92.993492
76.557533
-36.835754
204.748016
92.993378
84.557014
-36.835861
212.751617
92.993919
92.557327
-36.835213
220.747681
92.993790
100.557343
-36.835693
228.752747
92.994164
108.557495
-36.835518
236.748032
92.993858
116.557388
-36.835655
244.752441
92.994080
124.557663
-36.835281
252.747864
92.993828
132.557281
-36.835655
260.752441
92.994102
140.557526
-36.835281
268.747742
92.993835
148.557068
-36.835571
276.752045
92.993881
156.557465
-36.835228
284.747253
92.993622
164.556946
-36.835800
292.751404
92.993660
172.557617
-36.835518
300.746704
92.993126
180.557281
-36.835594
308.751526
92.992584
188.557983
-36.835129
316.747345
92.991867
196.557068
-36.834869
324.752228
92.990829
204.557648
-36.834358
332.748322
92.991318
212.556763
-36.834488
340.753235
92.990593
220.557770
-36.834549
348.749268
92.991425
228.556610
-36.835045
356.752441
92.991409
236.559692
-36.835045
364.751709
92.991402
244.550461
-36.836487
372.750793
92.997581
252.544556
-36.840256
380.637817
92.919571
-59.408451
-28.853638
68.712990
101.014679
-51.439960
-28.828278
76.755707
100.989586
-43.441475
-28.837212
84.749397
100.993027
-35.442673
-28.834305
92.749802
100.993668
-27.442986
-28.834503
100.751289
100.993851
-19.442841
-28.834801
108.749115
100.995102
-11.443447
-28.834770
116.750412
100.994179
-3.443192
-28.834404
124.748619
100.995209
4.555893
-28.834885
132.750504
100.994133
12.556248
-28.834373
140.747971
100.994904
20.555840
-28.834671
148.750275
100.993729
28.556160
-28.834427
156.747757
100.994720
36.555824
-28.834778
164.750137
100.993988
44.556007
-28.834808
172.748016
100.994705
52.556240
-28.835121
180.750305
100.993698
60.556583
-28.834885
188.747925
100.995018
68.556343
-28.835526
196.750656
100.994576
76.556343
-28.835129
204.748398
100.995834
84.555992
-28.835579
212.750610
100.994911
92.556427
-28.835815
220.748367
100.995796
100.556290
-28.835800
228.750427
100.994904
108.556519
-28.835793
236.748413
100.995895
116.556435
-28.835846
244.750626
100.995079
124.556480
-28.835617
252.748383
100.995819
132.556396
-28.835793
260.750366
100.994934
140.556519
-28.835526
268.748108
100.995872
148.556351
-28.835777
276.750122
100.994957
156.556549
-28.835609
284.747498
100.995529
164.556686
-28.835663
292.750122
100.994644
172.556793
-28.835388
300.747742
100.995026
180.556671
-28.835243
308.750244
100.993179
188.556839
-28.834435
316.748627
100.994034
196.556168
-28.834137
324.751526
100.992912
204.555847
-28.834045
332.747986
100.993759
212.555573
-28.834496
340.751343
100.992126
220.556519
-28.834084
348.748718
100.993301
228.556076
-28.834793
356.751190
100.992867
236.558472
-28.834045
364.751617
100.993248
244.549698
-28.836716
372.750000
100.999397
252.544800
-28.839561
380.637207
100.920792
-59.406792
-20.853470
68.713608
109.013649
-51.439560
-20.828400
76.754814
108.989014
-43.441723
-20.836609
84.751907
108.992577
-35.443100
-20.833214
92.748344
108.991249
-27.443760
-20.833488
100.752014
108.990311
-19.442390
-20.833206
108.747910
108.991737
-11.442833
-20.833862
116.752235
108.991554
-3.441765
-20.833397
124.748222
108.992386
4.556835
-20.834297
132.752594
108.992287
12.557621
-20.834000
140.747406
108.992729
20.556641
-20.834167
148.751862
108.992676
28.556915
-20.833939
156.747223
108.992760
36.556030
-20.834457
164.751648
108.992615
44.557026
-20.833694
172.747803
108.992645
52.556465
-20.834457
180.752106
108.992485
60.557278
-20.834503
188.747070
108.992584
68.557236
-20.834808
196.751740
108.992706
76.557373
-20.834671
204.746765
108.993080
84.557022
-20.835091
212.751709
108.993652
92.557274
-20.834869
220.747894
108.994072
100.556610
-20.835548
228.751892
108.994141
108.557373
-20.835373
236.747482
108.994087
116.557037
-20.835869
244.751740
108.994087
124.557602
-20.835251
252.747345
108.994072
132.557083
-20.835541
260.751801
108.994141
140.557449
-20.835068
268.746765
108.993767
148.557083
-20.835533
276.751740
108.993813
156.557663
-20.835114
284.746887
108.993217
164.557083
-20.834908
292.751434
108.992218
172.557861
-20.834152
300.747894
108.992432
180.556610
-20.833900
308.752289
108.991768
188.557068
-20.833321
316.747742
108.991844
196.555893
-20.833588
324.752075
108.991539
204.556702
-20.833344
332.747284
108.992058
212.555679
-20.834137
340.752106
108.990829
220.557800
-20.833939
348.748138
108.991257
228.556458
-20.834686
356.751709
108.991310
236.559769
-20.834549
364.751190
108.991714
244.550415
-20.836487
372.750519
108.997841
252.544846
-20.840103
380.638000
108.919731
-59.408520
-12.853806
68.712990
117.014389
-51.439888
-12.827621
76.755539
116.989853
-43.441418
-12.836586
84.750183
116.994080
-35.444023
-12.834633
92.749214
116.995148
-27.443699
-12.835419
100.751122
116.994591
-19.444393
-12.834930
108.747795
116.994537
-11.444054
-12.834557
116.752136
116.992546
-3.444092
-12.833939
124.748802
116.993095
4.555836
-12.834221
132.751282
116.992897
12.556839
-12.834312
140.748108
116.994286
20.556599
-12.834129
148.750397
116.994034
28.556309
-12.834007
156.748260
116.995041
36.555801
-12.834709
164.751190
116.994263
44.555794
-12.834892
172.748688
116.995094
52.556244
-12.835571
180.750610
116.994415
60.556416
-12.834785
188.748505
116.994781
68.556564
-12.835022
196.751617
116.994240
76.556404
-12.835205
204.748444
116.994682
84.556587
-12.835144
212.750366
116.994171
92.556656
-12.835449
220.748337
116.995255
100.556091
-12.835793
228.750336
116.994591
108.556801
-12.835892
236.748413
116.996254
116.556412
-12.836037
244.750778
116.995422
124.556900
-12.835785
252.748123
116.996368
132.556595
-12.836166
260.751221
116.995552
140.556396
-12.835846
268.747772
116.995682
148.556549
-12.835709
276.750305
116.994034
156.556702
-12.834801
284.748718
116.994911
164.556213
-12.834442
292.751099
116.993660
172.555939
-12.834068
300.748230
116.994011
180.556076
-12.834114
308.751038
116.993301
188.555756
-12.833710
316.748474
116.994064
196.555435
-12.834114
324.750610
116.993408
204.555756
-12.834122
332.747742
116.994095
212.556015
-12.835205
340.751068
116.992584
220.556641
-12.834930
348.748352
116.993332
228.556305
-12.835403
356.750854
116.993057
236.558533
-12.834373
364.751434
116.993538
244.550049
-12.837059
372.749756
116.999725
252.545013
-12.839722
380.637329
116.920868
-59.406940
-4.853516
68.713509
125.013290
-51.439716
-4.828178
76.755295
124.988754
-43.441391
-4.836929
84.750923
124.993141
-35.442772
-4.834488
92.746750
124.992516
-27.442280
-4.835152
100.751770
124.992371
-19.441990
-4.834160
108.747841
124.992790
-11.443146
-4.834991
116.752602
124.993256
-3.443146
-4.834663
124.747246
124.992844
4.556015
-4.835365
132.751801
124.992691
12.557465
-4.833740
140.748154
124.991951
20.556850
-4.834152
148.751663
124.991989
28.557037
-4.832977
156.747650
124.992653
36.556099
-4.834450
164.752197
124.993217
44.556606
-4.833939
172.747818
124.993195
52.557095
-4.834984
180.752014
124.992950
60.557926
-4.834633
188.747925
124.992935
68.557442
-4.835007
196.752563
124.993408
76.557961
-4.833977
204.747803
124.993149
84.557083
-4.834564
212.752151
124.993027
92.557617
-4.833984
220.748505
124.993004
100.556313
-4.834839
228.751205
124.992638
108.557724
-4.834450
236.747314
124.992844
116.556862
-4.834892
244.751434
124.992676
124.558212
-4.834351
252.747375
124.993134
132.557098
-4.834641
260.752045
124.993332
140.557541
-4.834152
268.747925
124.993080
148.556595
-4.834198
276.751831
124.992317
156.557266
-4.833588
284.747498
124.992386
164.556351
-4.833870
292.752045
124.992523
172.556717
-4.833321
300.747681
124.992584
180.556274
-4.833832
308.751953
124.992714
188.556900
-4.833488
316.747467
124.992813
196.556244
-4.834129
324.751617
124.992958
204.557343
-4.834312
332.747223
124.992966
212.556595
-4.835297
340.751953
124.991989
220.558014
-4.835014
348.747650
124.991875
228.556931
-4.835464
356.751373
124.991875
236.560089
-4.835083
364.751038
124.992271
244.550903
-4.836853
372.749817
124.998062
252.545197
-4.840149
380.638184
124.919563
-59.408199
3.145592
68.712891
133.014740
-51.439384
3.171303
76.754700
132.991013
-43.441139
3.162148
84.749641
132.994949
-35.442978
3.164543
92.748413
132.995392
-27.442955
3.163696
100.751572
132.994904
-19.443378
3.164207
108.747688
132.995270
-11.442974
3.164177
116.750923
132.994110
-3.444019
3.164383
124.747200
132.993500
4.557053
3.165024
132.750885
132.993484
12.556564
3.165627
140.748505
132.994598
20.556473
3.165199
148.749878
132.993500
28.555733
3.165794
156.747910
132.994690
36.555668
3.165131
164.751343
132.994476
44.555855
3.164742
172.748886
132.995224
52.556641
3.163857
180.750580
132.995117
60.556885
3.164185
188.749084
132.995834
68.556885
3.164154
196.750961
132.994446
76.557190
3.164619
204.748718
132.995010
84.556976
3.164833
212.751007
132.994324
92.556229
3.164986
220.749298
132.994904
100.556641
3.164902
228.751007
132.994110
108.556580
3.165291
236.749054
132.994736
116.556267
3.164856
244.751038
132.993591
124.556511
3.165909
252.748535
132.994690
132.555771
3.165482
260.751526
132.993942
140.555725
3.165779
268.748077
132.994766
148.556137
3.165436
276.751282
132.994049
156.555923
3.165695
284.748413
132.994934
164.555710
3.165230
292.750519
132.994263
172.555969
3.165344
300.748260
132.995392
180.556030
3.164665
308.750488
132.994781
188.556396
3.164574
316.748138
132.995850
196.556046
3.163986
324.750183
132.994568
204.556564
3.164276
332.747742
132.995331
212.556396
3.163376
340.750885
132.993469
220.557114
3.164108
348.748169
132.994095
228.556946
3.163879
356.750885
132.993469
236.559387
3.164848
364.751312
132.993576
244.550812
3.162292
372.750122
132.999115
252.545944
3.159981
380.637878
132.921082
-59.406570
11.145988
68.713348
141.013306
-51.438801
11.170807
76.754875
140.988281
-43.439705
11.162964
84.751785
140.992767
-35.441254
11.165024
92.748665
140.993240
-27.442520
11.163857
100.753342
140.993500
-19.441681
11.164207
108.748169
140.993439
-11.442589
11.164124
116.751846
140.993286
-3.442245
11.164658
124.747276
140.992432
4.557148
11.164848
132.751648
140.992554
12.557800
11.165939
140.747742
140.992584
20.556538
11.165298
148.750900
140.991882
28.557034
11.166397
156.747696
140.992584
36.556015
11.165497
164.752472
140.993439
44.556744
11.165482
172.747955
140.993164
52.557812
11.164352
180.752045
140.993683
60.558372
11.164795
188.748672
140.993530
68.557907
11.164322
196.752655
140.993729
76.558388
11.165543
204.748169
140.993484
84.557297
11.165230
212.752228
140.993652
92.557220
11.165855
220.748611
140.993027
100.557434
11.165237
228.752716
140.992844
108.557770
11.165588
236.747925
140.993042
116.557083
11.165985
244.752441
140.992706
124.557320
11.166077
252.747849
140.993301
132.556320
11.165833
260.752808
140.993332
140.557068
11.165573
268.747284
140.993195
148.557068
11.165199
276.751923
140.993546
156.557236
11.165337
284.747589
140.993896
164.556549
11.164757
292.751587
140.994064
172.557281
11.164795
300.747284
140.993835
180.556824
11.164452
308.751343
140.993805
188.557556
11.164948
316.747070
140.993652
196.556854
11.164635
324.751404
140.993530
204.557404
11.164818
332.747131
140.993332
212.556854
11.164154
340.751892
140.991913
220.558380
11.164528
348.747864
140.991867
228.557831
11.164085
356.752197
140.991638
236.560593
11.164406
364.751709
140.991638
244.550919
11.163284
372.751526
140.996750
252.545029
11.159393
380.638275
140.920395
-59.408615
19.146217
68.713158
149.014465
-51.440086
19.172035
76.755554
148.988617
-43.441158
19.163658
84.750473
148.992920
-35.443329
19.165581
92.749313
148.994156
-27.443707
19.164597
100.751083
148.993500
-19.442429
19.164795
108.749382
148.995300
-11.442970
19.163734
116.751221
148.994843
-3.441788
19.164162
124.749367
148.995148
4.557182
19.164207
132.751465
148.994232
12.557301
19.164955
140.749359
148.994751
20.556702
19.164787
148.750885
148.993713
28.555992
19.165588
156.748688
148.994873
36.555717
19.165298
164.751221
148.994644
44.556171
19.164482
172.749451
148.995209
52.557217
19.163780
180.751190
148.994690
60.557171
19.163765
188.749329
148.995895
68.557159
19.163857
196.751633
148.995087
76.557327
19.164452
204.748993
148.995972
84.556793
19.164261
212.750839
148.995178
92.556473
19.164825
220.749832
148.995758
100.556732
19.163994
228.751175
148.994934
108.556694
19.164543
236.748383
148.995361
116.557053
19.164581
244.751373
148.994751
124.556526
19.164742
252.748581
148.995865
132.555969
19.164474
260.751495
148.994843
140.556458
19.164696
268.748383
148.995590
148.556610
19.164398
276.750977
148.994781
156.556412
19.164734
284.747467
148.995560
164.556290
19.164398
292.749878
148.994385
172.556763
19.164536
300.748016
148.995483
180.556381
19.164383
308.750000
148.994308
188.556641
19.164673
316.747925
148.995117
196.556534
19.164246
324.750427
148.994385
204.556519
19.164497
332.747742
148.995209
212.556458
19.163818
340.751404
148.993286
220.557068
19.164146
348.748291
148.993744
228.556976
19.164360
356.751862
148.993210
236.558945
19.165047
364.752136
148.993378
244.549316
19.163208
372.750305
148.999054
252.544373
19.160454
380.636841
148.920776
-59.406654
27.146339
68.713364
157.014160
-51.440067
27.171631
76.754433
156.988754
-43.442127
27.162849
84.750145
156.992477
-35.442829
27.166016
92.747658
156.992676
-27.443951
27.165451
100.752258
156.991913
-19.443249
27.166115
108.747162
156.991577
-11.443726
27.165970
116.752045
156.990997
-3.441883
27.166382
124.748955
156.991928
4.556999
27.165955
132.752014
156.991638
12.557327
27.166687
140.747742
156.991699
20.556843
27.166107
148.751999
156.992004
28.556736
27.166245
156.747864
156.993286
36.555874
27.165680
164.751846
156.993271
44.557251
27.165085
172.748566
156.993225
52.557774
27.164398
180.752182
156.993530
60.558140
27.164520
188.748169
156.993561
68.557877
27.164482
196.753036
156.993927
76.558319
27.165283
204.748291
156.994034
84.557320
27.164894
212.752106
156.994141
92.557419
27.165215
220.748825
156.993866
100.557739
27.164383
228.752747
156.993958
108.557915
27.164940
236.747925
156.993744
116.557625
27.164909
244.752686
156.993927
124.557465
27.165367
252.747467
156.993805
132.556885
27.165062
260.752869
156.993652
140.557800
27.165169
268.747742
156.993561
148.557449
27.164680
276.752258
156.993835
156.557343
27.165169
284.746643
156.993652
164.557129
27.164902
292.751526
156.993103
172.558365
27.165176
300.747803
156.993591
180.556580
27.164940
308.751099
156.992767
188.558167
27.165199
316.747833
156.992889
196.556625
27.164909
324.751617
156.992950
204.557404
27.165337
332.747284
156.992889
212.556488
27.164688
340.751770
156.991714
220.558289
27.165039
348.747314
156.991272
228.556824
27.165070
356.751526
156.991486
236.559875
27.165451
364.751556
156.992203
244.549896
27.163094
372.750275
156.998291
252.544952
27.159775
380.637421
156.919373
-59.408562
35.146141
68.712456
165.014771
-51.439899
35.172318
76.755219
164.989838
-43.442039
35.163734
84.748978
164.993195
-35.443970
35.165985
92.748459
164.993744
-27.444221
35.165268
100.750244
164.993378
-19.443939
35.165146
108.747856
164.994690
-11.444393
35.164772
116.750137
164.994034
-3.444027
35.164757
124.747498
164.994965
4.555744
35.164917
132.750473
164.993713
12.555916
35.165527
140.748245
164.994446
20.555576
35.165329
148.750458
164.993713
28.555542
35.165558
156.747513
164.994934
36.555660
35.165260
164.750916
164.994385
44.556305
35.164375
172.749451
164.995300
52.557053
35.163658
180.750854
164.994568
60.557297
35.163811
188.748932
164.995667
68.557076
35.163849
196.751587
164.995056
76.557320
35.164520
204.749207
164.996094
84.556702
35.164139
212.750580
164.995270
92.556763
35.164345
220.749741
164.995682
100.557098
35.163712
228.751694
164.994659
108.557281
35.163712
236.748566
164.995911
116.556976
35.164268
244.751190
164.995132
124.556671
35.164444
252.748474
164.995789
132.556458
35.164368
260.751984
164.995148
140.556610
35.164062
268.748627
164.995758
148.556656
35.163826
276.750824
164.995270
156.556229
35.164589
284.747314
164.994980
164.556976
35.164223
292.751343
164.993622
172.556778
35.164780
300.748230
164.994568
180.557007
35.164734
308.750793
164.993332
188.557419
35.165001
316.748962
164.995255
196.556290
35.165108
324.751221
164.994476
204.556290
35.164726
332.748322
164.994904
212.556244
35.164406
340.751129
164.993103
220.556686
35.164864
348.748230
164.993393
228.556656
35.164307
356.750977
164.992645
236.558884
35.165131
364.750824
164.993835
244.550476
35.162674
372.749420
164.999634
252.545197
35.160103
380.637207
164.920685
-59.406796
43.146233
68.713104
173.014069
-51.439770
43.171921
76.754410
172.988693
-43.441738
43.163300
84.750099
172.992401
-35.442863
43.165909
92.746941
172.992355
-27.443840
43.165527
100.750946
172.991974
-19.442886
43.166229
108.746758
172.991913
-11.443741
43.166153
116.751099
172.991394
-3.442963
43.166534
124.747108
172.991684
4.556118
43.166290
132.751160
172.991241
12.556965
43.166313
140.747391
172.992035
20.555870
43.166000
148.751312
172.992065
28.556835
43.166061
156.747101
172.992737
36.556255
43.165268
164.751633
172.993225
44.557259
43.165039
172.748596
172.993332
52.557644
43.164314
180.752136
172.993500
60.558102
43.164726
188.748016
172.993469
68.557785
43.164650
196.752991
172.993927
76.558243
43.165398
204.748230
172.993927
84.557343
43.164848
212.752106
172.994064
92.557678
43.165161
220.749084
172.993698
100.557793
43.164375
228.752991
172.993729
108.558212
43.164673
236.747986
172.994003
116.557724
43.164688
244.752701
172.994293
124.557831
43.165230
252.747467
172.993866
132.557007
43.164925
260.752960
172.993942
140.557999
43.164574
268.747986
172.993744
148.557663
43.164528
276.751770
172.993805
156.557587
43.165367
284.746887
172.993057
164.557159
43.164665
292.752747
172.993134
172.557251
43.164925
300.747070
172.991165
180.557861
43.165108
308.751923
172.990738
188.558182
43.165787
316.748779
172.992386
196.556793
43.165428
324.752228
172.992584
204.557587
43.165482
332.747925
172.993225
212.556335
43.164154
340.751862
172.992035
220.558655
43.164711
348.748260
172.992126
228.557312
43.163902
356.751831
172.991516
236.560791
43.164490
364.751221
172.992218
244.551254
43.162704
372.750671
172.997330
252.545975
43.159233
380.638397
172.919968
-59.408489
51.145828
68.712738
181.015167
-51.439594
51.171577
76.754578
180.990845
-43.441410
51.162224
84.749153
180.994186
-35.443012
51.165039
92.748009
180.994705
-27.443348
51.164825
100.750175
180.993576
-19.443317
51.165306
108.747826
180.994385
-11.443691
51.165291
116.750443
180.993378
-3.443645
51.165504
124.747856
180.994415
4.555893
51.165390
132.750397
180.993408
12.556072
51.165398
140.747910
180.994568
20.555866
51.165154
148.750366
180.993744
28.555977
51.165550
156.747742
180.994904
36.555885
51.164909
164.750732
180.994446
44.556286
51.164185
172.749390
180.995407
52.556931
51.163681
180.750763
180.994629
60.557186
51.163788
188.748932
180.995697
68.557068
51.163956
196.751495
180.995163
76.557205
51.164543
204.749207
180.996094
84.556740
51.164093
212.750626
180.995392
92.556641
51.164360
220.749908
180.995605
100.557159
51.163422
228.751434
180.994720
108.557152
51.163681
236.748688
180.996002
116.557060
51.164047
244.751556
180.995514
124.556610
51.164314
252.748352
180.995956
132.556641
51.164215
260.751648
180.994934
140.557068
51.163628
268.749207
180.995804
148.556854
51.163506
276.750183
180.994507
156.557404
51.164337
284.747589
180.995239
164.557449
51.164024
292.750732
180.994629
172.557373
51.164200
300.749756
180.993652
180.557983
51.164017
308.752411
180.993408
188.557495
51.166069
316.749786
180.994797
196.555908
51.164474
324.751648
180.993652
204.556076
51.164619
332.748169
180.994995
212.556702
51.163757
340.751251
180.993378
220.557877
51.164101
348.748871
180.993942
228.557648
51.163788
356.752014
180.993256
236.559875
51.164543
364.751770
180.993713
244.550674
51.162506
372.750854
180.998749
252.545441
51.160072
380.637512
180.921310
-59.406261
59.145584
68.712952
189.013702
-51.438416
59.170822
76.754463
188.988297
-43.439873
59.162384
84.751320
188.991943
-35.441181
59.165031
92.748489
188.992371
-27.442406
59.164894
100.752441
188.991882
-19.441509
59.165237
108.748383
188.992126
-11.442795
59.165154
116.752060
188.991791
-3.441936
59.165474
124.747971
188.992203
4.556866
59.165558
132.751541
188.992035
12.557613
59.166023
140.747635
188.992294
20.556221
59.165451
148.751556
188.992279
28.556942
59.165993
156.747284
188.992645
36.556213
59.165123
164.751602
188.993195
44.557220
59.164993
172.748520
188.993439
52.557552
59.164391
180.752075
188.993622
60.558041
59.164757
188.748016
188.993591
68.557747
59.164635
196.752930
188.993866
76.558228
59.165451
204.748291
188.993958
84.557266
59.164803
212.751923
188.994186
92.557564
59.165115
220.748932
188.993530
100.557892
59.164322
228.752686
188.993652
108.558014
59.164696
236.748016
188.993958
116.557709
59.164742
244.752975
188.994446
124.557632
59.165222
252.747040
188.993774
132.557327
59.164871
260.752930
188.993774
140.558212
59.164246
268.748444
188.993744
148.557312
59.164024
276.751556
188.992889
156.558929
59.164467
284.747467
188.992569
164.558334
59.165054
292.752014
188.991791
172.558716
59.165741
300.750519
188.991669
180.557556
59.164963
308.753601
188.991425
188.558319
59.166702
316.749023
188.992493
196.556656
59.164703
324.752502
188.992218
204.557266
59.165039
332.747314
188.992950
212.557220
59.164162
340.752228
188.991470
220.559296
59.164528
348.748810
188.991608
228.558044
59.164520
356.752777
188.991486
236.560730
59.164665
364.751709
188.991318
244.550919
59.163528
372.751953
188.996918
252.545013
59.159836
380.637848
188.919891
-59.408157
67.145683
68.712418
197.014404
-51.438213
67.171196
76.755562
196.989502
-43.439880
67.162674
84.751526
196.993057
-35.442192
67.165161
92.750122
196.993851
-27.442505
67.165085
100.752052
196.992828
-19.442577
67.165222
108.749557
196.993576
-11.442612
67.165306
116.751999
196.992676
-3.442375
67.165359
124.749825
196.993866
4.557266
67.165413
132.751801
196.993011
12.557415
67.165817
140.748993
196.994293
20.556274
67.165436
148.751038
196.993713
28.556004
67.165649
156.748245
196.994751
36.555786
67.164948
164.750839
196.994522
44.556396
67.164185
172.749344
196.995529
52.556702
67.163826
180.750488
196.994812
60.557095
67.164124
188.749023
196.995941
68.556870
67.164062
196.751404
196.995041
76.557037
67.164551
204.748901
196.996002
84.556702
67.164162
212.750351
196.995422
92.556618
67.164398
220.749802
196.995667
100.557175
67.163475
228.751312
196.994843
108.557121
67.164009
236.748627
196.996292
116.556725
67.163933
244.751282
196.995605
124.556679
67.164185
252.748032
196.995712
132.557022
67.164040
260.751648
196.994873
140.557251
67.163498
268.749390
196.995911
148.556702
67.163513
276.750488
196.993439
156.557709
67.163773
284.748779
196.993988
164.557968
67.166451
292.751984
196.992722
172.557037
67.165276
300.750427
196.994385
180.555954
67.164825
308.752106
196.993607
188.556412
67.165741
316.748535
196.994049
196.556488
67.164337
324.750732
196.993927
204.556091
67.164841
332.747437
196.994080
212.557159
67.164253
340.751526
196.992508
220.558212
67.164810
348.748993
196.993134
228.557556
67.164856
356.752319
196.992554
236.559631
67.165199
364.752228
196.992950
244.550034
67.163055
372.751282
196.998764
252.544952
67.160286
380.637207
196.921082
-59.406036
75.146080
68.712593
205.012756
-51.437931
75.170731
76.755806
204.987137
-43.439766
75.163155
84.752495
204.990997
-35.441200
75.165474
92.749817
204.991837
-27.442451
75.165466
100.753433
204.991150
-19.441376
75.165436
108.749641
204.991669
-11.442375
75.165634
116.753334
204.990875
-3.441296
75.165451
124.749985
204.991531
4.557556
75.165977
132.753082
204.990707
12.558483
75.166306
140.749100
204.991882
20.556206
75.166306
148.751984
204.992218
28.556866
75.166382
156.747559
204.992676
36.555939
75.165268
164.751648
204.993042
44.557156
75.165024
172.748474
204.993591
52.557308
75.164246
180.751648
204.993530
60.557880
75.164734
188.747498
204.994019
68.557495
75.164528
196.752930
204.993973
76.557648
75.165108
204.747406
204.993835
84.557167
75.164612
212.751678
204.994202
92.557312
75.165054
220.748581
204.993652
100.557907
75.164001
228.752502
204.993835
108.557907
75.164558
236.747391
204.994110
116.557442
75.164467
244.752747
204.994537
124.557938
75.165062
252.746979
204.993408
132.557480
75.164330
260.752502
204.993118
140.558319
75.164337
268.748322
204.993469
148.557800
75.164177
276.752625
204.992599
156.558899
75.164978
284.748230
204.991776
164.558090
75.166527
292.752686
204.991547
172.557892
75.165649
300.748871
204.993469
180.555328
75.164528
308.752319
204.992584
188.558060
75.165649
316.747192
204.992432
196.556610
75.164398
324.751404
204.992645
204.557388
75.165245
332.747070
204.992340
212.556976
75.164459
340.752014
204.990692
220.559021
75.165169
348.748840
204.990814
228.557739
75.165001
356.752869
204.990967
236.560516
75.165100
364.752167
204.990997
244.550674
75.163445
372.752045
204.997070
252.544800
75.159912
380.637878
204.920090
-59.407791
83.145729
68.712242
213.013702
-51.437943
83.171257
76.756355
212.988770
-43.440144
83.163582
84.751869
212.992126
-35.442341
83.165665
92.750252
212.993027
-27.442661
83.165741
100.752426
212.991913
-19.442337
83.165443
108.750092
212.993057
-11.442764
83.165802
116.752579
212.991974
-3.442337
83.165352
124.750313
212.993225
4.557026
83.165901
132.752655
212.992157
12.557018
83.166100
140.749039
212.993805
20.555511
83.166069
148.750610
212.993546
28.555973
83.166077
156.748322
212.994507
36.556046
83.165138
164.750732
212.994293
44.556320
83.164444
172.748718
212.995850
52.556396
83.163895
180.750183
212.994537
60.557438
83.163353
188.748108
212.996155
68.556801
83.163803
196.751236
212.995361
76.556961
83.163902
204.748230
212.995712
84.556572
83.164154
212.750000
212.995087
92.556198
83.164009
220.748611
212.995392
100.557526
83.163383
228.751129
212.994934
108.557106
83.163849
236.747772
212.996124
116.556969
83.164246
244.751266
212.995377
124.556412
83.164131
252.747818
212.995499
132.556595
83.164017
260.751221
212.994431
140.556915
83.164177
268.748962
212.995499
148.557129
83.164116
276.751251
212.993439
156.557236
83.164291
284.748840
212.993774
164.557465
83.166077
292.751190
212.992950
172.556808
83.165436
300.748260
212.995453
180.555252
83.165230
308.751404
212.993454
188.557022
83.164406
316.748779
212.994507
196.556534
83.164970
324.749969
212.993927
204.556519
83.165054
332.748108
212.994690
212.556625
83.164597
340.751709
212.992416
220.557465
83.165184
348.749268
212.992691
228.556900
83.165085
356.752106
212.991974
236.558914
83.165527
364.752472
212.992462
244.549377
83.163155
372.751526
212.998383
252.544342
83.160202
380.636902
212.921021
-59.405899
91.146446
68.712334
221.011993
-51.438076
91.171120
76.755936
220.986298
-43.439835
91.164009
84.752411
220.990051
-35.441475
91.166092
92.749680
220.990875
-27.442516
91.166206
100.753220
220.990128
-19.441597
91.165970
108.749565
220.990845
-11.442581
91.166214
116.753036
220.990082
-3.441521
91.166023
124.749687
220.990723
4.557438
91.166313
132.753387
220.990143
12.557793
91.166519
140.748810
220.991302
20.555832
91.166756
148.751495
220.991394
28.557217
91.166405
156.747986
220.992035
36.556297
91.164871
164.751831
220.992447
44.557999
91.164665
172.748138
220.993195
52.557533
91.163864
180.752228
220.992950
60.558563
91.163879
188.747803
220.993774
68.557434
91.164131
196.752686
220.994095
76.558029
91.164818
204.748230
220.994186
84.557114
91.163803
212.751129
220.994568
92.557762
91.163971
220.747086
220.993500
100.558243
91.163490
228.752716
220.994217
108.558014
91.163910
236.747192
220.994110
116.557060
91.163918
244.752014
220.993835
124.557434
91.164909
252.747192
220.993622
132.556320
91.164001
260.751617
220.993195
140.557892
91.164467
268.746948
220.993347
148.557388
91.163696
276.751801
220.993225
156.557617
91.163879
284.746826
220.992172
164.557632
91.165901
292.751251
220.991409
172.557632
91.165756
300.747925
220.993134
180.555603
91.165009
308.752136
220.991882
188.558258
91.165329
316.747925
220.991974
196.557037
91.165131
324.751465
220.991791
204.557587
91.165932
332.747711
220.992538
212.556519
91.165100
340.752441
220.991272
220.557617
91.165192
348.748627
220.991211
228.556641
91.165146
356.752075
220.991333
236.559677
91.165413
364.751648
220.991028
244.549911
91.163422
372.750671
220.997375
252.544739
91.159744
380.637329
220.918961
-59.407768
99.145821
68.712204
229.013641
-51.438049
99.171249
76.756485
228.988770
-43.440140
99.163765
84.751747
228.992126
-35.442440
99.165550
92.750229
228.993103
-27.442715
99.165833
100.752319
228.992004
-19.442451
99.165451
108.749985
228.993225
-11.442848
99.165955
116.752357
228.991837
-3.442406
99.165550
124.750175
228.993149
4.557053
99.165886
132.752747
228.992004
12.556934
99.166161
140.749207
228.993484
20.555805
99.166199
148.750671
228.992996
28.556019
99.166397
156.748718
228.993820
36.556080
99.165451
164.751465
228.992950
44.556534
99.165207
172.748749
228.993851
52.556511
99.165215
180.751282
228.992920
60.557114
99.164970
188.748657
228.994904
68.556076
99.164833
196.751068
228.994568
76.556488
99.164352
204.747986
228.996185
84.556259
99.163490
212.749908
228.994507
92.557487
99.164055
220.748611
228.995178
100.558762
99.163757
228.752045
228.994965
108.557877
99.163612
236.749176
228.996033
116.557083
99.163689
244.751587
228.995300
124.556824
99.164185
252.747910
228.996567
132.556366
99.163101
260.750092
228.995148
140.557190
99.163155
268.747437
228.995544
148.557297
99.163582
276.749573
228.994446
156.557205
99.163849
284.749146
228.993866
164.557205
99.164818
292.750946
228.993179
172.556488
99.165985
300.748169
228.995544
180.555267
99.165871
308.751068
228.992859
188.556519
99.165184
316.748962
228.993546
196.556534
99.164894
324.751373
228.993134
204.555878
99.165588
332.747498
228.993912
212.555847
99.164864
340.751129
228.992889
220.556915
99.164574
348.748932
228.993927
228.556763
99.164268
356.751068
228.993927
236.558746
99.164024
364.751038
228.994583
244.550140
99.161308
372.749359
229.000488
252.546112
99.159409
380.637268
228.921417
-59.405712
107.146568
68.712341
237.011993
-51.437996
107.171234
76.756210
236.986252
-43.439838
107.164062
84.752350
236.990128
-35.441437
107.166031
92.749863
236.990723
-27.442455
107.166245
100.753220
236.990097
-19.441582
107.166069
108.749756
236.990814
-11.442619
107.166252
116.753189
236.990082
-3.441566
107.166107
124.749619
236.990753
4.557446
107.166077
132.753479
236.990311
12.557991
107.166321
140.749023
236.991211
20.556408
107.166580
148.751953
236.991211
28.557781
107.166687
156.748260
236.991821
36.556267
107.165459
164.752258
236.991898
44.557133
107.165451
172.748062
236.992554
52.556015
107.164963
180.751389
236.992065
60.557091
107.165154
188.747284
236.992691
68.556244
107.165039
196.751144
236.992371
76.557465
107.164619
204.747467
236.992935
84.556770
107.165024
212.751373
236.992065
92.559219
107.164375
220.749023
236.992279
100.558243
107.165237
228.753754
236.991714
108.558716
107.165436
236.749100
236.991974
116.557457
107.165359
244.752258
236.992859
124.558105
107.165413
252.747223
236.993805
132.557343
107.163826
260.751587
236.992844
140.558975
107.164185
268.747803
236.991562
148.557983
107.165176
276.752289
236.991806
156.557632
107.165329
284.749664
236.992279
164.557144
107.165520
292.751770
236.991226
172.557663
107.166916
300.748047
236.993011
180.555664
107.166061
308.752197
236.992249
188.556686
107.166222
316.747192
236.992035
196.556244
107.165352
324.751953
236.991913
204.556366
107.166016
332.746674
236.991867
212.555725
107.164841
340.751770
236.990631
220.558655
107.164230
348.748657
236.991821
228.557205
107.164429
356.751953
236.991669
236.560974
107.164429
364.751984
236.991699
244.550888
107.163483
372.751404
236.996582
252.545334
107.159203
380.638489
236.920074
-59.407608
115.145844
68.712372
245.013550
-51.438042
115.171181
76.756744
244.988800
-43.440220
115.163811
84.751930
244.992157
-35.442390
115.165764
92.750832
244.993195
-27.442726
115.166023
100.752373
244.991852
-19.442410
115.165588
108.749962
244.993134
-11.442795
115.165970
116.752419
244.991852
-3.442326
115.165558
124.750046
244.993134
4.556957
115.165657
132.752655
244.992065
12.556931
115.166222
140.749985
244.993134
20.556023
115.166016
148.751129
244.992493
28.556538
115.166718
156.748596
244.992828
36.556416
115.166039
164.751099
244.992294
44.556107
115.166237
172.748154
244.993439
52.556129
115.165825
180.751358
244.992599
60.556145
115.165909
188.748413
244.993362
68.556107
115.165802
196.751068
244.992462
76.556320
115.165924
204.748657
244.992935
84.556992
115.165009
212.752029
244.992065
92.557831
115.165901
220.750061
244.993454
100.557449
115.165253
228.753265
244.993057
108.557487
115.164764
236.749466
244.993912
116.557373
115.164894
244.751648
244.994324
124.557358
115.164902
252.748444
244.994415
132.557983
115.164680
260.752869
244.993469
140.556931
115.165611
268.750854
244.993317
148.557281
115.165154
276.750641
244.992584
156.556458
115.164810
284.749420
244.994339
164.557419
115.165306
292.752319
244.993500
172.555939
115.166489
300.747925
244.994858
180.555176
115.166168
308.750793
244.993744
188.555786
115.165298
316.747833
244.994293
196.555847
115.165565
324.749878
244.993134
204.556061
115.165031
332.746979
244.993622
212.555893
115.164673
340.750732
244.991699
220.557465
115.164268
348.748962
244.993134
228.557434
115.165054
356.751862
244.992401
236.559448
115.165535
364.752563
244.992752
244.549789
115.163147
372.750641
244.998672
252.545212
115.160187
380.637939
244.921341
-59.405819
123.146629
68.712860
253.012009
-51.438240
123.171211
76.756409
252.986145
-43.440178
123.164093
84.752159
252.989807
-35.441338
123.166016
92.749702
252.990845
-27.442425
123.166229
100.753502
252.990280
-19.441452
123.165840
108.749519
252.990967
-11.442268
123.166275
116.753586
252.990082
-3.441345
123.166199
124.749969
252.990707
4.557163
123.166382
132.753693
252.990326
12.557949
123.165924
140.749527
252.991135
20.556503
123.166092
148.751923
252.991058
28.558144
123.167061
156.748810
252.991379
36.556564
123.166458
164.752563
252.990936
44.557198
123.166702
172.748627
252.992020
52.556358
123.165688
180.752167
252.991699
60.557297
123.165680
188.747925
252.992203
68.556458
123.165131
196.751816
252.991745
76.557755
123.165535
204.748184
252.991577
84.557449
123.164841
212.752640
252.990631
92.558807
123.165115
220.749176
252.991699
100.557648
123.166267
228.753616
252.991089
108.558807
123.165741
236.751190
252.991272
116.556908
123.167168
244.752747
252.990021
124.559288
123.167427
252.750626
252.990204
132.557892
123.167091
260.754730
252.991272
140.557297
123.165588
268.749420
252.992126
148.556274
123.166206
276.751465
252.991745
156.557495
123.165092
284.749084
252.992035
164.557297
123.165527
292.753418
252.992279
172.557343
123.167053
300.747986
252.993378
180.555145
123.165825
308.751465
252.993073
188.557037
123.166237
316.747711
252.993134
196.556549
123.165283
324.751862
252.992737
204.557037
123.165840
332.745697
252.991913
212.556183
123.164948
340.751404
252.990051
220.558868
123.164749
348.748901
252.990784
228.557205
123.166153
356.751831
252.990524
236.559692
123.165489
364.752136
252.990479
244.550171
123.164070
372.751129
252.996674
252.545273
123.159760
380.638306
252.919891
-59.407360
131.146637
68.712852
261.013611
-51.439240
131.171539
76.756729
260.988739
-43.440987
131.163177
84.751366
260.992218
-35.442570
131.165619
92.750183
260.993225
-27.442841
131.165909
100.752655
260.992096
-19.442379
131.165619
108.750557
260.993103
-11.442841
131.166046
116.753372
260.991669
-3.442699
131.165771
124.750237
260.993042
4.556812
131.166138
132.752792
260.992004
12.557121
131.165833
140.750076
260.993530
20.556988
131.165405
148.751862
260.992188
28.557457
131.166077
156.749496
260.992615
36.557343
131.165833
164.752136
260.992493
44.556976
131.166260
172.749252
260.993835
52.556263
131.165466
180.751740
260.993469
60.556362
131.165070
188.748657
260.994354
68.556374
131.164948
196.750565
260.992920
76.556717
131.165222
204.748245
260.993225
84.557411
131.164948
212.752563
260.991730
92.558060
131.166153
220.750275
260.992767
100.557251
131.166641
228.752930
260.991821
108.557472
131.165741
236.751617
260.993774
116.556870
131.166565
244.752777
260.992218
124.557617
131.165924
252.751038
260.993591
132.556808
131.166656
260.752625
260.993561
140.555939
131.166107
268.747986
260.993805
148.556488
131.165421
276.750061
260.992279
156.557465
131.165848
284.749390
260.994110
164.556778
131.164566
292.753113
260.993408
172.555969
131.166229
300.747559
260.995453
180.555222
131.165375
308.750824
260.994446
188.556320
131.164886
316.747711
260.995361
196.556549
131.164352
324.749725
260.994385
204.556656
131.164505
332.746643
260.994598
212.556351
131.164642
340.751221
260.992126
220.557587
131.164444
348.749542
260.993256
228.557159
131.165436
356.751526
260.992737
236.558655
131.165344
364.751984
260.993225
244.549667
131.163116
372.750519
260.998627
252.544983
131.160233
380.637482
260.920898
-59.405823
139.146637
68.713730
269.012817
-51.438854
139.171417
76.755829
268.987183
-43.440628
139.163574
84.752281
268.989929
-35.441521
139.166382
92.750107
268.990692
-27.442509
139.166718
100.754036
268.990173
-19.441612
139.166840
108.750534
268.990784
-11.443542
139.167084
116.753860
268.990112
-3.442413
139.166748
124.749420
268.991028
4.556339
139.166351
132.752258
268.989960
12.558334
139.166153
140.748718
268.990997
20.557709
139.166351
148.753601
268.990662
28.558342
139.165970
156.749817
268.991089
36.557537
139.166321
164.753738
268.990417
44.558346
139.166443
172.749023
268.991486
52.556412
139.166168
180.752335
268.991913
60.557503
139.165848
188.748215
268.992371
68.556618
139.165466
196.751617
268.991730
76.557770
139.165741
204.747559
268.991455
84.557526
139.165466
212.753387
268.990234
92.558105
139.166687
220.749176
268.990845
100.556503
139.166504
228.752045
268.990662
108.557358
139.166443
236.749878
268.991699
116.557396
139.167374
244.751801
268.990601
124.557693
139.165863
252.749725
268.991211
132.556458
139.167542
260.750793
268.991058
140.557068
139.165848
268.747711
268.991760
148.556580
139.166870
276.750916
268.990662
156.558075
139.165039
284.749512
268.991302
164.557098
139.165344
292.753021
268.991943
172.557541
139.166183
300.747131
268.993683
180.555634
139.164902
308.751495
268.993134
188.558197
139.164307
316.747803
268.993164
196.557693
139.163971
324.752014
268.992523
204.558594
139.165634
332.746887
268.991455
212.557343
139.165009
340.752625
268.990417
220.558289
139.164703
348.749542
268.991211
228.557175
139.165878
356.751495
268.990234
236.560333
139.165573
364.752533
268.991058
244.550262
139.163742
372.752380
268.996704
252.544937
139.159653
380.637848
268.919617
-59.408348
147.147064
68.712624
277.013550
-51.439552
147.172180
76.756683
276.988159
-43.441631
147.164246
84.751312
276.991882
-35.443916
147.166840
92.749519
276.992554
-27.444126
147.166504
100.751282
276.991577
-19.444103
147.166534
108.749336
276.992859
-11.444458
147.165955
116.750977
276.992310
-3.444069
147.166107
124.748260
276.994080
4.556122
147.165863
132.751465
276.992706
12.556881
147.165283
140.749237
276.993103
20.557213
147.165497
148.752365
276.991852
28.557583
147.165405
156.749908
276.993256
36.557388
147.165680
164.753281
276.992371
44.557079
147.165955
172.749329
276.993896
52.555889
147.165985
180.751526
276.993286
60.556458
147.165802
188.748596
276.994202
68.556442
147.165146
196.750580
276.993347
76.556885
147.165192
204.748657
276.993591
84.557259
147.164795
212.752716
276.991943
92.556946
147.166473
220.748199
276.993530
100.556267
147.166443
228.751511
276.992828
108.556091
147.165039
236.748383
276.993927
116.557312
147.166107
244.751190
276.993073
124.557022
147.164886
252.750458
276.994324
132.556549
147.165344
260.750793
276.993652
140.556732
147.165863
268.748657
276.993744
148.557434
147.165100
276.750916
276.992218
156.557007
147.165039
284.750336
276.993805
164.556335
147.164230
292.753082
276.993469
172.556946
147.164825
300.748108
276.995209
180.556335
147.165588
308.750946
276.993866
188.556946
147.165466
316.749756
276.994751
196.556732
147.164871
324.752594
276.993164
204.556900
147.165466
332.748322
276.992981
212.556824
147.164673
340.751953
276.992310
220.557922
147.164749
348.750183
276.994019
228.557190
147.165466
356.752106
276.992554
236.558380
147.165268
364.753113
276.992920
244.549744
147.162872
372.750671
276.999023
252.544937
147.160065
380.636871
276.920990
-59.406242
155.146683
68.713470
285.013428
-51.439819
155.171906
76.756119
284.988586
-43.441765
155.163330
84.751251
284.992737
-35.443542
155.165894
92.747696
284.993103
-27.443779
155.165253
100.751846
284.992615
-19.443535
155.165619
108.747017
284.992523
-11.444031
155.165405
116.751350
284.991699
-3.442772
155.165894
124.746452
284.991028
4.557098
155.164978
132.751617
284.990204
12.558456
155.165771
140.748642
284.990784
20.557938
155.165878
148.753632
284.990448
28.558270
155.165863
156.749512
284.990723
36.557507
155.165970
164.753510
284.990326
44.557953
155.165863
172.748703
284.991760
52.556274
155.165894
180.752136
284.991669
60.558048
155.165863
188.748306
284.992462
68.556915
155.165283
196.751648
284.991882
76.558304
155.165131
204.748627
284.991577
84.557404
155.164780
212.753510
284.990479
92.558655
155.165527
220.748093
284.991272
100.557228
155.165833
228.751877
284.991302
108.558182
155.166077
236.749542
284.991486
116.557419
155.166473
244.752167
284.990234
124.558823
155.165283
252.750610
284.991547
132.557892
155.166351
260.752228
284.990967
140.558182
155.165741
268.749512
284.991211
148.557556
155.166519
276.752869
284.990234
156.558350
155.165298
284.749664
284.991760
164.556854
155.165649
292.753174
284.991913
172.557938
155.165955
300.748108
284.992340
180.556351
155.166214
308.752502
284.991577
188.557251
155.166565
316.747925
284.992798
196.556183
155.165863
324.753418
284.993195
204.556213
155.165924
332.746704
284.992401
212.555725
155.165421
340.750916
284.990356
220.557831
155.165863
348.749329
284.990021
228.557587
155.165436
356.753357
284.990845
236.560120
155.164734
364.750885
284.992157
244.550247
155.163010
372.751160
284.997406
252.545639
155.159180
380.637939
284.919983
-59.408550
163.145691
68.712898
293.014984
-51.439617
163.171448
76.755402
292.990143
-43.441803
163.162689
84.749199
292.993713
-35.443623
163.164948
92.748848
292.994751
-27.443584
163.164963
100.750496
292.994141
-19.443542
163.164825
108.748253
292.994995
-11.443382
163.164703
116.750664
292.993927
-3.443142
163.164871
124.747665
292.993958
4.556889
163.164734
132.750549
292.991943
12.557980
163.164856
140.749252
292.992828
20.557686
163.165649
148.752258
292.991821
28.557529
163.165375
156.750275
292.993134
36.557098
163.165436
164.752625
292.992126
44.557068
163.165619
172.749237
292.993500
52.556644
163.165543
180.751953
292.992645
60.557419
163.165283
188.749420
292.993500
68.557625
163.165161
196.751511
292.992950
76.558182
163.164795
204.750122
292.993835
84.557724
163.164536
212.752884
292.993164
92.557877
163.165878
220.749344
292.993469
100.557129
163.165375
228.752350
292.992004
108.557632
163.166214
236.750732
292.993622
116.557068
163.165955
244.751968
292.992371
124.557465
163.165558
252.750519
292.994019
132.557007
163.165527
260.751709
292.992493
140.556808
163.165466
268.749603
292.993164
148.557404
163.165848
276.751648
292.992096
156.557404
163.165619
284.749695
292.993652
164.556549
163.165802
292.751984
292.992188
172.556656
163.166351
300.749115
292.994812
180.554688
163.166168
308.750183
292.993652
188.555420
163.166046
316.746765
292.993683
196.555634
163.165161
324.750397
292.993011
204.555817
163.165558
332.746033
292.993683
212.556244
163.164993
340.750854
292.992554
220.557159
163.164825
348.749908
292.994476
228.555389
163.164093
356.749756
292.993683
236.559143
163.164642
364.752136
292.993652
244.550552
163.162903
372.750946
292.999023
252.544983
163.160034
380.637085
292.921051
-59.406128
171.146088
68.713600
301.014496
-51.439526
171.171417
76.754700
300.988739
-43.441032
171.162521
84.750366
300.992706
-35.442299
171.164948
92.747269
300.993042
-27.442806
171.164307
100.751122
300.993256
-19.441856
171.164673
108.746758
300.993347
-11.442799
171.164093
116.751106
300.992676
-3.441483
171.164825
124.747223
300.991699
4.557808
171.164398
132.752167
300.990601
12.558765
171.165253
140.749237
300.990845
20.557781
171.166092
148.753159
300.990356
28.558395
171.165894
156.749573
300.991028
36.557354
171.165802
164.753174
300.990601
44.558525
171.165741
172.749298
300.991455
52.557350
171.165497
180.753418
300.991058
60.559181
171.165527
188.750244
300.991669
68.557907
171.165771
196.753159
300.990906
76.558792
171.165497
204.750031
300.991486
84.557785
171.165955
212.753632
300.990479
92.558487
171.165894
220.749634
300.991302
100.557297
171.166916
228.753479
300.990601
108.558128
171.166153
236.749603
300.991302
116.557114
171.166962
244.752747
300.990295
124.558456
171.165985
252.749451
300.991211
132.557495
171.166550
260.753082
300.990906
140.557877
171.165939
268.748840
300.991272
148.557343
171.166687
276.752563
300.990173
156.557999
171.166229
284.750092
300.991028
164.556641
171.166840
292.752563
300.990723
172.557220
171.166412
300.748352
300.992859
180.555206
171.165771
308.750427
300.992981
188.556793
171.165878
316.746826
300.992798
196.556229
171.165009
324.751953
300.993042
204.557220
171.165771
332.746216
300.992065
212.556488
171.164093
340.751465
300.990814
220.558105
171.166321
348.747498
300.991425
228.556152
171.164642
356.751038
300.990173
236.560486
171.165192
364.751221
300.990417
244.551239
171.163986
372.751587
300.997162
252.545044
171.160187
380.638519
300.920166
-59.407833
179.145325
68.713242
309.015472
-51.439068
179.170166
76.755066
308.991028
-43.440884
179.160965
84.749863
308.994476
-35.442265
179.163498
92.749222
308.995239
-27.442398
179.163391
100.750565
308.994049
-19.441910
179.163483
108.748451
308.995178
-11.442005
179.163925
116.751762
308.993378
-3.441505
179.163971
124.749084
308.993774
4.557766
179.164978
132.752319
308.991913
12.558270
179.165054
140.750214
308.993530
20.557377
179.165787
148.752350
308.991821
28.557747
179.165344
156.750015
308.993225
36.557156
179.165756
164.752625
308.992004
44.557697
179.165390
172.750183
308.993195
52.557140
179.165680
180.752747
308.992188
60.557735
179.165695
188.750595
308.993103
68.557045
179.165863
196.752289
308.992126
76.557320
179.165955
204.749939
308.993195
84.557121
179.165924
212.752838
308.991974
92.557213
179.165955
220.749649
308.992798
100.557083
179.166245
228.752335
308.991760
108.557373
179.166275
236.750275
308.993195
116.557053
179.166382
244.752411
308.991974
124.557312
179.166458
252.749908
308.992798
132.557068
179.166168
260.752625
308.991974
140.557068
179.166199
268.749786
308.993042
148.557236
179.166000
276.752441
308.992188
156.556900
179.165955
284.749939
308.993408
164.556412
179.165726
292.752197
308.992920
172.556198
179.166077
300.748535
308.995117
180.555084
179.165283
308.750458
308.993805
188.556488
179.165558
316.747833
308.994324
196.556900
179.164505
324.751221
308.993896
204.556427
179.164795
332.747192
308.994141
212.557129
179.164215
340.752197
308.992767
220.556534
179.164948
348.748322
308.994873
228.555939
179.164352
356.750427
308.992310
236.559433
179.164612
364.751282
308.992676
244.550430
179.163605
372.751007
308.998779
252.544830
179.160400
380.637573
308.921082
-59.405437
187.146057
68.713440
317.013611
-51.438217
187.170258
76.755676
316.987732
-43.439232
187.161896
84.751831
316.991943
-35.440727
187.164597
92.748924
316.992584
-27.441715
187.164536
100.752953
316.991364
-19.440411
187.164673
108.749329
316.991760
-11.441597
187.165115
116.753784
316.990936
-3.440491
187.165207
124.750015
316.991760
4.557804
187.165710
132.753128
316.990845
12.558708
187.165527
140.749420
316.991180
20.557758
187.166260
148.753418
316.990143
28.558456
187.166122
156.749817
316.990784
36.557716
187.166473
164.753525
316.990112
44.558426
187.166321
172.749603
316.990814
52.557461
187.166718
180.753357
316.990143
60.558086
187.166153
188.749756
316.990906
68.557022
187.167023
196.752838
316.990204
76.557999
187.166290
204.749237
316.990662
84.557190
187.166779
212.753387
316.989990
92.558228
187.166473
220.749542
316.990845
100.557220
187.166962
228.753418
316.990112
108.558281
187.166168
236.750000
316.990997
116.557343
187.167068
244.753448
316.990173
124.558411
187.166367
252.749756
316.990814
132.557465
187.166870
260.753937
316.989990
140.558273
187.166351
268.749512
316.990814
148.557281
187.166885
276.753418
316.989990
156.558426
187.166321
284.750427
316.991333
164.556473
187.167145
292.752502
316.990875
172.557449
187.166504
300.748596
316.992554
180.555344
187.165894
308.751343
316.991333
188.558456
187.165527
316.747986
316.991608
196.556961
187.165985
324.752380
316.991699
204.557663
187.166718
332.747833
316.991302
212.556534
187.164871
340.753601
316.991638
220.556976
187.166718
348.746704
316.992615
228.556030
187.164490
356.751190
316.991089
236.560883
187.164886
364.752014
316.990723
244.551178
187.163757
372.751526
316.997009
252.544846
187.159912
380.638245
316.919800
-59.406883
195.145325
68.713264
325.014008
-51.437576
195.170258
76.756813
324.990387
-43.440208
195.162323
84.751656
324.993805
-35.441738
195.164185
92.750549
324.994293
-27.442204
195.164948
100.752441
324.993134
-19.441872
195.164642
108.750031
324.993896
-11.442627
195.165253
116.752640
324.992493
-3.442169
195.165237
124.749878
324.993500
4.557114
195.165848
132.752472
324.992157
12.557903
195.165619
140.750458
324.993256
20.557259
195.166229
148.752411
324.991943
28.557594
195.165863
156.750229
324.993164
36.557007
195.166046
164.752777
324.991852
44.557556
195.165985
172.750000
324.993103
52.556786
195.166260
180.752289
324.991730
60.557129
195.166260
188.749954
324.993164
68.556641
195.166260
196.752014
324.992096
76.556725
195.166229
204.749649
324.993011
84.556587
195.166183
212.752594
324.991821
92.556992
195.166229
220.749725
324.992828
100.556961
195.166367
228.752777
324.991852
108.557129
195.166092
236.750656
324.993103
116.556885
195.166351
244.752808
324.992004
124.557541
195.166412
252.750534
324.993103
132.556808
195.166504
260.753265
324.991913
140.557190
195.166443
268.750397
324.993164
148.556976
195.166306
276.753143
324.992004
156.556763
195.166367
284.750244
324.993073
164.556641
195.166168
292.751862
324.992615
172.556396
195.166351
300.748718
324.994324
180.555908
195.165604
308.751160
324.992706
188.557251
195.165710
316.749237
324.992798
196.557709
195.165863
324.751984
324.992432
204.556656
195.165741
332.749176
324.994232
212.556183
195.165039
340.752625
324.994446
220.554886
195.165833
348.747253
324.993866
228.556030
195.164398
356.751221
324.993042
236.559921
195.165161
364.752136
324.992737
244.550110
195.162643
372.750763
324.998840
252.544754
195.160614
380.637329
324.921448
-59.404865
203.147034
68.713081
333.011627
-51.437847
203.170959
76.756432
332.986755
-43.439972
203.163925
84.752342
332.990448
-35.441254
203.166046
92.750107
332.991028
-27.442383
203.166367
100.753670
332.990295
-19.441513
203.166138
108.749718
332.990967
-11.442753
203.166580
116.753670
332.990051
-3.441784
203.166183
124.749832
332.990845
4.557243
203.166733
132.753128
332.990082
12.558331
203.166168
140.749756
332.990784
20.557415
203.166534
148.753342
332.990173
28.558392
203.166504
156.749542
332.990967
36.557327
203.166763
164.753448
332.990173
44.558155
203.166397
172.749512
332.990723
52.557076
203.166946
180.753174
332.990021
60.558159
203.166626
188.749237
332.991058
68.556519
203.167084
196.752838
332.990112
76.557549
203.166290
204.749054
332.990814
84.556496
203.166870
212.753052
332.990173
92.557892
203.166519
220.749298
332.990936
100.556839
203.167358
228.753326
332.990173
108.557434
203.166977
236.749878
332.990814
116.556396
203.167038
244.753052
332.990204
124.557793
203.166702
252.749344
332.990723
132.556732
203.167053
260.752838
332.990051
140.558228
203.166840
268.749695
332.991089
148.556946
203.167206
276.753326
332.990356
156.557465
203.166336
284.749969
332.991028
164.556808
203.167023
292.752411
332.991150
172.557373
203.166580
300.748779
332.992371
180.555939
203.165634
308.752319
332.990784
188.558563
203.166290
316.748993
332.990845
196.557281
203.166565
324.753510
332.989929
204.557816
203.167358
332.748993
332.991028
212.557053
203.167053
340.754242
332.992157
220.556183
203.166962
348.747345
332.991699
228.555740
203.164856
356.751709
332.991089
236.560287
203.165298
364.751709
332.991089
244.550751
203.163940
372.751190
332.996826
252.544678
203.160110
380.638184
332.920166
-59.407440
211.146240
68.713585
341.013123
-51.438297
211.171783
76.756645
340.988739
-43.440624
211.163773
84.751633
340.992218
-35.442833
211.166367
92.750290
340.993011
-27.443283
211.166306
100.752151
340.991852
-19.443127
211.166367
108.749680
340.992950
-11.443462
211.166138
116.752151
340.991791
-3.443115
211.166443
124.749451
340.992798
4.556854
211.166153
132.752502
340.991852
12.557320
211.166382
140.749924
340.993103
20.556831
211.166290
148.752655
340.991852
28.557041
211.166199
156.749771
340.992920
36.556862
211.166306
164.752747
340.991791
44.557152
211.166306
172.749817
340.992981
52.556625
211.166473
180.752472
340.992004
60.556534
211.166656
188.749542
340.992950
68.556160
211.166473
196.751938
340.992004
76.556152
211.166702
204.749191
340.992981
84.555702
211.166382
212.751907
340.992065
92.556061
211.166473
220.749130
340.992981
100.556244
211.166229
228.751846
340.991974
108.555603
211.166275
236.748779
340.993073
116.555923
211.166290
244.751556
340.992737
124.555771
211.166229
252.749329
340.993561
132.555908
211.166382
260.751526
340.991516
140.556351
211.166260
268.748566
340.992645
148.556305
211.166504
276.751953
340.991791
156.556519
211.166397
284.749878
340.993103
164.556366
211.166443
292.751282
340.992615
172.556076
211.166718
300.749023
340.994659
180.555786
211.165802
308.751984
340.992584
188.556168
211.165710
316.749268
340.992554
196.556351
211.166733
324.751709
340.991882
204.555817
211.166443
332.748962
340.993408
212.555832
211.166245
340.751862
340.994812
220.555405
211.166534
348.747192
340.994690
228.555450
211.164429
356.750214
340.992767
236.558029
211.165283
364.751160
340.992554
244.550247
211.163147
372.749817
340.999237
252.544464
211.160492
380.636475
340.920776
-59.405525
219.147675
68.713531
349.011719
-51.439514
219.172028
76.755836
348.986176
-43.441101
219.164581
84.751312
348.989838
-35.442406
219.166733
92.749092
348.990784
-27.443405
219.167175
100.752441
348.990234
-19.442566
219.166595
108.748550
348.990967
-11.443657
219.166977
116.752548
348.990112
-3.442448
219.166229
124.748672
348.990814
4.556938
219.166946
132.752533
348.989929
12.558098
219.166199
140.749359
348.990662
20.557156
219.167130
148.753326
348.990051
28.558319
219.166199
156.749420
348.991089
36.557056
219.166962
164.753326
348.990417
44.557983
219.166382
172.749634
348.990967
52.556622
219.166931
180.752975
348.990631
60.557285
219.166748
188.748657
348.991089
68.556137
219.166901
196.752380
348.990784
76.557297
219.166473
204.748413
348.991547
84.555801
219.166489
212.751587
348.990814
92.557022
219.166656
220.747681
348.991821
100.556335
219.166260
228.752563
348.991943
108.556610
219.166107
236.747726
348.992004
116.556190
219.165802
244.751465
348.991394
124.557808
219.165588
252.748062
348.992432
132.556274
219.165649
260.751892
348.991913
140.557343
219.165924
268.748199
348.992004
148.556290
219.166565
276.751984
348.990356
156.557419
219.166428
284.748535
348.991272
164.556412
219.166748
292.751465
348.990479
172.557526
219.166840
300.747437
348.992462
180.556259
219.165833
308.752502
348.992767
188.557404
219.165298
316.748077
348.992767
196.556274
219.164886
324.751465
348.993195
204.557037
219.165222
332.748413
348.993652
212.555786
219.165375
340.751282
348.993744
220.557098
219.165619
348.746765
348.992615
228.556473
219.164581
356.751282
348.992401
236.559814
219.164932
364.750549
348.991699
244.550659
219.162308
372.750122
348.998352
252.544968
219.159760
380.636444
348.918854
-59.407803
227.146988
68.713326
357.013855
-51.439747
227.172333
76.755554
356.989075
-43.441170
227.163467
84.750504
356.992615
-35.443840
227.166580
92.748711
356.993225
-27.443794
227.166351
100.751556
356.992126
-19.443424
227.166641
108.748688
356.993286
-11.443806
227.166290
116.751953
356.992371
-3.443504
227.166168
124.748863
356.993134
4.556690
227.166046
132.752289
356.992035
12.556904
227.166351
140.749542
356.992859
20.556721
227.166229
148.752716
356.991852
28.556976
227.166748
156.749985
356.992981
36.556549
227.166382
164.752625
356.992096
44.556465
227.167267
172.749756
356.993256
52.556076
227.166290
180.752167
356.992798
60.555679
227.166916
188.748596
356.993408
68.556038
227.166382
196.751312
356.992737
76.555969
227.166565
204.748230
356.993591
84.556259
227.166077
212.751068
356.992676
92.556290
227.165985
220.747986
356.993866
100.556381
227.165558
228.751083
356.993286
108.556595
227.165436
236.748871
356.994934
116.556122
227.165009
244.751129
356.993958
124.556564
227.164993
252.748474
356.994751
132.556671
227.165024
260.750977
356.993530
140.556625
227.165039
268.748169
356.994415
148.556580
227.165314
276.751495
356.993103
156.556000
227.165527
284.748566
356.994232
164.556061
227.165924
292.751465
356.992126
172.556244
227.165649
300.747406
356.993652
180.556488
227.166351
308.750946
356.993347
188.557159
227.165100
316.749146
356.994598
196.556671
227.164688
324.750610
356.994141
204.556519
227.164429
332.748718
356.995728
212.556244
227.164612
340.751434
356.995178
220.556595
227.165527
348.748535
356.995209
228.556351
227.163605
356.751556
356.993958
236.559814
227.164673
364.751556
356.994812
244.551178
227.161957
372.749908
357.000793
252.545578
227.160446
380.637665
356.920959
-59.407738
235.147949
68.712967
365.012604
-51.441891
235.172012
76.756310
364.987793
-43.443932
235.164658
84.752182
364.990295
-35.444908
235.166855
92.749329
364.991150
-27.446266
235.167419
100.752724
364.990234
-19.444836
235.167099
108.749535
364.990845
-11.446167
235.167404
116.752975
364.990143
-3.444702
235.166687
124.750145
364.990784
4.554089
235.167068
132.753540
364.990173
12.555336
235.166718
140.750885
364.990845
20.553810
235.167709
148.753601
364.990204
28.554760
235.167587
156.750702
364.990906
36.553848
235.167542
164.753906
364.990845
44.554497
235.167587
172.749619
364.991455
52.553551
235.167786
180.752960
364.991638
60.554352
235.167053
188.749756
364.992004
68.553192
235.166687
196.752197
364.991699
76.554855
235.166321
204.748795
364.991821
84.554016
235.165955
212.752716
364.991943
92.555061
235.166061
220.749023
364.992065
100.554337
235.166046
228.753357
364.992310
108.554916
235.165512
236.749207
364.992615
116.554291
235.165771
244.752594
364.992737
124.555183
235.165482
252.749390
364.993042
132.554077
235.165802
260.752594
364.992767
140.554886
235.165741
268.748932
364.992676
148.554092
235.166138
276.752411
364.991852
156.555252
235.166199
284.748413
364.992310
164.553986
235.166443
292.753235
364.991943
172.555099
235.166199
300.748291
364.991608
180.554688
235.166122
308.752441
364.991455
188.556091
235.166016
316.750153
364.992401
196.555023
235.165405
324.753357
364.992462
204.554871
235.165161
332.749786
364.993103
212.553894
235.165619
340.752686
364.992889
220.554657
235.165588
348.748322
364.993164
228.554428
235.164978
356.752594
364.992859
236.557388
235.164322
364.751282
364.992340
244.549622
235.162048
372.750916
364.997375
252.546112
235.159424
380.637146
364.919159
-59.410694
243.138153
68.721130
373.014618
-51.436485
243.168060
76.755219
372.993744
-43.439140
243.162506
84.751442
372.994690
-35.440056
243.164337
92.750854
372.993713
-27.440079
243.163513
100.753067
372.993134
-19.439796
243.164474
108.751038
372.993378
-11.439960
243.163849
116.753586
372.993042
-3.440262
243.164810
124.751488
372.993317
4.559772
243.163849
132.753738
372.992981
12.559319
243.164978
140.751434
372.993774
20.559288
243.163391
148.752853
372.993256
28.559059
243.164276
156.749786
372.993866
36.559402
243.163818
164.752884
372.994019
44.558857
243.163574
172.749847
372.993866
52.559090
243.163025
180.751556
372.993927
60.559418
243.162933
188.750153
372.994934
68.559509
243.162140
196.751617
372.994507
76.560120
243.162598
204.750107
372.994751
84.559692
243.162140
212.752090
372.994415
92.560074
243.162781
220.750824
372.994812
100.559555
243.162018
228.751877
372.994720
108.559784
243.162781
236.750244
372.995148
116.559525
243.161896
244.751892
372.994659
124.560196
243.162140
252.750336
372.995728
132.559494
243.161560
260.751312
372.995026
140.559906
243.162048
268.749878
372.995544
148.559616
243.161423
276.751526
372.994995
156.559937
243.162354
284.749481
372.995361
164.559830
243.161438
292.751129
372.994263
172.559982
243.162659
300.750092
372.994415
180.560074
243.162964
308.752319
372.993439
188.560913
243.163269
316.751984
372.994629
196.559677
243.162582
324.752167
372.995422
204.559616
243.162140
332.750824
372.996216
212.559296
243.160782
340.752258
372.996094
220.559906
243.161545
348.749146
372.996338
228.560501
243.159882
356.751160
372.995758
236.562241
243.163177
364.754456
372.995483
244.557449
243.163422
372.752869
372.999420
252.551575
243.167847
380.635071
372.919128
-59.420349
251.076080
68.672836
380.991028
-51.410976
251.063293
76.638733
380.984009
-43.411797
251.058502
84.631721
380.991608
-35.412472
251.061707
92.630630
380.989868
-27.413239
251.060898
100.631973
380.989685
-19.412735
251.061844
108.631180
380.989868
-11.413433
251.061066
116.631943
380.989563
-3.413090
251.061600
124.631203
380.990051
4.586140
251.060730
132.631653
380.989868
12.587181
251.060532
140.630722
380.990845
20.585884
251.060181
148.631363
380.990845
28.587257
251.060364
156.629578
380.991028
36.586945
251.059219
164.631287
380.991241
44.587784
251.060364
172.630035
380.991272
52.587475
251.059158
180.631622
380.991425
60.587791
251.060074
188.630157
380.991394
68.587440
251.059326
196.631500
380.991394
76.587799
251.060364
204.630173
380.991150
84.587418
251.059387
212.631592
380.991211
92.587646
251.060547
220.630280
380.991272
100.587204
251.059662
228.631470
380.991058
108.587830
251.060165
236.630737
380.991577
116.586838
251.059357
244.631287
380.991547
124.587852
251.059937
252.630188
380.991577
132.587616
251.059219
260.631500
380.991821
140.587769
251.059753
268.630188
380.991913
148.587570
251.059113
276.631287
380.991638
156.588455
251.059784
284.630188
380.991516
164.587494
251.059494
292.631470
380.991028
172.588074
251.060669
300.629852
380.990326
180.587341
251.060303
308.631592
380.990448
188.587006
251.061646
316.630676
380.990662
196.587036
251.060333
324.632233
380.990997
204.587051
251.061035
332.630035
380.991333
212.587311
251.060425
340.631531
380.991455
220.587982
251.061325
348.630341
380.991577
228.587540
251.059723
356.631897
380.991455
236.588882
251.060699
364.631592
380.992188
244.586426
251.067581
372.641388
380.993286
252.557846
251.079254
380.604370
380.943176
-120.736008
-119.824165
137.651321
135.830887
-104.735565
-119.815681
153.648483
135.828857
-88.732773
-119.812561
169.648636
135.830139
-72.732529
-119.812378
185.648743
135.829987
-56.732132
-119.811905
201.648392
135.830017
-40.732315
-119.811958
217.648666
135.830048
-24.732162
-119.811821
233.648499
135.830002
-8.732330
-119.811859
249.648697
135.830078
7.267975
-119.811653
265.648499
135.829926
23.267731
-119.811752
281.648712
135.829956
39.267868
-119.811638
297.648560
135.829895
55.267715
-119.811722
313.648712
135.829956
71.267853
-119.811607
329.648560
135.829895
87.267670
-119.811752
345.648804
135.829956
103.267792
-119.811653
361.648621
135.829956
119.267548
-119.811966
377.648712
135.830154
135.267593
-119.811996
393.648315
135.830124
151.267487
-119.811745
409.648987
135.830154
167.267090
-119.813499
425.650055
135.829987
183.263290
-119.824547
441.652069
135.828491
-120.740494
-103.833664
137.650131
151.827591
-104.742493
-103.825523
153.651871
151.825562
-88.737213
-103.824600
169.655121
151.824707
-72.737152
-103.824577
185.655640
151.824402
-56.736496
-103.824303
201.655334
151.824203
-40.736633
-103.824448
217.655624
151.824310
-24.736542
-103.824257
233.655396
151.824188
-8.736649
-103.824356
249.655685
151.824219
7.263641
-103.824043
265.655609
151.824127
23.263474
-103.824265
281.655762
151.824173
39.263672
-103.824020
297.655518
151.824127
55.263535
-103.824196
313.655792
151.824265
71.263718
-103.823898
329.655579
151.824219
87.263519
-103.824219
345.655762
151.824371
103.263733
-103.824089
361.655334
151.824326
119.263443
-103.824455
377.655701
151.824341
135.263367
-103.824081
393.655273
151.824203
151.263474
-103.824013
409.654724
151.824265
167.264648
-103.825554
425.657715
151.822876
183.269180
-103.827637
441.659119
151.822723
-120.738205
-87.834808
137.649872
167.824921
-104.740799
-87.824860
153.653137
167.823486
-88.737457
-87.823189
169.656265
167.824097
-72.737274
-87.822418
185.656403
167.823303
-56.736664
-87.821960
201.656448
167.822968
-40.736954
-87.822021
217.656769
167.823105
-24.736755
-87.822136
233.656555
167.822891
-8.736877
-87.822235
249.656769
167.822998
7.263443
-87.822029
265.656616
167.822952
23.263153
-87.822029
281.656799
167.823013
39.263443
-87.821976
297.656677
167.822937
55.263077
-87.822144
313.656799
167.822968
71.263412
-87.822067
329.656708
167.823013
87.263184
-87.822182
345.656860
167.823151
103.263336
-87.821991
361.656708
167.823044
119.263016
-87.822151
377.656830
167.823059
135.263214
-87.822060
393.656555
167.822845
151.262558
-87.821259
409.655762
167.823090
167.263672
-87.821968
425.658081
167.821732
183.269318
-87.825813
441.661316
167.823441
-120.738541
-71.835083
137.649872
183.824585
-104.741180
-71.824600
153.653656
183.823517
-88.738022
-71.824066
169.657349
183.823914
-72.737930
-71.823479
185.657516
183.822998
-56.737610
-71.823074
201.657318
183.822510
-40.737457
-71.823082
217.657761
183.822678
-24.737442
-71.823051
233.657425
183.822495
-8.737457
-71.823074
249.657639
183.822495
7.262741
-71.823013
265.657593
183.822464
23.262527
-71.823013
281.657654
183.822693
39.262695
-71.822945
297.657654
183.822525
55.262589
-71.822975
313.657898
183.822601
71.262680
-71.822746
329.657837
183.822479
87.262543
-71.822876
345.657867
183.822632
103.262665
-71.822792
361.657623
183.822449
119.262604
-71.823105
377.657715
183.822601
135.262421
-71.823204
393.657227
183.822418
151.262192
-71.822495
409.657043
183.822968
167.262939
-71.822899
425.658447
183.821121
183.269699
-71.826584
441.661865
183.823593
-120.738235
-55.835007
137.649872
199.824646
-104.741180
-55.824669
153.653442
199.823425
-88.737839
-55.823860
169.656891
199.823944
-72.737900
-55.823586
185.656952
199.822876
-56.737274
-55.822906
201.656876
199.822693
-40.737335
-55.823257
217.657166
199.822601
-24.737106
-55.823051
233.656830
199.822479
-8.737427
-55.823181
249.657059
199.822525
7.263062
-55.823036
265.657135
199.822525
23.262772
-55.822914
281.657104
199.822693
39.262985
-55.822861
297.656982
199.822540
55.262863
-55.823044
313.657196
199.822601
71.263123
-55.822838
329.657013
199.822540
87.262726
-55.823006
345.657135
199.822601
103.262970
-55.822807
361.656982
199.822556
119.262634
-55.823235
377.657227
199.822601
135.262680
-55.823395
393.656982
199.822510
151.262222
-55.822502
409.656677
199.822983
167.263077
-55.822906
425.658569
199.821259
183.269531
-55.826790
441.661499
199.823517
-120.738495
-39.834991
137.649857
215.824463
-104.741089
-39.824837
153.653564
215.823349
-88.738129
-39.824219
169.656769
215.823746
-72.737946
-39.823692
185.657135
215.822968
-56.737396
-39.823105
201.657166
215.822510
-40.737366
-39.823166
217.657654
215.822510
-24.737396
-39.823166
233.657135
215.822205
-8.737442
-39.823151
249.657440
215.822433
7.262741
-39.823128
265.657501
215.822235
23.262650
-39.822945
281.657501
215.822433
39.262665
-39.823051
297.657410
215.822235
55.262756
-39.823006
313.657593
215.822418
71.262726
-39.822914
329.657471
215.822235
87.262726
-39.822983
345.657593
215.822510
103.262833
-39.822929
361.657684
215.822357
119.262604
-39.823135
377.657715
215.822449
135.262512
-39.823471
393.657227
215.822266
151.262283
-39.822556
409.657196
215.822739
167.262894
-39.823029
425.658630
215.821075
183.269592
-39.826874
441.661804
215.823456
-120.738449
-23.834999
137.649780
231.824631
-104.741058
-23.824501
153.653214
231.823593
-88.737732
-23.824471
169.656738
231.824127
-72.737915
-23.823990
185.656784
231.822968
-56.737091
-23.823425
201.656845
231.822571
-40.737228
-23.823280
217.657104
231.822479
-24.737106
-23.823158
233.656830
231.822495
-8.737244
-23.823257
249.657059
231.822479
7.263092
-23.823013
265.657104
231.822479
23.262787
-23.823044
281.657227
231.822601
39.263092
-23.822914
297.657166
231.822464
55.262833
-23.822968
313.657349
231.822571
71.263016
-23.822647
329.657288
231.822632
87.262848
-23.822861
345.657349
231.822723
103.263214
-23.822655
361.657288
231.822800
119.262756
-23.823250
377.657349
231.822632
135.262863
-23.823456
393.657013
231.822571
151.262344
-23.822495
409.656769
231.822937
167.263229
-23.822823
425.658569
231.821320
183.269531
-23.827011
441.661560
231.823593
-120.738770
-7.835075
137.649612
247.824615
-104.741028
-7.824600
153.653625
247.823578
-88.738129
-7.823715
169.656906
247.823837
-72.738007
-7.823715
185.657196
247.822830
-56.737564
-7.823219
201.657135
247.822327
-40.737488
-7.823280
217.657410
247.822540
-24.737396
-7.823318
233.657074
247.822250
-8.737350
-7.823418
249.657257
247.822311
7.262741
-7.823158
265.657288
247.822174
23.262589
-7.823174
281.657532
247.822449
39.262772
-7.823059
297.657349
247.822189
55.262741
-7.823235
313.657532
247.822388
71.262817
-7.823090
329.657410
247.822357
87.262680
-7.823074
345.657532
247.822601
103.262787
-7.822937
361.657532
247.822464
119.262421
-7.823204
377.657654
247.822418
135.262482
-7.823509
393.657166
247.822189
151.262177
-7.822357
409.657104
247.822769
167.262817
-7.822990
425.658600
247.821198
183.269714
-7.826904
441.661835
247.823532
-120.738419
8.164986
137.649628
263.824768
-104.741013
8.175140
153.653305
263.823364
-88.737793
8.175804
169.656525
263.824066
-72.737839
8.176315
185.656906
263.822937
-56.737244
8.176888
201.656830
263.822662
-40.737366
8.176788
217.657059
263.822754
-24.737045
8.176811
233.656830
263.822510
-8.737366
8.176544
249.656937
263.822510
7.263092
8.176811
265.656982
263.822510
23.262711
8.176735
281.656982
263.822601
39.263107
8.176949
297.657013
263.822510
55.262787
8.176727
313.657043
263.822540
71.263138
8.177040
329.657043
263.822632
87.262665
8.176971
345.657104
263.822601
103.263031
8.177002
361.657166
263.822632
119.262634
8.176697
377.657104
263.822540
135.263000
8.176697
393.656982
263.822388
151.262283
8.177597
409.656738
263.822998
167.263199
8.177002
425.658600
263.821411
183.269501
8.172966
441.661560
263.823486
-120.738678
24.165054
137.649429
279.824768
-104.741150
24.175232
153.653214
279.823517
-88.738068
24.176033
169.656799
279.823822
-72.737885
24.176208
185.657227
279.822815
-56.737503
24.176849
201.657181
279.822266
-40.737488
24.176743
217.657288
279.822418
-24.737274
24.176910
233.657166
279.822357
-8.737320
24.176819
249.657410
279.822357
7.262680
24.176743
265.657227
279.822266
23.262573
24.176559
281.657440
279.822571
39.262726
24.176697
297.657532
279.822266
55.262619
24.176498
313.657410
279.822357
71.262833
24.176773
329.657166
279.822327
87.262695
24.176598
345.657501
279.822662
103.262726
24.176857
361.657288
279.822296
119.262619
24.176521
377.657532
279.822357
135.262650
24.176620
393.657227
279.822235
151.262207
24.177574
409.657166
279.822876
167.262878
24.177086
425.658478
279.821045
183.269562
24.172989
441.661987
279.823517
-120.738403
40.164978
137.649429
295.824921
-104.741257
40.175262
153.652985
295.823608
-88.737823
40.175957
169.656570
295.824005
-72.737854
40.176285
185.656830
295.822876
-56.737167
40.176865
201.656906
295.822479
-40.737381
40.176964
217.656998
295.822479
-24.736923
40.176941
233.656998
295.822632
-8.737244
40.176620
249.656891
295.822601
7.263077
40.176620
265.656677
295.822540
23.262619
40.176804
281.656891
295.822510
39.263031
40.177170
297.657104
295.822540
55.262558
40.176712
313.657013
295.822571
71.263016
40.176682
329.657043
295.822693
87.262573
40.176727
345.657135
295.822601
103.262848
40.176842
361.656982
295.822449
119.262634
40.176613
377.657349
295.822449
135.262970
40.176704
393.656921
295.822388
151.262238
40.177528
409.656738
295.822937
167.263107
40.177109
425.658539
295.821228
183.269485
40.172974
441.661652
295.823395
-120.738617
56.164932
137.649216
311.824829
-104.741364
56.175102
153.653030
311.823486
-88.738113
56.175934
169.656647
311.823730
-72.737976
56.176277
185.657013
311.822754
-56.737381
56.177078
201.657089
311.822083
-40.737442
56.176964
217.657318
311.822327
-24.737244
56.177010
233.657227
311.822327
-8.737289
56.176758
249.657227
311.822357
7.262894
56.176727
265.657104
311.822266
23.262741
56.176605
281.657410
311.822418
39.262680
56.176811
297.657166
311.822235
55.262527
56.176636
313.657166
311.822327
71.262726
56.176857
329.657257
311.822266
87.262634
56.176903
345.657410
311.822479
103.262756
56.176811
361.657349
311.822083
119.262650
56.176514
377.657440
311.822357
135.262772
56.176689
393.657135
311.822327
151.262360
56.177406
409.657104
311.822906
167.262817
56.176872
425.658417
311.821106
183.269760
56.172943
441.661865
311.823486
-120.738373
72.164932
137.649597
327.824890
-104.741302
72.175301
153.653061
327.823486
-88.737915
72.175842
169.656525
327.823853
-72.737976
72.176399
185.656738
327.822815
-56.737244
72.177048
201.656708
327.822540
-40.737366
72.176834
217.656906
327.822540
-24.737000
72.176956
233.656906
327.822540
-8.737289
72.176788
249.656998
327.822571
7.263153
72.176941
265.656860
327.822632
23.262817
72.176826
281.656982
327.822632
39.262817
72.176849
297.656616
327.822632
55.262604
72.176643
313.656860
327.822571
71.263168
72.176727
329.656738
327.822571
87.262650
72.176926
345.657074
327.822632
103.262878
72.176765
361.657043
327.822388
119.262634
72.176636
377.657227
327.822510
135.262939
72.176903
393.657074
327.822540
151.262283
72.177605
409.656616
327.822968
167.262970
72.177155
425.658264
327.821228
183.269531
72.172783
441.661560
327.823425
-120.738678
88.164986
137.649460
343.824677
-104.741150
88.175171
153.653351
343.823425
-88.738144
88.175850
169.656586
343.823608
-72.737991
88.176262
185.656708
343.822754
-56.737411
88.177063
201.656860
343.822418
-40.737473
88.176849
217.657288
343.822388
-24.737396
88.177010
233.657272
343.822144
-8.737473
88.176819
249.657349
343.822296
7.262665
88.176956
265.657166
343.822296
23.262634
88.176842
281.657410
343.822571
39.262589
88.176712
297.656921
343.822357
55.262482
88.176590
313.657166
343.822327
71.262619
88.176826
329.657104
343.822205
87.262589
88.176918
345.657654
343.822418
103.262589
88.176804
361.657532
343.821991
119.262558
88.176628
377.657593
343.822327
135.262756
88.176674
393.657410
343.822327
151.262192
88.177399
409.656982
343.822937
167.262802
88.176956
425.658234
343.821075
183.269714
88.172935
441.661804
343.823547
-120.738510
104.164848
137.649567
359.824707
-104.741043
104.175201
153.653290
359.823547
-88.737793
104.175613
169.656784
359.823944
-72.737869
104.176262
185.656647
359.822998
-56.737076
104.176926
201.656754
359.822815
-40.737381
104.176651
217.656830
359.822601
-24.736984
104.176811
233.656967
359.822449
-8.737320
104.176727
249.656860
359.822479
7.262939
104.176895
265.656799
359.822662
23.262665
104.176773
281.656952
359.822784
39.262909
104.176849
297.656647
359.822571
55.262497
104.176682
313.656860
359.822571
71.262817
104.176765
329.656738
359.822510
87.262543
104.176910
345.656982
359.822693
103.262939
104.176888
361.656982
359.822449
119.262756
104.176743
377.657104
359.822449
135.263031
104.176613
393.656860
359.822632
151.262131
104.177353
409.656677
359.822968
167.263412
104.177155
425.658661
359.821411
183.269470
104.173103
441.661560
359.823578
-120.738785
120.164848
137.649399
375.824738
-104.741180
120.175194
153.653564
375.823334
-88.738205
120.176102
169.656891
375.823700
-72.738129
120.176300
185.656952
375.822815
-56.737610
120.176857
201.656952
375.822571
-40.737686
120.176697
217.657150
375.822479
-24.737488
120.176933
233.657074
375.822174
-8.737625
120.176636
249.657166
375.822357
7.262558
120.176872
265.656982
375.822266
23.262405
120.176804
281.657227
375.822418
39.262466
120.176926
297.656921
375.822266
55.262466
120.176773
313.657196
375.822418
71.262543
120.176895
329.656952
375.822266
87.262283
120.176727
345.657227
375.822388
103.262375
120.176834
361.657043
375.822174
119.262360
120.176712
377.657349
375.822327
135.262405
120.176849
393.657227
375.822296
151.261810
120.177315
409.657043
375.822784
167.262909
120.177193
425.658844
375.821106
183.269562
120.173019
441.661804
375.823334
-120.738556
136.164856
137.649628
391.824921
-104.741501
136.174652
153.653381
391.823334
-88.738098
136.175491
169.656677
391.823822
-72.738373
136.175873
185.656738
391.822693
-56.737747
136.176453
201.656769
391.822540
-40.738007
136.176331
217.656952
391.822540
-24.737549
136.176544
233.656998
391.822479
-8.737869
136.176468
249.656937
391.822449
7.262497
136.176636
265.656860
391.822449
23.262207
136.176483
281.656982
391.822510
39.262390
136.176666
297.656952
391.822449
55.262039
136.176422
313.657043
391.822479
71.262451
136.176773
329.657013
391.822510
87.262100
136.176590
345.657013
391.822449
103.262436
136.176636
361.656982
391.822266
119.262161
136.176392
377.657349
391.822388
135.262451
136.176605
393.657104
391.822388
151.261536
136.177246
409.656891
391.822693
167.263000
136.177002
425.658691
391.821350
183.269333
136.172791
441.661499
391.823547
-120.739059
152.165405
137.649384
407.824921
-104.742249
152.175293
153.653717
407.823242
-88.738998
152.176147
169.656540
407.823181
-72.738983
152.176498
185.657028
407.822418
-56.738708
152.177155
201.656769
407.821899
-40.738693
152.176971
217.657013
407.822083
-24.738541
152.177185
233.656998
407.821808
-8.738632
152.177002
249.657166
407.821991
7.261475
152.177277
265.657104
407.821777
23.261414
152.177124
281.657288
407.821991
39.261414
152.177094
297.657043
407.821747
55.261337
152.176910
313.657166
407.821960
71.261520
152.177139
329.657135
407.821869
87.261475
152.177185
345.657410
407.822021
103.261597
152.177429
361.656982
407.821594
119.261566
152.177185
377.657623
407.822021
135.261246
152.176941
393.657074
407.821686
151.261230
152.177658
409.657104
407.822021
167.262222
152.177185
425.657776
407.820862
183.268723
152.173172
441.661255
407.824097
-120.737305
168.165558
137.649780
423.824921
-104.741119
168.173340
153.652954
423.821930
-88.737976
168.173798
169.655151
423.823578
-72.738647
168.174393
185.654953
423.822937
-56.738007
168.174484
201.654800
423.822754
-40.738327
168.174316
217.654984
423.822723
-24.738007
168.174469
233.654938
423.822571
-8.738281
168.174362
249.655090
423.822601
7.262054
168.174545
265.655090
423.822662
23.261749
168.174347
281.655151
423.822876
39.262161
168.174500
297.655090
423.822754
55.261841
168.174286
313.655212
423.822693
71.262238
168.174438
329.655090
423.822723
87.261642
168.174377
345.655212
423.822723
103.262299
168.174530
361.655334
423.822693
119.261749
168.174438
377.655151
423.822815
135.262085
168.174561
393.655151
423.822632
151.261353
168.175446
409.654785
423.822479
167.262665
168.174957
425.657043
423.821899
183.267792
168.172821
441.660645
423.824310
-120.739319
184.166794
137.654694
439.824829
-104.739532
184.168457
153.657181
439.820770
-88.740402
184.165497
169.659546
439.820831
-72.740494
184.165359
185.659332
439.820679
-56.740387
184.165161
201.659424
439.820251
-40.740402
184.165085
217.659637
439.820404
-24.740448
184.165192
233.659561
439.820129
-8.740372
184.165222
249.659760
439.820282
7.259598
184.165253
265.659607
439.820099
23.259613
184.165146
281.659729
439.820343
39.259552
184.165192
297.659515
439.820038
55.259598
184.165161
313.659698
439.820160
71.259537
184.165283
329.659485
439.819916
87.259613
184.165314
345.659790
439.820282
103.259506
184.165237
361.659607
439.820068
119.259659
184.165131
377.659668
439.820312
135.259659
184.165344
393.659515
439.819977
151.259354
184.165985
409.659607
439.820129
167.260406
184.167847
425.659332
439.818848
183.266876
184.168182
441.662689
439.820740
-239.746582
-238.915680
272.035858
273.852814
-207.733185
-238.903900
304.037476
273.860260
-175.735214
-238.904480
336.037140
273.861115
-143.734619
-238.904373
368.037109
273.861664
-111.735046
-238.903015
400.037842
273.861450
-79.735092
-238.904083
432.037598
273.862152
-47.735413
-238.903488
464.038147
273.862152
-15.735596
-238.903320
496.038025
273.861542
16.265320
-238.901581
528.037659
273.859985
48.260986
-238.892487
560.026611
273.862030
-239.739563
-206.903091
272.039062
305.843475
-207.723740
-206.890442
304.036804
305.844635
-175.723969
-206.890335
336.036316
305.845337
-143.723816
-206.890686
368.036285
305.845856
-111.724472
-206.889130
400.037476
305.846069
-79.724518
-206.889374
432.036407
305.846649
-47.724152
-206.888672
464.036407
305.846832
-15.723557
-206.888306
496.036835
305.846283
16.276993
-206.888336
528.037170
305.842682
48.277069
-206.886185
560.037720
305.851593
-239.738800
-174.905090
272.042480
337.843628
-207.720123
-174.893433
304.041504
337.843933
-175.719223
-174.893082
336.040710
337.844635
-143.718246
-174.893646
368.041199
337.844849
-111.718399
-174.891754
400.042450
337.844543
-79.718124
-174.891968
432.041565
337.844696
-47.717667
-174.891129
464.041290
337.844360
-15.717255
-174.891083
496.041290
337.844025
16.282547
-174.889862
528.041992
337.840820
48.279755
-174.888062
560.040161
337.850159
-239.739014
-142.904694
272.043457
369.845520
-207.720749
-142.892731
304.041473
369.844971
-175.719421
-142.891754
336.040985
369.845612
-143.718903
-142.892395
368.041199
369.845093
-111.719025
-142.891174
400.042389
369.845032
-79.718735
-142.891632
432.041168
369.845245
-47.718582
-142.890808
464.041168
369.845093
-15.718033
-142.890701
496.041504
369.844666
16.281357
-142.889603
528.041992
369.840851
48.279648
-142.888290
560.040344
369.849976
-239.739273
-110.904114
272.043427
401.844086
-207.721710
-110.893402
304.042206
401.843750
-175.720703
-110.892670
336.041901
401.844513
-143.720642
-110.892853
368.042389
401.843536
-111.720566
-110.891388
400.042969
401.843658
-79.720520
-110.891785
432.041992
401.843872
-47.720215
-110.890900
464.041931
401.843811
-15.719620
-110.890701
496.041565
401.843201
16.280319
-110.889511
528.043335
401.840088
48.279770
-110.888382
560.040405
401.849731
-239.739746
-78.903763
272.042969
433.843018
-207.722229
-78.893723
304.042358
433.842560
-175.721436
-78.892685
336.042358
433.842957
-143.721481
-78.893143
368.042145
433.842316
-111.721512
-78.891235
400.042877
433.842316
-79.721100
-78.891785
432.042023
433.842682
-47.720810
-78.890717
464.041718
433.842041
-15.720230
-78.890747
496.041687
433.841553
16.279739
-78.889557
528.043457
433.837952
48.279404
-78.887970
560.040710
433.848389
-239.739243
-46.903351
272.042877
465.842957
-207.721878
-46.894745
304.042236
465.841400
-175.720795
-46.893372
336.041931
465.842102
-143.721054
-46.893768
368.041504
465.841339
-111.720963
-46.892410
400.043121
465.841125
-79.720840
-46.892609
432.042297
465.841309
-47.720505
-46.892044
464.042145
465.840729
-15.720093
-46.891739
496.042236
465.840363
16.279999
-46.889954
528.044067
465.837646
48.278839
-46.888123
560.042114
465.848022
-239.738739
-14.902924
272.042297
497.843048
-207.721695
-14.893433
304.041748
497.840332
-175.720764
-14.891785
336.041168
497.841522
-143.720779
-14.892212
368.040771
497.840454
-111.720871
-14.891495
400.042023
497.840820
-79.720642
-14.891510
432.041321
497.840759
-47.720215
-14.890503
464.041809
497.839935
-15.719437
-14.890274
496.041626
497.839569
16.280807
-14.888596
528.043579
497.837372
48.280334
-14.887573
560.041870
497.848267
-239.739258
17.097824
272.040649
529.841064
-207.722977
17.107269
304.041718
529.838867
-175.722229
17.108368
336.041748
529.839844
-143.722198
17.108200
368.041931
529.839417
-111.722427
17.109482
400.042847
529.839539
-79.722458
17.109299
432.041534
529.839844
-47.722290
17.110886
464.042603
529.838989
-15.721878
17.110168
496.042145
529.838623
16.279343
17.111084
528.043457
529.837585
48.280136
17.112152
560.043335
529.848145
-239.730515
49.104050
272.045654
561.845886
-207.724304
49.111359
304.053192
561.843994
-175.723343
49.110123
336.053497
561.846008
-143.723755
49.110306
368.053711
561.845459
-111.723724
49.111343
400.053925
561.845520
-79.723557
49.111160
432.053497
561.845520
-47.723358
49.110840
464.054016
561.844727
-15.723480
49.110550
496.054230
561.844116
16.276352
49.111893
528.055359
561.843872
48.275421
49.116318
560.061279
561.848389
