-59.430431
-60.895226
68.697548
68.942596
-51.414738
-60.864906
76.742661
68.932465
-43.416214
-60.870300
84.745110
68.933571
-35.414318
-60.869339
92.742874
68.935074
-27.415051
-60.869888
100.744728
68.934280
-19.414124
-60.869598
108.742691
68.935036
-11.414837
-60.869926
116.744652
68.934258
-3.413925
-60.869728
124.742981
68.934860
4.585415
-60.869698
132.745026
68.934204
12.585728
-60.869759
140.742798
68.934975
20.585045
-60.869919
148.745056
68.934410
28.585506
-60.869476
156.742798
68.934647
36.585117
-60.869995
164.744781
68.934052
44.585938
-60.869698
172.742447
68.935020
52.585011
-60.869934
180.744705
68.934227
60.585968
-60.869812
188.742645
68.935036
68.584930
-60.869858
196.744446
68.934242
76.585876
-60.869843
204.742645
68.935112
84.584923
-60.869934
212.744507
68.934235
92.585892
-60.869774
220.742569
68.934967
100.584984
-60.869881
228.744690
68.934189
108.586052
-60.869766
236.742569
68.935043
116.585114
-60.869965
244.744873
68.934288
124.586014
-60.870132
252.743042
68.935242
132.585297
-60.870651
260.744934
68.935165
140.585876
-60.871223
268.742554
68.935532
148.585663
-60.871384
276.744843
68.934891
156.586426
-60.871277
284.742981
68.935631
164.585541
-60.871536
292.744720
68.934868
172.586487
-60.871246
300.742950
68.935547
180.585449
-60.871552
308.744812
68.934860
188.586441
-60.871231
316.742920
68.935555
196.585571
-60.871605
324.744812
68.934891
204.586487
-60.871223
332.742981
68.935616
212.585571
-60.871559
340.744934
68.934860
220.586548
-60.871162
348.743042
68.935600
228.585648
-60.871735
356.745178
68.935188
236.585770
-60.870018
364.740662
68.933067
244.580933
-60.879730
372.749084
68.942986
252.583405
-60.895317
380.670288
68.930809
-59.404354
-52.847450
68.711914
77.011459
-51.438988
-52.835754
76.748108
76.992638
-43.443130
-52.847328
84.748672
76.991463
-35.444466
-52.846657
92.744766
76.992287
-27.444603
-52.846024
100.749329
76.992073
-19.444382
-52.846504
108.744804
76.991974
-11.444691
-52.846237
116.749474
76.991638
-3.444424
-52.846321
124.745468
76.991692
4.554924
-52.846100
132.749237
76.992027
12.554913
-52.846458
140.744171
76.992081
20.555534
-52.845757
148.749390
76.992447
28.555645
-52.846512
156.745285
76.992592
36.555256
-52.846184
164.748840
76.992096
44.555698
-52.846619
172.744843
76.991745
52.555511
-52.845909
180.749390
76.991959
60.555695
-52.846321
188.744904
76.992012
68.555283
-52.845978
196.748901
76.991821
76.555756
-52.846344
204.744934
76.991928
84.555412
-52.846008
212.749084
76.991982
92.555695
-52.846321
220.744766
76.991898
100.555473
-52.845879
228.749176
76.991959
108.555542
-52.846344
236.744843
76.991814
116.555466
-52.845749
244.749298
76.991661
124.555542
-52.846100
252.745193
76.991570
132.555191
-52.845474
260.748657
76.992462
140.555756
-52.846176
268.745422
76.991852
148.555878
-52.846245
276.749329
76.992065
156.556091
-52.846260
284.744995
76.991966
164.555801
-52.846069
292.749451
76.991928
172.556061
-52.846184
300.745178
76.991982
180.555725
-52.846054
308.749420
76.991982
188.556000
-52.846298
316.745117
76.991905
196.555756
-52.846176
324.749390
76.991989
204.556091
-52.846390
332.745209
76.991890
212.555878
-52.846245
340.749542
76.991982
220.556168
-52.846497
348.745239
76.991875
228.555679
-52.846657
356.749512
76.992249
236.557190
-52.847198
364.746735
76.993912
244.550171
-52.849655
372.743042
76.993637
252.548630
-52.852341
380.634155
76.912613
-59.408234
-44.854607
68.712723
85.013939
-51.439011
-44.832642
76.756386
84.991135
-43.440868
-44.840416
84.749466
84.995728
-35.442135
-44.839500
92.748222
84.995819
-27.442879
-44.838280
100.749939
84.995407
-19.442116
-44.839951
108.748337
84.996002
-11.442863
-44.838188
116.751045
84.995117
-3.442360
-44.839523
124.748070
84.996010
4.555710
-44.838654
132.748734
84.995346
12.557743
-44.840118
140.746826
84.995865
20.557510
-44.838943
148.749695
84.995338
28.557785
-44.840149
156.747101
84.995827
36.557438
-44.838211
164.750015
84.995140
44.558094
-44.839645
172.748428
84.995850
52.557053
-44.838005
180.750183
84.995255
60.557827
-44.839729
188.748291
84.995857
68.557205
-44.838066
196.750000
84.995178
76.557846
-44.839821
204.748383
84.995758
84.557198
-44.838043
212.749954
84.995331
92.557831
-44.839706
220.748383
84.995842
100.557236
-44.837952
228.749847
84.995445
108.557861
-44.839790
236.748383
84.995750
116.556732
-44.838455
244.749756
84.995758
124.557709
-44.840172
252.748627
84.996887
132.556702
-44.838898
260.749390
84.996727
140.558044
-44.841026
268.748322
84.997093
148.557617
-44.840355
276.750122
84.996910
156.558044
-44.841881
284.747650
84.997475
164.558029
-44.840515
292.750214
84.996834
172.558167
-44.841797
300.747864
84.997269
180.557983
-44.840492
308.750122
84.996826
188.558151
-44.841751
316.747864
84.997253
196.558044
-44.840584
324.750183
84.996826
204.558197
-44.841789
332.747894
84.997231
212.558090
-44.840584
340.750366
84.996704
220.558243
-44.841652
348.748108
84.997101
228.557922
-44.840942
356.750366
84.997070
236.560303
-44.840912
364.750885
84.997154
244.552246
-44.842911
372.747650
85.001854
252.547638
-44.842506
380.637512
84.922180
-59.405117
-36.853409
68.713715
93.011848
-51.437943
-36.829094
76.756851
92.986755
-43.440006
-36.837372
84.752548
92.990479
-35.441414
-36.834785
92.749817
92.990929
-27.442444
-36.834824
100.753319
92.990562
-19.441696
-36.834541
108.749992
92.990807
-11.442287
-36.835129
116.754013
92.991074
-3.441109
-36.835739
124.749519
92.992973
4.557125
-36.835533
132.751572
92.992477
12.559128
-36.836166
140.749481
92.991249
20.558578
-36.836021
148.752716
92.991318
28.558868
-36.835770
156.749878
92.991142
36.557869
-36.834709
164.753311
92.990547
44.558529
-36.834862
172.749985
92.990959
52.557655
-36.834770
180.753311
92.990509
60.558472
-36.834686
188.749847
92.991089
68.557640
-36.834557
196.753357
92.990471
76.558456
-36.834778
204.749847
92.990921
84.557785
-36.834526
212.753265
92.990639
92.558464
-36.834770
220.749619
92.990921
100.558060
-36.834641
228.753357
92.990532
108.557892
-36.835014
236.750336
92.991035
116.557220
-36.834648
244.752823
92.990868
124.557358
-36.835396
252.749496
92.991684
132.557938
-36.836319
260.752075
92.992004
140.558929
-36.836685
268.748962
92.992409
148.558685
-36.837059
276.752655
92.992439
156.559769
-36.836525
284.748901
92.992737
164.559082
-36.836838
292.753296
92.992493
172.559830
-36.836601
300.749115
92.992645
180.559052
-36.836891
308.753235
92.992317
188.559845
-36.836586
316.749146
92.992554
196.559052
-36.836800
324.753296
92.992249
204.559814
-36.836624
332.749268
92.992493
212.559082
-36.836868
340.753418
92.992134
220.559906
-36.836754
348.749359
92.992508
228.558716
-36.837433
356.752991
92.992538
236.561829
-36.837059
364.751953
92.992867
244.552414
-36.839783
372.751160
92.998230
252.546600
-36.841194
380.637939
92.919388
-59.407291
-28.854141
68.713036
101.013092
-51.438011
-28.829071
76.756653
100.989136
-43.440174
-28.836868
84.751617
100.992508
-35.442387
-28.834808
92.750046
100.993347
-27.442745
-28.834686
100.752182
100.992355
-19.442638
-28.835236
108.749626
100.993820
-11.443306
-28.835175
116.751480
100.992798
-3.442139
-28.834625
124.749382
100.993683
4.558372
-28.835648
132.752441
100.993797
12.558018
-28.835136
140.750000
100.993149
20.557426
-28.836151
148.752563
100.991623
28.557728
-28.834923
156.749725
100.993469
36.557228
-28.833969
164.751938
100.992111
44.557171
-28.834396
172.749969
100.993141
52.556671
-28.833847
180.752090
100.991882
60.557621
-28.834473
188.749786
100.993530
68.556984
-28.834084
196.752472
100.992073
76.557655
-28.834511
204.749908
100.993210
84.556961
-28.834229
212.751984
100.992050
92.557495
-28.834610
220.750122
100.993614
100.556709
-28.834015
228.752411
100.991783
108.556877
-28.835106
236.750183
100.993164
116.556862
-28.834404
244.751495
100.994247
124.555679
-28.835678
252.748779
100.995262
132.557053
-28.836769
260.750854
100.993767
140.557999
-28.837013
268.749329
100.994873
148.558273
-28.836945
276.751770
100.993927
156.558136
-28.837204
284.748901
100.994820
164.558411
-28.837173
292.751770
100.993935
172.558350
-28.837402
300.749298
100.995071
180.558441
-28.837242
308.751770
100.993889
188.558472
-28.837326
316.749390
100.994949
196.558441
-28.837044
324.751801
100.993866
204.558411
-28.837265
332.749268
100.994980
212.558441
-28.837128
340.751984
100.993813
220.558289
-28.837204
348.749268
100.994843
228.558075
-28.837753
356.751709
100.994141
236.560455
-28.837341
364.751984
100.994896
244.552322
-28.839798
372.750549
101.000153
252.547028
-28.840698
380.637451
100.920692
-59.405270
-20.853363
68.713310
109.011795
-51.438126
-20.828819
76.756393
108.986534
-43.439957
-20.836533
84.752426
108.990532
-35.441406
-20.834366
92.749718
108.991035
-27.442226
-20.834396
100.753235
108.990654
-19.441811
-20.834457
108.749626
108.991348
-11.442543
-20.834702
116.752983
108.991150
-3.442062
-20.834816
124.749504
108.991882
4.557945
-20.834671
132.752640
108.991364
12.559113
-20.835411
140.749420
108.991943
20.557667
-20.834587
148.752762
108.991020
28.558033
-20.834946
156.748703
108.991333
36.557484
-20.834579
164.752335
108.990303
44.558353
-20.834541
172.748749
108.990929
52.557018
-20.834244
180.753159
108.990036
60.558510
-20.833908
188.748611
108.990723
68.557358
-20.834427
196.753235
108.989922
76.558365
-20.833977
204.749298
108.990784
84.557236
-20.833740
212.752960
108.989891
92.558403
-20.834198
220.749298
108.990761
100.557144
-20.834305
228.753021
108.990753
108.557800
-20.834564
236.749237
108.991791
116.557083
-20.835068
244.751236
108.991234
124.557968
-20.836044
252.748291
108.992332
132.558136
-20.835548
260.752625
108.992645
140.559143
-20.836334
268.749207
108.993141
148.558090
-20.836906
276.752808
108.992622
156.559875
-20.836311
284.748779
108.992783
164.558960
-20.836586
292.753052
108.992538
172.559906
-20.836357
300.749237
108.992958
180.558929
-20.836533
308.752991
108.992538
188.559952
-20.836365
316.748932
108.992897
196.559052
-20.836601
324.753235
108.992523
204.560043
-20.836288
332.748810
108.992950
212.559021
-20.836533
340.753296
108.992378
220.559875
-20.836357
348.749054
108.992851
228.558670
-20.837112
356.753052
108.992569
236.561646
-20.836685
364.751587
108.993103
244.552643
-20.839767
372.751343
108.998497
252.546829
-20.840881
380.637817
108.919762
-59.407673
-12.854195
68.713036
117.013298
-51.437977
-12.829041
76.756668
116.989059
-43.439964
-12.836838
84.751793
116.992767
-35.442490
-12.834900
92.750473
116.993134
-27.442528
-12.834717
100.752365
116.992081
-19.442341
-12.834824
108.749763
116.993507
-11.442978
-12.834480
116.752350
116.992493
-3.442558
-12.835281
124.749931
116.993988
4.557236
-12.834824
132.752182
116.992821
12.557686
-12.835655
140.750092
116.993919
20.557343
-12.835564
148.751999
116.992836
28.557610
-12.835274
156.749390
116.993782
36.557526
-12.834679
164.751740
116.992050
44.557667
-12.835159
172.751099
116.993416
52.556988
-12.834938
180.752243
116.992241
60.557701
-12.835571
188.749359
116.993271
68.557495
-12.834183
196.752991
116.992279
76.557610
-12.834579
204.750153
116.992996
84.557175
-12.834137
212.752518
116.992210
92.557663
-12.834366
220.750153
116.993927
100.557236
-12.834610
228.752319
116.992378
108.557693
-12.835320
236.750336
116.994148
116.557343
-12.834595
244.751938
116.992882
124.558014
-12.835258
252.750107
116.994507
132.557693
-12.835129
260.751892
116.994194
140.557495
-12.836189
268.749298
116.995361
148.557831
-12.837593
276.751801
116.994392
156.558182
-12.836952
284.748810
116.994667
164.558731
-12.836571
292.752258
116.993744
172.558395
-12.836700
300.749695
116.994896
180.557861
-12.836861
308.751343
116.993828
188.558563
-12.837265
316.749237
116.995178
196.558792
-12.837082
324.751831
116.994232
204.558548
-12.837158
332.749695
116.995102
212.558777
-12.837021
340.752899
116.993889
220.558563
-12.836464
348.749969
116.994598
228.557739
-12.836807
356.752075
116.994049
236.559677
-12.836609
364.751801
116.994164
244.552353
-12.839615
372.749725
116.999863
252.546783
-12.840515
380.636780
116.920769
-59.405323
-4.853355
68.713394
125.012054
-51.437935
-4.828949
76.756248
124.986320
-43.439941
-4.836830
84.751923
124.990204
-35.441097
-4.834450
92.750175
124.991127
-27.442314
-4.834114
100.753128
124.990265
-19.441532
-4.834297
108.749367
124.990883
-11.442677
-4.834122
116.752960
124.990211
-3.441425
-4.834442
124.749641
124.991035
4.557659
-4.834381
132.752960
124.990837
12.558437
-4.834709
140.749359
124.991501
20.557774
-4.834755
148.753174
124.990898
28.558746
-4.834671
156.749390
124.991539
36.557961
-4.834335
164.753250
124.991066
44.558350
-4.834625
172.749344
124.991028
52.557659
-4.834648
180.753387
124.990372
60.559345
-4.833809
188.749283
124.991035
68.557892
-4.833908
196.753616
124.989975
76.558708
-4.833481
204.749619
124.991066
84.557465
-4.833534
212.753204
124.990013
92.558670
-4.833649
220.749298
124.990601
100.557800
-4.833557
228.753662
124.990135
108.558655
-4.833771
236.749527
124.990791
116.558006
-4.834206
244.753937
124.990974
124.558632
-4.834618
252.749695
124.992630
132.557770
-4.835037
260.753571
124.992775
140.558350
-4.835266
268.749573
124.993050
148.558502
-4.835701
276.753174
124.992683
156.559158
-4.835075
284.748688
124.992691
164.558655
-4.835243
292.753082
124.992821
172.558075
-4.835533
300.748108
124.993187
180.558289
-4.836029
308.752441
124.992638
188.559830
-4.835945
316.748016
124.992790
196.558838
-4.836472
324.752869
124.992249
204.560196
-4.835785
332.749207
124.992874
212.559036
-4.836052
340.753662
124.992928
220.558533
-4.836021
348.748840
124.993393
228.557220
-4.836800
356.752167
124.994080
236.559692
-4.836739
364.750244
124.993248
244.552063
-4.839981
372.749695
124.998611
252.547058
-4.841156
380.636444
124.918999
-59.407360
3.145546
68.713593
133.013565
-51.438194
3.171211
76.756424
132.988953
-43.439785
3.162842
84.751884
132.992310
-35.441982
3.165314
92.750336
132.993484
-27.442837
3.165489
100.752586
132.992371
-19.442429
3.164703
108.750061
132.993454
-11.442787
3.165718
116.751999
132.991913
-3.442379
3.165329
124.750099
132.993164
4.557137
3.165573
132.752304
132.991943
12.557709
3.165062
140.750061
132.993423
20.557068
3.165527
148.752045
132.991974
28.557770
3.165085
156.750000
132.993301
36.557281
3.165680
164.752472
132.991943
44.557377
3.165138
172.750732
132.993530
52.556969
3.165932
180.751923
132.992401
60.557453
3.164940
188.749756
132.993469
68.557137
3.165756
196.752686
132.992508
76.557693
3.165878
204.750183
132.993347
84.557068
3.166260
212.752777
132.992340
92.557358
3.166161
220.750275
132.993378
100.557114
3.166229
228.752823
132.992416
108.557167
3.165718
236.750000
132.993958
116.556793
3.165825
244.752365
132.992905
124.557129
3.165359
252.749939
132.993805
132.557617
3.164993
260.752686
132.993866
140.557526
3.165237
268.750488
132.995743
148.556000
3.163612
276.752228
132.994888
156.557083
3.163216
284.748596
132.995667
164.556763
3.162880
292.750000
132.994934
172.557404
3.163521
300.747711
132.996750
180.557220
3.163788
308.750488
132.994797
188.557724
3.161995
316.748901
132.995041
196.557922
3.162369
324.751404
132.993515
204.557922
3.161865
332.748535
132.994934
212.557495
3.162392
340.751251
132.995087
220.557632
3.162651
348.748596
132.996872
228.557190
3.162003
356.750702
132.995743
236.559647
3.162727
364.750671
132.996445
244.551514
3.160019
372.750031
133.001114
252.547211
3.158966
380.636871
132.920471
-59.405331
11.146576
68.713600
141.011993
-51.437881
11.170937
76.756409
140.986588
-43.439766
11.163277
84.752586
140.990356
-35.441235
11.165939
92.749748
140.990875
-27.442455
11.166130
100.753304
140.990112
-19.441505
11.165703
108.749374
140.991058
-11.443035
11.165771
116.753174
140.989838
-3.441345
11.165649
124.749336
140.991028
4.557487
11.166313
132.753357
140.990051
12.558346
11.166061
140.749329
140.991211
20.557434
11.165977
148.753967
140.990173
28.558537
11.165504
156.749481
140.990982
36.557381
11.166122
164.753479
140.990723
44.558403
11.165611
172.749496
140.991119
52.557606
11.166359
180.753235
140.990540
60.558582
11.166008
188.749268
140.990860
68.557274
11.166687
196.753525
140.990005
76.558273
11.166786
204.749695
140.990799
84.557114
11.166748
212.753433
140.990234
92.558182
11.166100
220.749512
140.990601
100.557495
11.167068
228.753052
140.990173
108.558044
11.166649
236.749710
140.990707
116.557266
11.166420
244.753616
140.990631
124.557816
11.166237
252.749481
140.991531
132.556854
11.165298
260.754150
140.992142
140.557877
11.164139
268.748749
140.995377
148.557281
11.164307
276.752106
140.995300
156.557526
11.163620
284.748413
140.994766
164.556885
11.163025
292.750183
140.994125
172.559158
11.163887
300.747437
140.994110
180.558334
11.162422
308.752289
140.994354
188.559067
11.163551
316.747925
140.993927
196.558029
11.162582
324.753174
140.992569
204.558777
11.163261
332.748260
140.993225
212.557800
11.163246
340.751556
140.993500
220.558762
11.163124
348.748474
140.993576
228.558044
11.162704
356.751617
140.992828
236.561630
11.163208
364.750488
140.992920
244.552322
11.161438
372.751068
140.998611
252.546631
11.159149
380.638367
140.919647
-59.407375
19.145798
68.713425
149.013611
-51.438221
19.171318
76.756477
148.988922
-43.440178
19.162552
84.751968
148.992706
-35.442196
19.165367
92.749870
148.993103
-27.442924
19.164635
100.751923
148.991776
-19.442249
19.165047
108.749626
148.993652
-11.442680
19.165878
116.752563
148.992096
-3.442852
19.166107
124.749977
148.993179
4.556583
19.165993
132.753174
148.992188
12.557465
19.165642
140.749084
148.993439
20.557121
19.165359
148.753342
148.991943
28.557831
19.165619
156.750824
148.993347
36.557186
19.165665
164.752686
148.992035
44.557930
19.165260
172.750946
148.993500
52.556801
19.166328
180.751938
148.991913
60.557762
19.165779
188.750549
148.993301
68.556778
19.166260
196.752518
148.991959
76.557953
19.165901
204.750275
148.993042
84.556694
19.165901
212.752380
148.992157
92.557556
19.166481
220.750687
148.993134
100.556900
19.165779
228.752640
148.991470
108.556854
19.166595
236.749664
148.992767
116.556656
19.166061
244.752701
148.991821
124.556778
19.165390
252.749680
148.993866
132.555862
19.164757
260.752441
148.992950
140.557495
19.164650
268.749329
148.995117
148.557983
19.162964
276.752686
148.996780
156.557114
19.162994
284.749542
148.997589
164.557800
19.161613
292.751343
148.994904
172.558197
19.161980
300.749237
148.995483
180.558075
19.162827
308.751617
148.993896
188.559052
19.162788
316.750031
148.995407
196.557693
19.163025
324.752594
148.994110
204.557007
19.163025
332.748505
148.994904
212.557465
19.162552
340.751190
148.995193
220.557816
19.162842
348.748993
148.996002
228.557571
19.162224
356.751495
148.994003
236.560791
19.163124
364.750916
148.993973
244.551239
19.160942
372.750671
149.000107
252.546402
19.159813
380.637207
148.921280
-59.405220
27.146500
68.713348
157.011917
-51.437767
27.170868
76.756660
156.986816
-43.439957
27.162979
84.752174
156.990723
-35.440926
27.165382
92.749710
156.991455
-27.442757
27.165787
100.753220
156.990448
-19.441677
27.165901
108.749802
156.990295
-11.441753
27.165756
116.753685
156.990952
-3.442371
27.167351
124.748978
156.990540
4.557137
27.166801
132.753174
156.990112
12.557255
27.167404
140.748230
156.990112
20.557785
27.166336
148.754593
156.989929
28.558445
27.165764
156.750214
156.990692
36.557404
27.165878
164.753830
156.990112
44.558945
27.165276
172.750015
156.991638
52.556774
27.166466
180.753021
156.990234
60.558392
27.166443
188.750046
156.990875
68.557037
27.166664
196.753357
156.989853
76.558769
27.166229
204.749664
156.990875
84.557144
27.166077
212.752792
156.989883
92.558601
27.165657
220.750031
156.991089
100.557053
27.165833
228.753036
156.990692
108.557632
27.165916
236.749237
156.991074
116.557007
27.166229
244.752777
156.990601
124.558159
27.166115
252.749161
156.991333
132.557312
27.165535
260.754028
156.991333
140.557755
27.165352
268.748932
156.992554
148.557419
27.164902
276.752197
156.992523
156.558807
27.164040
284.749298
156.992950
164.559143
27.163361
292.753204
156.992874
172.559296
27.163574
300.748779
156.992615
180.558197
27.163750
308.753174
156.992035
188.558884
27.164146
316.748901
156.992401
196.558090
27.164124
324.753204
156.992340
204.558487
27.163750
332.747955
156.992416
212.558289
27.163895
340.751862
156.991669
220.559433
27.162804
348.749176
156.992523
228.558289
27.162872
356.752808
156.992172
236.561157
27.163460
364.751709
156.992096
244.551147
27.162109
372.751007
156.997910
252.545593
27.159096
380.637756
156.920227
-59.407387
35.145630
68.713387
165.013458
-51.437946
35.171028
76.756561
164.989014
-43.440166
35.162811
84.751755
164.992386
-35.441891
35.165680
92.750259
164.992889
-27.442467
35.165565
100.753220
164.991943
-19.442532
35.166573
108.750000
164.993439
-11.443481
35.165596
116.752602
164.992920
-3.443913
35.166077
124.749268
164.993591
4.555897
35.165031
132.752533
164.993439
12.555416
35.165787
140.747910
164.992920
20.557400
35.165604
148.753326
164.991425
28.556244
35.165672
156.749863
164.991684
36.557037
35.165581
164.752655
164.991455
44.556915
35.165085
172.749466
164.993530
52.557358
35.167023
180.752533
164.992401
60.557499
35.165085
188.750320
164.993866
68.556625
35.165779
196.751740
164.992355
76.557983
35.165184
204.749603
164.993927
84.556458
35.165237
212.751770
164.992279
92.557579
35.165199
220.749374
164.993164
100.556778
35.165543
228.751984
164.992340
108.557098
35.166054
236.749298
164.992920
116.556992
35.165527
244.752518
164.992401
124.557144
35.165817
252.749542
164.993195
132.557098
35.165741
260.752991
164.992310
140.556854
35.164536
268.749939
164.993713
148.556976
35.164749
276.751343
164.993698
156.557007
35.164070
284.750183
164.994324
164.557724
35.163498
292.751373
164.993195
172.558105
35.163513
300.749481
164.994629
180.557495
35.163834
308.752441
164.993622
188.557419
35.163559
316.748810
164.994431
196.557251
35.163620
324.751709
164.993240
204.558136
35.163681
332.749969
164.993896
212.557709
35.163803
340.751434
164.993057
220.557739
35.163933
348.749908
164.994324
228.557602
35.162819
356.751587
164.993408
236.559921
35.164200
364.751526
164.993622
244.550262
35.161942
372.750610
164.998962
252.544952
35.160255
380.637329
164.921188
-59.405102
43.146599
68.713882
173.011902
-51.438053
43.171257
76.755997
172.986633
-43.440174
43.162949
84.752342
172.990372
-35.441212
43.165604
92.750107
172.991516
-27.442814
43.166023
100.753204
172.990448
-19.441059
43.165176
108.748909
172.992401
-11.443306
43.165215
116.751968
172.991791
-3.441795
43.164337
124.748161
172.992294
4.556820
43.165436
132.751984
172.993134
12.557991
43.165779
140.748276
172.992462
20.557934
43.165947
148.755951
172.993591
28.557838
43.165161
156.748505
172.992401
36.556416
43.164925
164.751434
172.990768
44.558956
43.165848
172.749222
172.991455
52.557892
43.166107
180.752365
172.990936
60.559017
43.165985
188.750244
172.991974
68.557434
43.165749
196.753586
172.990677
76.559013
43.165222
204.749176
172.991867
84.557510
43.166046
212.753082
172.990753
92.558586
43.165733
220.749969
172.990997
100.557251
43.165977
228.752899
172.990601
108.557732
43.165848
236.749329
172.990692
116.557083
43.165901
244.752838
172.990662
124.558350
43.165749
252.749054
172.990784
132.557404
43.165680
260.753357
172.991394
140.557709
43.166008
268.748901
172.991547
148.557495
43.165314
276.752777
172.991638
156.558060
43.164764
284.748840
172.991913
164.557953
43.164253
292.752411
172.991241
172.558380
43.164101
300.748596
172.991959
180.557816
43.164833
308.752289
172.991470
188.558975
43.165031
316.749451
172.991821
196.557831
43.164703
324.752869
172.991547
204.558640
43.165001
332.749817
172.991638
212.557755
43.165077
340.752411
172.990585
220.558395
43.164413
348.749512
172.991699
228.557556
43.164276
356.752197
172.991211
236.560852
43.164185
364.751526
172.991318
244.550720
43.163124
372.751221
172.997147
252.545288
43.159508
380.637970
172.919998
-59.407459
51.145676
68.713562
181.013565
-51.438267
51.171028
76.756386
180.989349
-43.440140
51.162315
84.752083
180.992966
-35.442581
51.165306
92.750320
180.993286
-27.443199
51.165466
100.752670
180.992462
-19.442551
51.165878
108.749023
180.993805
-11.442730
51.164566
116.752640
180.993042
-3.442261
51.165421
124.749985
180.994583
4.556744
51.165123
132.752960
180.993164
12.557190
51.164131
140.750336
180.994873
20.555939
51.163902
148.751587
180.993134
28.557453
51.164871
156.749039
180.995926
36.556450
51.165375
164.751328
180.993027
44.556843
51.165131
172.750061
180.992355
52.557064
51.164948
180.751312
180.991486
60.558392
51.165520
188.750427
180.992996
68.557556
51.166222
196.752625
180.992310
76.557610
51.165665
204.750122
180.993561
84.557251
51.165741
212.753189
180.992508
92.557373
51.165329
220.749451
180.993332
100.557182
51.165543
228.752594
180.992691
108.557327
51.165207
236.749313
180.993774
116.557373
51.165817
244.752411
180.992538
124.557602
51.165230
252.750198
180.993546
132.557129
51.165932
260.752014
180.992737
140.556992
51.165535
268.750244
180.993408
148.557159
51.164780
276.751892
180.992584
156.557617
51.164917
284.750305
180.993408
164.558060
51.164330
292.752167
180.993057
172.557800
51.164490
300.750000
180.993805
180.557709
51.164757
308.752258
180.991974
188.557983
51.164803
316.750366
180.993790
196.557800
51.164764
324.752502
180.992462
204.557770
51.164482
332.750427
180.993759
212.557404
51.164749
340.752502
180.992340
220.557617
51.164719
348.749969
180.994171
228.557343
51.164398
356.752716
180.992874
236.559357
51.164444
364.751953
180.993500
244.550064
51.162354
372.751343
180.998993
252.544952
51.160217
380.637207
180.920975
-59.405449
59.146698
68.713699
189.012054
-51.438023
59.171471
76.756020
188.986572
-43.440392
59.162445
84.752937
188.990845
-35.441540
59.166023
92.749779
188.991272
-27.442749
59.165169
100.753029
188.990540
-19.441563
59.165474
108.748444
188.991898
-11.442871
59.166023
116.754005
188.991165
-3.441326
59.164391
124.750099
188.992981
4.555973
59.164658
132.752304
188.992798
12.559227
59.165359
140.749420
188.993835
20.555717
59.164703
148.753174
188.993301
28.557739
59.165375
156.747406
188.992981
36.558872
59.164803
164.753357
188.993134
44.556870
59.165352
172.747833
188.992432
52.557362
59.165154
180.752106
188.991074
60.558697
59.165337
188.748474
188.991486
68.557823
59.166527
196.752655
188.990585
76.558701
59.165985
204.749435
188.991516
84.557175
59.166702
212.753021
188.990631
92.558250
59.166031
220.749695
188.991425
100.557396
59.166580
228.752777
188.990433
108.558426
59.166153
236.749420
188.991058
116.557495
59.166679
244.753265
188.990158
124.558380
59.166336
252.749847
188.991119
132.557312
59.166397
260.752716
188.990326
140.557983
59.165184
268.749329
188.991226
148.557846
59.165520
276.753571
188.991028
156.558594
59.165024
284.749847
188.991318
164.557953
59.165161
292.752777
188.990677
172.559021
59.164879
300.750183
188.991760
180.557846
59.165337
308.753601
188.991013
188.558594
59.165192
316.749512
188.991135
196.557892
59.166138
324.753845
188.990707
204.557617
59.165512
332.749756
188.991196
212.557236
59.165298
340.753876
188.989975
220.559509
59.165443
348.749359
188.991516
228.557388
59.164986
356.753601
188.991013
236.560501
59.165253
364.752045
188.991272
244.550613
59.163010
372.752136
188.997589
252.544403
59.160095
380.637360
188.920197
-59.407520
67.145813
68.713142
197.013611
-51.438694
67.171310
76.756409
196.989075
-43.441292
67.161896
84.751282
196.993256
-35.443172
67.165504
92.750267
196.992981
-27.443283
67.164902
100.751678
196.992310
-19.442215
67.165802
108.749855
196.993408
-11.442417
67.164703
116.752563
196.993378
-3.442215
67.165482
124.750015
196.995773
4.555805
67.164635
132.752228
196.994278
12.557018
67.164627
140.749847
196.995285
20.556332
67.163956
148.751740
196.995697
28.556828
67.165115
156.748901
196.996094
36.556778
67.163895
164.752014
196.994843
44.556839
67.163734
172.747742
196.995255
52.556618
67.164078
180.750595
196.993759
60.557404
67.163803
188.750000
196.992828
68.557816
67.164864
196.752289
196.991562
76.557419
67.166107
204.749786
196.992859
84.557037
67.166489
212.752930
196.991638
92.557220
67.166069
220.750031
196.992737
100.557281
67.166107
228.752945
196.991882
108.557312
67.166222
236.750061
196.993103
116.557159
67.166664
244.752655
196.991730
124.557159
67.165901
252.749939
196.993195
132.556732
67.165855
260.752289
196.992111
140.557831
67.165695
268.750549
196.993484
148.557434
67.165222
276.753448
196.992004
156.557938
67.165230
284.751282
196.993469
164.557251
67.165520
292.753113
196.992538
172.557373
67.165321
300.750610
196.993759
180.556763
67.165092
308.752655
196.992706
188.557159
67.164902
316.750305
196.993301
196.556808
67.165886
324.751953
196.993286
204.555389
67.165092
332.750549
196.992920
212.556290
67.165100
340.752167
196.992584
220.556976
67.165833
348.749207
196.992920
228.557541
67.165314
356.751923
196.993134
236.558350
67.165649
364.751373
196.992767
244.549896
67.161911
372.749146
196.999893
252.544205
67.160629
380.636230
196.920441
-59.405487
75.146736
68.713562
205.012024
-51.438675
75.171089
76.756165
204.987320
-43.441101
75.162186
84.752220
204.991364
-35.441521
75.165771
92.748947
204.991699
-27.442829
75.164955
100.752258
204.990662
-19.441158
75.165131
108.749557
204.991791
-11.442341
75.166077
116.753227
204.990906
-3.441353
75.165352
124.749741
204.992798
4.556255
75.164101
132.753937
204.994141
12.557034
75.165794
140.747681
204.994537
20.556931
75.164207
148.752335
204.994598
28.558369
75.164551
156.748520
204.994263
36.557465
75.163910
164.752502
204.995041
44.557381
75.165497
172.746368
204.993103
52.558182
75.164589
180.752426
204.992859
60.558079
75.164795
188.749664
204.991577
68.557480
75.164772
196.752075
204.990723
76.558434
75.165985
204.749191
204.991516
84.557442
75.166107
212.752930
204.990509
92.558472
75.165916
220.749634
204.991150
100.557053
75.166145
228.753510
204.990356
108.558495
75.166168
236.749451
204.991409
116.556938
75.165878
244.753311
204.990692
124.558197
75.166359
252.749390
204.991043
132.557495
75.166649
260.753845
204.989868
140.558426
75.166580
268.750214
204.990479
148.557205
75.165924
276.755127
204.990112
156.558441
75.166023
284.749969
204.991165
164.556992
75.166061
292.753265
204.990662
172.558228
75.166252
300.749542
204.992798
180.556229
75.165825
308.752136
204.991287
188.558044
75.166794
316.749756
204.991852
196.556488
75.164871
324.751801
204.993378
204.556931
75.166283
332.747986
204.992615
212.557068
75.163742
340.752747
204.992889
220.557739
75.165070
348.747406
204.992401
228.557724
75.163879
356.752747
204.992386
236.558990
75.163765
364.750763
204.993088
244.549988
75.161415
372.749298
204.998291
252.545837
75.159790
380.637115
204.919006
-59.407578
83.145874
68.713013
213.013702
-51.438805
83.170555
76.756271
212.989746
-43.440903
83.162399
84.750648
212.993866
-35.442947
83.164314
92.749588
212.993637
-27.442215
83.164612
100.750870
212.992691
-19.441326
83.164558
108.750168
212.994202
-11.442539
83.165085
116.752304
212.992386
-3.442188
83.165314
124.750191
212.995117
4.555012
83.164284
132.751678
212.995789
12.557030
83.163208
140.748566
212.996887
20.556938
83.162582
148.750275
212.995728
28.557537
83.163452
156.748489
212.996948
36.557220
83.162590
164.751801
212.996231
44.557407
83.164474
172.747681
212.996429
52.557072
83.163200
180.750366
212.994797
60.557274
83.164001
188.749146
212.994995
68.557419
83.163765
196.750244
212.992737
76.558136
83.164062
204.747940
212.994293
84.557686
83.165451
212.752823
212.992249
92.557861
83.165169
220.750153
212.993530
100.557556
83.165581
228.752625
212.992188
108.557449
83.166023
236.749573
212.993668
116.556976
83.166000
244.753265
212.992615
124.556824
83.165741
252.750610
212.993408
132.556519
83.165985
260.753021
212.992508
140.555511
83.165901
268.749084
212.992935
148.556763
83.165588
276.751953
212.992310
156.556656
83.165428
284.748566
212.993469
164.557175
83.165604
292.750793
212.992493
172.557129
83.165771
300.749634
212.994110
180.556473
83.165527
308.752808
212.993164
188.556198
83.164200
316.749329
212.995026
196.556702
83.164146
324.748383
212.993652
204.557800
83.163734
332.749939
212.994995
212.557907
83.165192
340.750488
212.993423
220.558228
83.164246
348.749268
212.994385
228.557281
83.164322
356.751068
212.994217
236.559387
83.164162
364.750824
212.995544
244.551636
83.161377
372.750641
213.000046
252.545349
83.159897
380.636292
212.919922
-59.405552
91.146881
68.713577
221.012238
-51.439018
91.170853
76.755424
220.987213
-43.440125
91.162704
84.750778
220.992645
-35.441536
91.164658
92.749527
220.991852
-27.441502
91.164291
100.751068
220.990692
-19.441158
91.164734
108.749786
220.991638
-11.442596
91.165367
116.753769
220.991577
-3.441902
91.164429
124.749374
220.993195
4.557526
91.163124
132.752701
220.994598
12.558422
91.163559
140.748505
220.995026
20.558693
91.161972
148.752747
220.994812
28.559105
91.162376
156.747726
220.994629
36.558823
91.163353
164.752777
220.994370
44.559315
91.163933
172.748657
220.994080
52.558025
91.162766
180.751541
220.993042
60.559296
91.163353
188.748810
220.993011
68.558380
91.163544
196.752594
220.991760
76.558983
91.164429
204.749115
220.990936
84.558731
91.165154
212.754089
220.990479
92.558807
91.165901
220.750183
220.991302
100.557938
91.165024
228.754135
220.991165
108.558060
91.166023
236.749359
220.991287
116.557053
91.164581
244.753082
220.991272
124.558136
91.165367
252.749802
220.993347
132.556656
91.164520
260.752655
220.993942
140.557556
91.164986
268.747223
220.993835
148.556488
91.164017
276.752319
220.993530
156.557968
91.164780
284.747192
220.992752
164.557739
91.163666
292.752747
220.991699
172.558472
91.165146
300.748291
220.992981
180.557465
91.164444
308.753357
220.993622
188.557678
91.164070
316.747711
220.993256
196.558533
91.163689
324.752960
220.992401
204.559219
91.164055
332.748810
220.991791
212.559021
91.163597
340.752563
220.991974
220.560196
91.164696
348.749695
220.992767
228.558258
91.163284
356.752228
220.992004
236.561142
91.163933
364.751953
220.993347
244.551361
91.160751
372.750580
220.999542
252.545715
91.159264
380.636353
220.919235
-59.407887
99.145721
68.713226
229.014130
-51.439747
99.170364
76.756058
228.989594
-43.439651
99.161415
84.750244
228.994003
-35.441452
99.163956
92.750427
228.995056
-27.442116
99.164207
100.752480
228.992416
-19.441990
99.164146
108.749832
228.994186
-11.443005
99.164787
116.752533
228.993515
-3.442596
99.164001
124.749939
228.995255
4.557388
99.163300
132.751587
228.994232
12.558388
99.162849
140.749481
228.995728
20.558105
99.162857
148.751816
228.994476
28.558540
99.163025
156.750092
228.995056
36.558022
99.162933
164.752594
228.994034
44.558052
99.164185
172.749008
228.995728
52.557529
99.163071
180.752563
228.994507
60.557411
99.163666
188.748962
228.994003
68.558182
99.164452
196.753204
228.992645
76.558075
99.164253
204.750366
228.993378
84.557129
99.164978
212.752457
228.992493
92.556992
99.164757
220.749344
228.993546
100.557175
99.164764
228.752930
228.993210
108.557190
99.164825
236.749878
228.994232
116.556274
99.163933
244.751617
228.993835
124.556900
99.163971
252.747482
228.996613
132.557190
99.164001
260.751160
228.995438
140.557220
99.162483
268.749054
228.996094
148.557739
99.163399
276.751068
228.994904
156.558289
99.162933
284.749451
228.995636
164.557343
99.163071
292.751770
228.994827
172.557602
99.163376
300.749664
228.995819
180.557312
99.162712
308.750610
228.994720
188.558029
99.162849
316.749695
228.995651
196.558594
99.162575
324.752594
228.995438
204.558105
99.162201
332.749390
228.996155
212.558228
99.163345
340.752319
228.994278
220.558304
99.163239
348.750427
228.994568
228.558014
99.163483
356.752380
228.995361
236.559845
99.162888
364.751129
228.994751
244.551697
99.160103
372.749634
228.999939
252.546600
99.159401
380.637451
228.920868
-59.405296
107.146416
68.713593
237.012756
-51.438786
107.170425
76.756378
236.987640
-43.439331
107.162994
84.751297
236.990112
-35.440495
107.164078
92.750786
236.991669
-27.442062
107.164680
100.753342
236.990845
-19.441658
107.164742
108.749573
236.991364
-11.442558
107.165733
116.752663
236.990875
-3.441307
107.164886
124.749649
236.991455
4.557510
107.165024
132.753052
236.991547
12.558880
107.164642
140.749481
236.991852
20.557945
107.164612
148.753052
236.991547
28.558815
107.163963
156.749710
236.992874
36.557022
107.163895
164.752350
236.991882
44.558754
107.165390
172.747421
236.992599
52.557114
107.164581
180.752075
236.991791
60.558556
107.165314
188.748535
236.992828
68.557007
107.164215
196.751984
236.992432
76.558426
107.164818
204.748413
236.992218
84.557152
107.164993
212.751770
236.991425
92.558289
107.165237
220.748581
236.991638
100.557693
107.164742
228.752502
236.991699
108.558395
107.164848
236.748718
236.992279
116.556717
107.164276
244.752289
236.992615
124.558426
107.164375
252.748779
236.993240
132.557785
107.163315
260.752014
236.993073
140.558990
107.163284
268.747894
236.992844
148.558655
107.163094
276.752747
236.991653
156.559845
107.163811
284.748901
236.992767
164.557999
107.163673
292.753387
236.992889
172.558990
107.163376
300.748932
236.992859
180.558594
107.163231
308.752777
236.992752
188.559326
107.163506
316.748962
236.993393
196.558502
107.163841
324.752808
236.991943
204.560028
107.164261
332.749084
236.992310
212.558487
107.163818
340.753357
236.992188
220.558777
107.164230
348.749176
236.992493
228.557617
107.163910
356.752441
236.992767
236.561127
107.163605
364.751984
236.992706
244.551773
107.161766
372.751648
236.998108
252.545593
107.159248
380.637817
236.920349
-59.407700
115.145248
68.713287
245.013977
-51.437840
115.170273
76.757042
244.989380
-43.439693
115.162651
84.752121
244.992691
-35.442101
115.164642
92.749908
244.993698
-27.442200
115.164948
100.752884
244.992889
-19.442207
115.164772
108.749794
244.993820
-11.442909
115.165192
116.752213
244.991928
-3.442120
115.165070
124.750465
244.993652
4.557259
115.165092
132.751938
244.992218
12.558002
115.164925
140.750259
244.993469
20.557629
115.164665
148.752869
244.992828
28.557213
115.164238
156.749786
244.994095
36.557793
115.164673
164.753052
244.993149
44.557129
115.165337
172.747833
244.995178
52.555901
115.164452
180.751266
244.993118
60.557484
115.163651
188.747726
244.993942
68.557732
115.164391
196.752014
244.992493
76.557983
115.164360
204.750320
244.993805
84.557205
115.164627
212.752533
244.992889
92.557541
115.164879
220.750015
244.993561
100.557533
115.164574
228.752747
244.992416
108.557449
115.165146
236.749680
244.993347
116.557419
115.164452
244.752045
244.993179
124.557556
115.164299
252.749405
244.994690
132.557846
115.163734
260.752014
244.993805
140.558807
115.163406
268.749939
244.994980
148.558319
115.163910
276.752502
244.993134
156.558395
115.163757
284.750000
244.994339
164.557709
115.163956
292.752136
244.993317
172.557785
115.164040
300.749847
244.994171
180.557236
115.164543
308.751221
244.993530
188.557220
115.164146
316.749115
244.994766
196.557358
115.164185
324.751831
244.992950
204.557938
115.163963
332.748840
244.993927
212.557587
115.164207
340.752411
244.992645
220.557922
115.164680
348.749908
244.994080
228.556488
115.164917
356.751343
244.993530
236.559052
115.164238
364.751709
244.993896
244.550705
115.161583
372.749268
245.000153
252.545349
115.159943
380.636780
244.920929
-59.405281
123.146507
68.713699
253.011932
-51.437855
123.170441
76.756775
252.986694
-43.439617
123.162918
84.752296
252.990845
-35.441116
123.165428
92.749985
252.991272
-27.442272
123.165466
100.753189
252.990509
-19.441284
123.165176
108.749916
252.991394
-11.442516
123.165688
116.753159
252.990509
-3.441395
123.165154
124.749695
252.991425
4.557888
123.165733
132.753220
252.990570
12.558483
123.165154
140.749847
252.991272
20.557678
123.165405
148.753326
252.991058
28.557911
123.164948
156.749512
252.991684
36.556694
123.164917
164.752319
252.990799
44.558781
123.164673
172.747406
252.992401
52.557457
123.164986
180.752411
252.991196
60.559021
123.165047
188.749084
252.989929
68.558151
123.165451
196.752930
252.989960
76.558762
123.165924
204.749542
252.990997
84.557602
123.165527
212.753326
252.990448
92.558739
123.165695
220.749817
252.991425
100.557533
123.165558
228.753784
252.990845
108.558380
123.165131
236.749603
252.991806
116.557510
123.165306
244.753082
252.991409
124.558441
123.164986
252.749619
252.991760
132.557831
123.164879
260.752960
252.991287
140.558990
123.164383
268.749268
252.992157
148.558304
123.164536
276.753784
252.991730
156.558472
123.165070
284.749542
252.992096
164.557739
123.164612
292.752960
252.992096
172.558136
123.164490
300.748749
252.993073
180.557465
123.164032
308.751953
252.992157
188.558624
123.163948
316.748047
252.992661
196.557587
123.164024
324.752472
252.991638
204.559296
123.163826
332.748566
252.991669
212.558411
123.164879
340.753418
252.990677
220.558655
123.164818
348.749908
252.991669
228.556793
123.164001
356.751617
252.992371
236.560394
123.163628
364.751282
252.993240
244.551224
123.161835
372.750702
252.997986
252.546188
123.158798
380.637756
252.919479
-59.407578
131.145416
68.713593
261.013733
-51.438118
131.171051
76.756775
260.989136
-43.439884
131.162491
84.751801
260.992584
-35.442066
131.164902
92.750092
260.993469
-27.442558
131.165192
100.752548
260.992188
-19.442352
131.165054
108.749817
260.993469
-11.442692
131.165222
116.752602
260.992126
-3.442188
131.165070
124.750015
260.993317
4.557423
131.165710
132.752640
260.992004
12.557564
131.165253
140.750259
260.993469
20.557171
131.165619
148.752625
260.992554
28.557205
131.164642
156.750259
260.994110
36.556976
131.164688
164.752106
260.993805
44.557434
131.165237
172.747955
260.994873
52.557156
131.164017
180.752533
260.993958
60.557133
131.165146
188.750168
260.994781
68.556366
131.164291
196.751770
260.992767
76.556664
131.164490
204.748840
260.993774
84.556854
131.165085
212.751480
260.992401
92.556969
131.165070
220.748596
260.993530
100.557037
131.165497
228.752304
260.992310
108.557434
131.165375
236.749374
260.993469
116.556702
131.165283
244.752136
260.992554
124.556892
131.164948
252.749756
260.993835
132.556702
131.164886
260.751923
260.992523
140.557449
131.164886
268.749878
260.993958
148.557129
131.164886
276.752716
260.992798
156.557083
131.164703
284.749573
260.994110
164.556335
131.164536
292.751343
260.993500
172.557175
131.164459
300.749512
260.994110
180.557648
131.164261
308.751648
260.993103
188.557602
131.164825
316.749237
260.994049
196.557571
131.164551
324.752411
260.992554
204.558136
131.164932
332.750244
260.993286
212.557999
131.164459
340.753418
260.992401
220.557526
131.164490
348.750244
260.993896
228.556412
131.164795
356.751526
260.992401
236.560059
131.165131
364.752441
260.993652
244.550385
131.162384
372.751709
260.999268
252.545166
131.160736
380.636902
260.921326
-59.405186
139.146423
68.714111
269.011932
-51.437943
139.170609
76.756432
268.986603
-43.439617
139.162796
84.752174
268.990662
-35.441196
139.165161
92.749969
268.991364
-27.442139
139.165634
100.753281
268.990570
-19.441475
139.165375
108.749550
268.991089
-11.442219
139.165649
116.753334
268.990479
-3.441414
139.165436
124.749886
268.991028
4.557545
139.165833
132.753036
268.990295
12.558426
139.165726
140.749725
268.991119
20.557285
139.165619
148.752930
268.990662
28.558182
139.164841
156.749298
268.991455
36.558052
139.164612
164.752960
268.991333
44.558514
139.164673
172.748520
268.992157
52.557781
139.164597
180.753143
268.991272
60.558449
139.164429
188.749878
268.992188
68.557297
139.165039
196.752243
268.992249
76.557617
139.165649
204.749084
268.991669
84.557381
139.165009
212.752838
268.991516
92.558144
139.165787
220.748428
268.991333
100.557838
139.165192
228.752823
268.990906
108.558609
139.165695
236.749054
268.991608
116.556541
139.165253
244.752319
268.991364
124.557381
139.165680
252.748962
268.991821
132.557068
139.165665
260.752441
268.991089
140.557495
139.166214
268.748413
268.991272
148.556686
139.166000
276.752930
268.991058
156.557648
139.165771
284.748901
268.992249
164.557114
139.165283
292.752167
268.991943
172.558609
139.164734
300.749023
268.992401
180.557495
139.164230
308.753021
268.991974
188.558823
139.164551
316.749084
268.992615
196.557510
139.164902
324.752502
268.991364
204.558807
139.165039
332.749542
268.991608
212.557281
139.165222
340.752869
268.990570
220.558762
139.165588
348.750000
268.991150
228.557053
139.165054
356.752869
268.990692
236.560059
139.164917
364.751831
268.991516
244.550659
139.162659
372.751770
268.997864
252.544739
139.159515
380.637604
268.920074
-59.407337
147.145432
68.713509
277.013947
-51.437981
147.170792
76.756584
276.989349
-43.439968
147.162369
84.751488
276.992767
-35.442108
147.164886
92.750046
276.993317
-27.442444
147.165100
100.752449
276.992340
-19.442280
147.164917
108.749809
276.993408
-11.442631
147.165237
116.752594
276.992126
-3.442226
147.165009
124.750122
276.993439
4.557350
147.165283
132.752563
276.992523
12.557526
147.165039
140.749573
276.993500
20.557114
147.165283
148.752457
276.992310
28.557941
147.165131
156.750244
276.993500
36.557480
147.165619
164.752380
276.991272
44.558155
147.165009
172.750107
276.993011
52.557964
147.164978
180.752838
276.992584
60.557590
147.165070
188.750305
276.993164
68.557343
147.164307
196.751923
276.992737
76.556496
147.164948
204.748962
276.993835
84.557121
147.164551
212.751251
276.993622
92.557076
147.164276
220.749130
276.993866
100.557281
147.164337
228.752411
276.992493
108.557800
147.165100
236.749878
276.993774
116.557106
147.164658
244.751587
276.992798
124.557068
147.164719
252.748779
276.994507
132.557312
147.164413
260.751984
276.993042
140.557220
147.164490
268.749237
276.994110
148.556488
147.164627
276.751923
276.992737
156.556885
147.164322
284.749207
276.993835
164.557327
147.164276
292.751709
276.993073
172.557755
147.164581
300.749023
276.994232
180.557312
147.164551
308.751678
276.992950
188.557251
147.164429
316.748657
276.993866
196.557190
147.164764
324.751526
276.992462
204.557144
147.164642
332.749268
276.993286
212.557053
147.165131
340.752380
276.991882
220.557068
147.165298
348.749725
276.993073
228.556320
147.165009
356.752197
276.992096
236.559174
147.165695
364.751770
276.992157
244.550232
147.162369
372.751282
276.998718
252.545074
147.160660
380.637238
276.920685
-59.405273
155.146484
68.713356
285.012024
-51.437836
155.170746
76.756561
284.986816
-43.439896
155.163086
84.752335
284.990753
-35.441277
155.165482
92.749939
284.991455
-27.442467
155.165710
100.753166
284.990540
-19.441547
155.165268
108.749695
284.991150
-11.442421
155.165634
116.753235
284.990540
-3.441532
155.165222
124.749687
284.991211
4.557568
155.165527
132.752991
284.990540
12.558540
155.165375
140.749786
284.991150
20.557499
155.165741
148.753220
284.990509
28.558609
155.165558
156.749786
284.991119
36.557693
155.165649
164.753601
284.991180
44.557976
155.165253
172.749359
284.991699
52.557461
155.165283
180.752777
284.991150
60.558167
155.164551
188.749146
284.992035
68.557129
155.165314
196.752335
284.992493
76.557655
155.164703
204.748016
284.992920
84.557404
155.164413
212.751770
284.991882
92.558960
155.164291
220.748611
284.992065
100.557777
155.164642
228.753433
284.991821
108.558502
155.165192
236.749390
284.992249
116.556900
155.164917
244.752136
284.991333
124.558914
155.164627
252.748810
284.992737
132.558151
155.165405
260.753296
284.992218
140.557678
155.165054
268.748901
284.992432
148.556839
155.164368
276.752502
284.992310
156.558350
155.164520
284.748291
284.992249
164.557785
155.163605
292.752075
284.992126
172.558533
155.164185
300.748047
284.992493
180.557785
155.163849
308.752625
284.992340
188.558334
155.164368
316.748596
284.992523
196.557526
155.163895
324.752167
284.991760
204.558609
155.164719
332.748688
284.992249
212.557526
155.164337
340.752594
284.991394
220.558304
155.165009
348.748566
284.992035
228.557495
155.164154
356.752502
284.991791
236.560410
155.164261
364.751465
284.992279
244.550919
155.161880
372.750946
284.998108
252.545502
155.159515
380.637726
284.919708
-59.407574
163.145676
68.713081
293.013306
-51.437965
163.170929
76.756714
292.988953
-43.440399
163.162933
84.751595
292.992432
-35.442398
163.165192
92.750252
292.993256
-27.442810
163.165436
100.752464
292.992096
-19.442436
163.165131
108.750214
292.993378
-11.442852
163.165527
116.752449
292.992188
-3.442509
163.164963
124.750099
292.993347
4.557228
163.165207
132.752670
292.992065
12.557652
163.165024
140.750153
292.993408
20.557018
163.165451
148.752701
292.992188
28.557327
163.165070
156.749969
292.993713
36.556786
163.165283
164.752075
292.992188
44.557690
163.165100
172.750076
292.993530
52.557102
163.165497
180.752533
292.992371
60.557121
163.165131
188.750244
292.993835
68.556549
163.165207
196.751144
292.992676
76.557083
163.164337
204.749664
292.993835
84.557037
163.164948
212.751617
292.992676
92.557518
163.164673
220.750031
292.993591
100.557640
163.164551
228.752014
292.993103
108.557755
163.164749
236.749542
292.994659
116.556656
163.164307
244.751343
292.993378
124.557343
163.164520
252.748840
292.993439
132.557388
163.163910
260.752380
292.993195
140.557114
163.163773
268.748535
292.996002
148.557098
163.163544
276.750153
292.994873
156.557907
163.163269
284.749237
292.995270
164.557434
163.163818
292.751892
292.993591
172.557587
163.163803
300.749237
292.994171
180.557404
163.164261
308.751282
292.993134
188.557693
163.163971
316.749817
292.994232
196.557739
163.163940
324.752075
292.992981
204.557816
163.164337
332.749207
292.994873
212.557098
163.164230
340.751678
292.993408
220.557343
163.164124
348.749146
292.993958
228.557129
163.163757
356.751526
292.993469
236.559067
163.163879
364.752197
292.993805
244.551178
163.161743
372.750824
292.999542
252.545471
163.160034
380.637085
292.920776
-59.405628
171.146515
68.713455
301.011871
-51.437992
171.171051
76.756111
300.986786
-43.440380
171.163162
84.752167
300.990326
-35.441486
171.165451
92.749512
300.991058
-27.442589
171.165619
100.753113
300.990295
-19.441795
171.165375
108.749451
300.990814
-11.442650
171.165710
116.752815
300.990326
-3.441643
171.165466
124.749725
300.990906
4.557388
171.165405
132.753143
300.990417
12.558464
171.165344
140.749634
300.991028
20.557388
171.165497
148.752991
300.990356
28.558403
171.165314
156.749313
300.991394
36.557404
171.165588
164.753250
300.990479
44.558304
171.165497
172.749649
300.990997
52.557396
171.165695
180.753021
300.990570
60.558289
171.165375
188.749298
300.991486
68.557281
171.165314
196.752411
300.991150
76.558250
171.165344
204.749130
300.991455
84.557465
171.165359
212.753021
300.991089
92.557961
171.165131
220.749146
300.991547
100.557755
171.165161
228.753021
300.990845
108.558655
171.165100
236.749084
300.991577
116.557663
171.164993
244.753204
300.990967
124.558594
171.164581
252.750000
300.992279
132.557053
171.164612
260.752960
300.991638
140.558426
171.164246
268.748138
300.991486
148.557999
171.164520
276.752686
300.990662
156.559174
171.164658
284.749786
300.991730
164.557907
171.164093
292.753143
300.992340
172.558243
171.163437
300.748322
300.993073
180.557648
171.163330
308.752319
300.992249
188.559021
171.163544
316.749084
300.992767
196.557861
171.163757
324.752991
300.991669
204.559219
171.163910
332.747772
300.993378
212.557617
171.164368
340.752777
300.992767
220.558456
171.163910
348.748871
300.992584
228.557312
171.163849
356.752441
300.992767
236.559906
171.164154
364.751343
300.992584
244.550934
171.161774
372.750092
300.998535
252.545410
171.159409
380.636475
300.919098
-59.407845
179.145645
68.713280
309.013519
-51.438087
179.170715
76.756493
308.989197
-43.440334
179.162369
84.751328
308.992676
-35.442318
179.165024
92.750084
308.993347
-27.442657
179.164993
100.752464
308.992310
-19.442707
179.165100
108.749840
308.993378
-11.442825
179.165344
116.752243
308.991791
-3.442673
179.165070
124.749878
308.993225
4.557018
179.165298
132.752380
308.992126
12.557293
179.164825
140.749649
308.993134
20.557121
179.165344
148.752289
308.991760
28.557499
179.165192
156.749710
308.992859
36.557152
179.165161
164.752686
308.991913
44.557312
179.165009
172.749756
308.993469
52.557137
179.164932
180.752228
308.992432
60.557297
179.164886
188.749634
308.993530
68.557198
179.165207
196.751846
308.991852
76.557800
179.164734
204.750244
308.993622
84.557030
179.164703
212.751526
308.992981
92.557404
179.164246
220.749313
308.993469
100.557877
179.164688
228.752594
308.992249
108.557663
179.165131
236.749725
308.993103
116.557411
179.164764
244.752808
308.992432
124.557526
179.164398
252.749420
308.993652
132.557556
179.164703
260.752197
308.992584
140.557907
179.164642
268.750000
308.993896
148.557465
179.164520
276.752594
308.993073
156.557831
179.164230
284.750000
308.994629
164.557083
179.164001
292.751770
308.993134
172.558075
179.163864
300.749908
308.994171
180.557983
179.163864
308.751892
308.992920
188.558228
179.163544
316.749756
308.994690
196.557220
179.163696
324.752594
308.993286
204.558105
179.164154
332.748871
308.994080
212.557465
179.164215
340.752014
308.993347
220.557678
179.164536
348.749817
308.994812
228.557129
179.163208
356.750977
308.994812
236.559265
179.163422
364.750946
308.995575
244.550903
179.160751
372.748352
309.001770
252.546478
179.159729
380.636963
308.921448
-59.405693
187.146255
68.713570
317.012207
-51.438019
187.170868
76.756180
316.986633
-43.440002
187.162674
84.751930
316.990509
-35.441441
187.165344
92.749565
316.991089
-27.442528
187.165344
100.752853
316.990417
-19.441708
187.165192
108.749268
316.991272
-11.442646
187.165466
116.752823
316.990509
-3.441742
187.165146
124.749176
316.991364
4.557373
187.165192
132.752777
316.990753
12.558605
187.165009
140.749466
316.991638
20.557503
187.165039
148.752777
316.990875
28.558487
187.164917
156.748993
316.991486
36.557442
187.165009
164.752838
316.990967
44.558353
187.164871
172.749115
316.991516
52.557587
187.165207
180.752716
316.990662
60.558640
187.165115
188.749420
316.991364
68.557762
187.165421
196.753052
316.990784
76.558380
187.164825
204.749344
316.991394
84.557640
187.165039
212.752563
316.990692
92.559029
187.164703
220.749817
316.991333
100.558075
187.165237
228.753296
316.990845
108.558456
187.165314
236.749359
316.991211
116.557365
187.164917
244.752869
316.990997
124.558411
187.164520
252.749100
316.991455
132.557770
187.164673
260.752655
316.990753
140.558716
187.164581
268.749298
316.991486
148.557785
187.164978
276.753113
316.990631
156.558731
187.164795
284.749512
316.991577
164.557632
187.164948
292.753510
316.990875
172.558685
187.164749
300.749390
316.991699
180.557739
187.164764
308.752930
316.991180
188.559006
187.164413
316.748901
316.991913
196.557983
187.164307
324.753296
316.991608
204.558853
187.164520
332.749237
316.992310
212.557846
187.164154
340.752869
316.991821
220.558746
187.163574
348.749023
316.992584
228.557770
187.163040
356.751740
316.992798
236.560974
187.163269
364.751221
316.992554
244.551910
187.161743
372.749878
316.998169
252.546158
187.159760
380.638611
316.919983
-59.407715
195.145584
68.713074
325.013672
-51.438236
195.170837
76.756546
324.989197
-43.440125
195.162003
84.751244
324.992920
-35.442375
195.164719
92.749886
324.993591
-27.442619
195.164673
100.751984
324.992584
-19.442505
195.164581
108.749519
324.993530
-11.442627
195.164764
116.752190
324.992340
-3.442528
195.164719
124.749649
324.993652
4.557247
195.164642
132.752075
324.992340
12.557899
195.164368
140.749756
324.993622
20.557446
195.164581
148.752106
324.992432
28.557766
195.164612
156.749893
324.993713
36.557331
195.164642
164.752304
324.992401
44.557594
195.164642
172.749817
324.993469
52.557434
195.164764
180.752487
324.992371
60.557880
195.164612
188.750061
324.993591
68.557632
195.164642
196.752731
324.992432
76.557846
195.164490
204.750244
324.993530
84.557396
195.164810
212.752609
324.992401
92.557831
195.164551
220.750397
324.993469
100.557907
195.164841
228.752823
324.992645
108.557587
195.164948
236.749817
324.993683
116.557152
195.164627
244.752258
324.992645
124.557655
195.164520
252.750137
324.993713
132.557510
195.164444
260.752625
324.992432
140.557800
195.164688
268.750061
324.993469
148.557388
195.164856
276.753235
324.992279
156.557556
195.164459
284.750031
324.993713
164.557083
195.164459
292.752838
324.992798
172.557739
195.164261
300.750000
324.994110
180.557419
195.164383
308.752686
324.992737
188.557739
195.164108
316.750061
324.993835
196.557449
195.164307
324.752716
324.992920
204.557968
195.164093
332.750122
324.994019
212.557495
195.163940
340.752380
324.992798
220.557907
195.164459
348.750458
324.994019
228.557281
195.163940
356.752411
324.993652
236.559250
195.164429
364.752045
324.993805
244.551407
195.162048
372.750946
324.999725
252.545654
195.160400
380.637665
324.921295
-59.405613
203.146210
68.713219
333.012329
-51.438061
203.170471
76.756317
332.986816
-43.439823
203.162369
84.752014
332.990723
-35.441238
203.164734
92.749535
332.991455
-27.442310
203.164932
100.752975
332.990692
-19.441383
203.164856
108.749641
332.991394
-11.442360
203.165314
116.753159
332.990692
-3.441528
203.164856
124.749123
332.991455
4.557713
203.165054
132.753204
332.990845
12.558640
203.164520
140.749420
332.991669
20.557686
203.165009
148.753143
332.990692
28.558510
203.164917
156.749359
332.991394
36.557564
203.165161
164.753204
332.990906
44.558456
203.165192
172.749207
332.991486
52.557377
203.165344
180.753143
332.990448
60.558617
203.165100
188.750000
332.991150
68.557602
203.165222
196.753754
332.990356
76.558929
203.165283
204.750061
332.991364
84.557877
203.165192
212.753189
332.990692
92.558838
203.165100
220.750092
332.991272
100.558075
203.165283
228.753662
332.991150
108.558472
203.165466
236.749969
332.991577
116.557877
203.165283
244.753510
332.990936
124.558464
203.165222
252.749222
332.991547
132.557465
203.165100
260.753052
332.991028
140.558533
203.164948
268.749542
332.991974
148.557114
203.164825
276.753784
332.991516
156.558304
203.165131
284.749329
332.991852
164.557358
203.164581
292.753021
332.991394
172.558701
203.164963
300.749207
332.992035
180.557678
203.164673
308.753418
332.991272
188.558472
203.164902
316.749756
332.991577
196.557770
203.164856
324.753235
332.990906
204.558990
203.165131
332.749603
332.992004
212.557510
203.165161
340.753601
332.990784
220.558151
203.164825
348.749756
332.991425
228.557236
203.164444
356.752563
332.992035
236.560486
203.164581
364.752045
332.992493
244.551147
203.162354
372.751068
332.997986
252.544495
203.159332
380.637512
332.919464
-59.408039
211.145782
68.713409
341.013794
-51.438393
211.170959
76.756866
340.989014
-43.440506
211.162415
84.751427
340.992798
-35.442410
211.164673
92.750282
340.993652
-27.442711
211.164734
100.752228
340.992462
-19.442326
211.164566
108.750061
340.993683
-11.442837
211.164795
116.752487
340.992554
-3.442425
211.164581
124.749863
340.993469
4.556984
211.164764
132.752777
340.992096
12.557671
211.164810
140.750168
340.993591
20.557106
211.165268
148.752838
340.992615
28.557201
211.164856
156.749786
340.993744
36.556728
211.165222
164.752380
340.992859
44.556683
211.164612
172.749115
340.994019
52.556602
211.165344
180.751968
340.992462
60.556625
211.165405
188.750397
340.993347
68.556137
211.165344
196.752838
340.991699
76.556839
211.165192
204.749771
340.993103
84.557083
211.164734
212.752747
340.992310
92.557175
211.164688
220.749908
340.993103
100.557785
211.165390
228.752869
340.992462
108.557442
211.165634
236.750153
340.993591
116.557037
211.165344
244.753113
340.993011
124.556740
211.165039
252.749115
340.993622
132.556900
211.165329
260.751160
340.992706
140.556671
211.166107
268.749512
340.993713
148.556183
211.165146
276.751709
340.992920
156.555893
211.165054
284.748840
340.993652
164.556824
211.165100
292.750854
340.992828
172.556763
211.165222
300.748749
340.994049
180.556793
211.164795
308.751312
340.992981
188.556519
211.165314
316.749329
340.993469
196.556808
211.164642
324.751526
340.992371
204.557037
211.164490
332.750061
340.993835
212.556503
211.164276
340.752228
340.992798
220.556656
211.164581
348.749329
340.994080
228.556763
211.164429
356.751190
340.993561
236.559097
211.164520
364.752380
340.993988
244.550690
211.161743
372.749847
341.000427
252.545151
211.159897
380.636597
340.920471
-59.405846
219.146484
68.713913
349.012848
-51.438656
219.171631
76.755829
348.987091
-43.441025
219.163971
84.751343
348.990570
-35.441616
219.165848
92.748688
348.991638
-27.442932
219.165466
100.752388
348.990814
-19.441422
219.165588
108.748940
348.991730
-11.442673
219.165802
116.752861
348.990814
-3.441578
219.165955
124.749588
348.991364
4.557014
219.166199
132.753540
348.990570
12.558128
219.165497
140.749039
348.991638
20.557007
219.165405
148.752625
348.991058
28.558578
219.165634
156.749191
348.992065
36.556995
219.166000
164.752472
348.991791
44.557865
219.165833
172.748627
348.992401
52.557442
219.165405
180.752838
348.992310
60.557716
219.165558
188.748016
348.992950
68.556458
219.165253
196.752213
348.992249
76.557327
219.165619
204.747314
348.992432
84.556786
219.165771
212.752777
348.991913
92.557495
219.165070
220.748352
348.991150
100.557785
219.165695
228.752106
348.990845
108.558807
219.166290
236.749557
348.992096
116.556839
219.165283
244.752533
348.992584
124.556976
219.166199
252.748535
348.992218
132.556961
219.164948
260.752563
348.992188
140.557114
219.165771
268.747589
348.992432
148.555954
219.164383
276.751709
348.993134
156.557709
219.164856
284.747253
348.993500
164.556778
219.164154
292.750946
348.992615
172.557724
219.164886
300.747009
348.993317
180.557098
219.164307
308.751709
348.993134
188.556900
219.164551
316.747437
348.992462
196.557358
219.164490
324.752716
348.992615
204.557449
219.164429
332.747681
348.992828
212.556396
219.164597
340.752228
348.992065
220.557983
219.164795
348.747253
348.992096
228.556885
219.164413
356.751251
348.992432
236.560486
219.164871
364.751160
348.993225
244.550934
219.160995
372.749054
348.999146
252.546021
219.158585
380.637207
348.919525
-59.408031
227.146210
68.714134
357.014954
-51.439240
227.171844
76.756577
356.989685
-43.441357
227.163132
84.750267
356.993408
-35.443787
227.165649
92.748505
356.993927
-27.443176
227.165390
100.751686
356.992340
-19.442867
227.165070
108.748856
356.993652
-11.442604
227.165955
116.751442
356.992828
-3.443024
227.165924
124.749229
356.994141
4.556538
227.165878
132.751785
356.993103
12.556454
227.166077
140.748871
356.994080
20.556713
227.166199
148.752243
356.992615
28.556297
227.166183
156.749130
356.994202
36.556549
227.165695
164.751587
356.993134
44.556980
227.165436
172.748810
356.994873
52.557091
227.164886
180.751617
356.994537
60.556564
227.164734
188.749084
356.995636
68.555901
227.164276
196.750702
356.994293
76.556335
227.164886
204.747772
356.994720
84.556618
227.163925
212.750488
356.994629
92.556282
227.164978
220.748016
356.995453
100.556488
227.164551
228.751587
356.992462
108.557846
227.164871
236.748901
356.994568
116.556931
227.165009
244.752014
356.994263
124.556168
227.165146
252.747681
356.995850
132.556198
227.163940
260.751404
356.994354
140.556915
227.164536
268.747833
356.995453
148.556519
227.164917
276.751282
356.994690
156.556808
227.164215
284.748932
356.995789
164.556610
227.164810
292.750732
356.994690
172.556732
227.164490
300.747894
356.995880
180.556534
227.163971
308.751770
356.994629
188.557114
227.163452
316.748993
356.994965
196.557449
227.164276
324.750610
356.994904
204.556519
227.164368
332.748871
356.995911
212.556747
227.163849
340.750702
356.994995
220.556091
227.163910
348.747772
356.995514
228.556610
227.163391
356.750031
356.994415
236.559097
227.163696
364.750153
356.994781
244.550903
227.161499
372.748535
356.999725
252.546661
227.160034
380.637482
356.921448
-59.408321
235.146576
68.714203
365.015167
-51.441803
235.171722
76.757042
364.989319
-43.443989
235.164459
84.752701
364.992432
-35.445206
235.166565
92.749565
364.993317
-27.445847
235.166107
100.753723
364.992126
-19.445061
235.166122
108.749443
364.992157
-11.445679
235.165710
116.753319
364.992126
-3.445309
235.166794
124.749420
364.992462
4.553490
235.166641
132.753235
364.992310
12.554527
235.166748
140.748901
364.992676
20.553780
235.166672
148.753143
364.992920
28.554287
235.165924
156.748352
364.993378
36.554188
235.166672
164.753220
364.993286
44.554638
235.165939
172.748856
364.992798
52.554672
235.165863
180.753418
364.993408
60.554527
235.166046
188.748230
364.993469
68.554512
235.166000
196.752808
364.994415
76.554512
235.166016
204.748718
364.993866
84.554565
235.165558
212.752625
364.993347
92.555542
235.165192
220.748383
364.992981
100.554237
235.165054
228.753159
364.991669
108.556473
235.165558
236.749985
364.993958
116.554047
235.165863
244.752808
364.993805
124.554710
235.164795
252.747894
364.994019
132.554169
235.164047
260.752899
364.993317
140.556168
235.164124
268.748047
364.993195
148.555069
235.164642
276.752167
364.994263
156.556091
235.165787
284.749664
364.994659
164.553741
235.164322
292.752808
364.993042
172.556122
235.164459
300.749268
364.994019
180.554840
235.164566
308.753052
364.993500
188.555054
235.164719
316.748810
364.992706
196.554947
235.164703
324.752869
364.992401
204.555801
235.165222
332.748474
364.993683
212.554504
235.165680
340.752411
364.993805
220.555420
235.164825
348.749054
364.993347
228.554855
235.163498
356.753113
364.993134
236.558273
235.163666
364.751831
364.993042
244.549591
235.162216
372.751953
364.996765
252.546982
235.158615
380.637695
364.918396
-59.410881
243.137268
68.721581
373.016846
-51.436478
243.166260
76.755051
372.996307
-43.440159
243.160614
84.749199
372.997314
-35.440159
243.162506
92.749603
372.996796
-27.440014
243.161713
100.752296
372.995819
-19.440544
243.162018
108.748642
372.996246
-11.440254
243.162842
116.751823
372.995605
-3.440777
243.162262
124.749985
372.996277
4.559303
243.162354
132.751038
372.996765
12.559502
243.162170
140.749222
372.997314
20.559338
243.161484
148.751221
372.996857
28.559891
243.161514
156.749359
372.996918
36.559776
243.161346
164.751541
372.996826
44.559933
243.161758
172.749695
372.997253
52.559551
243.161575
180.751129
372.996887
60.559452
243.161896
188.749634
372.996826
68.559601
243.161575
196.750946
372.996277
76.559784
243.161697
204.749161
372.996674
84.560219
243.161560
212.751404
372.996887
92.560257
243.161652
220.748718
372.995575
100.560982
243.160721
228.753235
372.994507
108.561104
243.161591
236.750153
372.995819
116.559540
243.161270
244.751831
372.996246
124.560257
243.161041
252.749207
372.995300
132.560272
243.160629
260.752075
372.994873
140.561188
243.162354
268.751709
372.995544
148.559494
243.161652
276.752289
372.995026
156.560928
243.161743
284.751495
372.996582
164.559265
243.161469
292.751892
372.995850
172.560211
243.162430
300.750244
372.995483
180.559845
243.161499
308.752472
372.995422
188.560776
243.161270
316.750366
372.996338
196.559555
243.160965
324.750732
372.995056
204.560669
243.161530
332.750793
372.996216
212.559174
243.162018
340.751282
372.996155
220.559418
243.162338
348.750427
372.994995
228.560364
243.160767
356.752228
372.993896
236.563446
243.164810
364.755310
372.994141
244.557571
243.164261
372.755188
372.999390
252.551773
243.168915
380.636292
372.919891
-59.420307
251.075287
68.672920
380.992401
-51.409939
251.062653
76.639343
380.986511
-43.411373
251.057404
84.631386
380.994049
-35.410934
251.059357
92.629822
380.992218
-27.411774
251.058807
100.632492
380.993164
-19.411572
251.059692
108.630203
380.993164
-11.411850
251.058456
116.632309
380.993164
-3.411972
251.058929
124.629753
380.992920
4.588326
251.058685
132.631790
380.992950
12.588589
251.059021
140.629791
380.992401
20.588539
251.058914
148.632019
380.992859
28.588673
251.059357
156.630219
380.992798
36.588387
251.058975
164.632080
380.993073
44.588551
251.059174
172.630035
380.992676
52.588451
251.058838
180.631958
380.992889
60.588409
251.059158
188.629791
380.992493
68.588356
251.058929
196.631866
380.992737
76.588318
251.059265
204.629944
380.992371
84.588455
251.058990
212.632294
380.992432
92.589188
251.059875
220.630005
380.991150
100.588348
251.058914
228.633591
380.991425
108.588516
251.061035
236.630997
380.991516
116.587402
251.059570
244.631866
380.991669
124.587784
251.061462
252.630127
380.991180
132.587708
251.059433
260.633423
380.990967
140.588135
251.061340
268.630798
380.991364
148.587494
251.059555
276.632111
380.991638
156.587402
251.061188
284.630249
380.991699
164.588593
251.059204
292.632812
380.991669
172.587311
251.060669
300.630554
380.991760
180.587372
251.058868
308.631683
380.992096
188.588379
251.060379
316.629944
380.991272
196.587463
251.059509
324.632812
380.992188
204.586975
251.061066
332.629517
380.991302
212.588257
251.059555
340.631622
380.991608
220.587234
251.061035
348.630035
380.991821
228.587967
251.059570
356.632812
380.991089
236.588440
251.061188
364.631958
380.991089
244.586060
251.067245
372.641937
380.992432
252.557251
251.079193
380.604187
380.943481
-120.735992
-119.824341
137.651215
135.831116
-104.735611
-119.815964
153.648361
135.829193
-88.732697
-119.812660
169.648804
135.830322
-72.732559
-119.812653
185.648819
135.830353
-56.732132
-119.812218
201.648514
135.830338
-40.732239
-119.812187
217.648636
135.830383
-24.732101
-119.812180
233.648499
135.830399
-8.732239
-119.812241
249.648682
135.830490
7.268005
-119.812157
265.648499
135.830414
23.267761
-119.812271
281.648651
135.830505
39.267975
-119.812157
297.648560
135.830414
55.267807
-119.812164
313.648682
135.830414
71.267929
-119.812134
329.648499
135.830276
87.267715
-119.812210
345.648804
135.830429
103.268021
-119.812080
361.648529
135.830292
119.267792
-119.812149
377.648743
135.830353
135.267776
-119.812057
393.648315
135.830231
151.267639
-119.811668
409.649078
135.830261
167.267212
-119.813492
425.650024
135.830002
183.263535
-119.824463
441.652100
135.828430
-120.740448
-103.833443
137.650009
151.827881
-104.742599
-103.825562
153.651428
151.825333
-88.737274
-103.824661
169.655090
151.824799
-72.737122
-103.824707
185.655609
151.824249
-56.736526
-103.824478
201.655518
151.824097
-40.736572
-103.824524
217.655533
151.824310
-24.736465
-103.824265
233.655289
151.824356
-8.736603
-103.824562
249.655502
151.824188
7.263489
-103.824448
265.655396
151.824158
23.263397
-103.824684
281.655518
151.824234
39.263504
-103.824478
297.655334
151.824203
55.263412
-103.824806
313.655579
151.824127
71.263596
-103.824509
329.655457
151.824066
87.263474
-103.824532
345.655701
151.824356
103.263535
-103.824203
361.655457
151.824158
119.263351
-103.824425
377.655670
151.824188
135.263290
-103.824181
393.655243
151.824051
151.263412
-103.824013
409.654816
151.824341
167.264648
-103.825424
425.657806
151.822861
183.269348
-103.827576
441.659119
151.822815
-120.738190
-87.834488
137.649582
167.825272
-104.740646
-87.824799
153.652802
167.823578
-88.737350
-87.822960
169.656143
167.824066
-72.737213
-87.822449
185.656189
167.823151
-56.736633
-87.821838
201.656189
167.823013
-40.736725
-87.822189
217.656387
167.823090
-24.736526
-87.822014
233.656326
167.822983
-8.736862
-87.822021
249.656403
167.822983
7.263290
-87.822029
265.656189
167.822983
23.263107
-87.822090
281.656342
167.822937
39.263428
-87.821976
297.656311
167.822876
55.263062
-87.822098
313.656433
167.822815
71.263336
-87.822052
329.656433
167.822754
87.263123
-87.822136
345.656647
167.822968
103.263245
-87.822044
361.656372
167.823090
119.263214
-87.821915
377.656525
167.823120
135.263306
-87.821938
393.656494
167.822906
151.262527
-87.821297
409.656067
167.823090
167.263840
-87.822044
425.658325
167.821991
183.269547
-87.825699
441.661377
167.823486
-120.738739
-71.835197
137.649368
183.824966
-104.741180
-71.824516
153.653244
183.823700
-88.738052
-71.823906
169.657043
183.823822
-72.738098
-71.823845
185.657288
183.822968
-56.737595
-71.823189
201.656921
183.822479
-40.737610
-71.823334
217.657227
183.822540
-24.737289
-71.823166
233.657242
183.822327
-8.737579
-71.823097
249.657196
183.822418
7.262543
-71.823158
265.656982
183.822433
23.262344
-71.823265
281.657227
183.822495
39.262634
-71.822968
297.657257
183.822296
55.262543
-71.823074
313.657593
183.822403
71.262466
-71.822937
329.657288
183.822205
87.262436
-71.823181
345.657166
183.822449
103.262772
-71.823044
361.657166
183.822449
119.262695
-71.823212
377.657349
183.822617
135.262604
-71.823029
393.657104
183.822403
151.262054
-71.822273
409.657227
183.822815
167.263184
-71.822762
425.658752
183.821152
183.269958
-71.826439
441.661865
183.823486
-120.738480
-55.835052
137.649460
199.824966
-104.741196
-55.824692
153.652893
199.823532
-88.737823
-55.824158
169.656479
199.824036
-72.738083
-55.823822
185.656418
199.822815
-56.737305
-55.823349
201.656555
199.822540
-40.737503
-55.823463
217.656784
199.822479
-24.737198
-55.823074
233.656754
199.822479
-8.737503
-55.823181
249.656738
199.822495
7.262787
-55.823128
265.656769
199.822510
23.262527
-55.823273
281.656769
199.822403
39.262848
-55.822937
297.656921
199.822540
55.262543
-55.823059
313.656860
199.822632
71.262741
-55.823082
329.656708
199.822220
87.262405
-55.823799
345.656708
199.822525
103.262955
-55.823151
361.656677
199.822632
119.262756
-55.823524
377.656982
199.822479
135.262711
-55.823509
393.656860
199.822449
151.262024
-55.822701
409.656738
199.822876
167.263153
-55.822960
425.658630
199.821167
183.269684
-55.826866
441.661438
199.823547
-120.738678
-39.835129
137.649338
215.824829
-104.741211
-39.824860
153.653183
215.823456
-88.738174
-39.823990
169.656647
215.823654
-72.737976
-39.823700
185.656860
215.822739
-56.737534
-39.823074
201.657028
215.822311
-40.737335
-39.823212
217.657227
215.822372
-24.737289
-39.822983
233.657028
215.822144
-8.737579
-39.823235
249.656876
215.822479
7.262756
-39.823067
265.657104
215.822189
23.262466
-39.823227
281.657257
215.822433
39.262634
-39.823044
297.657166
215.822250
55.262512
-39.823097
313.657318
215.822449
71.262619
-39.823349
329.656952
215.822144
87.262299
-39.823723
345.656799
215.822235
103.262787
-39.823273
361.657013
215.822266
119.262833
-39.823486
377.657379
215.822449
135.262421
-39.823685
393.657043
215.822098
151.261978
-39.822754
409.657104
215.822571
167.262878
-39.823273
425.658783
215.821091
183.269730
-39.826706
441.661713
215.823334
-120.738480
-23.835129
137.649338
231.824982
-104.741302
-23.824753
153.653122
231.823593
-88.737747
-23.824181
169.656693
231.823822
-72.738052
-23.823792
185.656723
231.822815
-56.737061
-23.822845
201.656876
231.822418
-40.737427
-23.823013
217.657089
231.822510
-24.737045
-23.822861
233.656799
231.822693
-8.737335
-23.823059
249.656647
231.822479
7.262985
-23.822990
265.656708
231.822418
23.262573
-23.823204
281.656769
231.822510
39.262878
-23.823212
297.656860
231.822433
55.262650
-23.823204
313.656860
231.822632
71.262970
-23.823135
329.656921
231.822540
87.262558
-23.823540
345.656616
231.822388
103.262985
-23.823517
361.656799
231.822662
119.262604
-23.823662
377.656799
231.822418
135.262924
-23.823578
393.656738
231.822327
151.262054
-23.822693
409.656616
231.822632
167.263168
-23.823189
425.658569
231.821350
183.269714
-23.826904
441.661163
231.823456
-120.738693
-7.835114
137.649323
247.824860
-104.741180
-7.824837
153.653214
247.823425
-88.738052
-7.823929
169.656845
247.823669
-72.738068
-7.823822
185.657196
247.822571
-56.737534
-7.823082
201.657089
247.822159
-40.737534
-7.823105
217.657333
247.822479
-24.737183
-7.823013
233.657257
247.822266
-8.737045
-7.822830
249.657486
247.822815
7.262878
-7.822861
265.657074
247.822235
23.262650
-7.823059
281.657227
247.822372
39.262695
-7.822968
297.657043
247.822144
55.262634
-7.823227
313.657410
247.822357
71.262680
-7.823029
329.657043
247.822250
87.262695
-7.823380
345.657227
247.822418
103.262634
-7.823257
361.657104
247.822174
119.262543
-7.823318
377.657349
247.822372
135.262634
-7.823341
393.657166
247.822174
151.262177
-7.822693
409.657166
247.822510
167.262863
-7.823074
425.658569
247.821121
183.269745
-7.826881
441.661743
247.823578
-120.738403
8.164902
137.649597
263.824890
-104.741257
8.175255
153.653152
263.823334
-88.737869
8.176071
169.656570
263.823853
-72.738098
8.176483
185.656723
263.822784
-56.737366
8.176842
201.656387
263.822357
-40.737091
8.176727
217.657013
263.822540
-24.736969
8.176758
233.656921
263.822754
-8.737030
8.176857
249.657181
263.822815
7.262985
8.177246
265.657104
263.822662
23.262650
8.176682
281.657013
263.822662
39.262787
8.177063
297.656952
263.822449
55.262589
8.176880
313.656860
263.822571
71.262848
8.177193
329.656982
263.822418
87.262573
8.177109
345.656952
263.822388
103.262863
8.177017
361.656982
263.822540
119.262695
8.176682
377.656799
263.822449
135.263000
8.176552
393.656647
263.822205
151.262451
8.177757
409.656708
263.822815
167.263275
8.177078
425.658752
263.821259
183.269638
8.172958
441.661682
263.823547
-120.738693
24.164993
137.649490
279.824646
-104.741165
24.175179
153.653397
279.823456
-88.737991
24.175972
169.656784
279.823792
-72.737946
24.176125
185.657059
279.822632
-56.737595
24.176651
201.656830
279.822205
-40.737579
24.176643
217.657318
279.822510
-24.737335
24.176842
233.657211
279.822235
-8.737579
24.176758
249.657532
279.822510
7.262573
24.177071
265.657318
279.822235
23.262527
24.176903
281.657379
279.822418
39.262589
24.176979
297.657013
279.822174
55.262558
24.176872
313.657501
279.822296
71.262619
24.176826
329.657074
279.822266
87.262695
24.176674
345.657166
279.822540
103.262711
24.176804
361.656921
279.822296
119.262543
24.176697
377.657227
279.822327
135.262375
24.176598
393.656738
279.822144
151.262009
24.177498
409.657166
279.822876
167.262726
24.177002
425.658630
279.821014
183.269730
24.172913
441.661987
279.823364
-120.738464
40.164909
137.649567
295.824799
-104.741074
40.175293
153.653137
295.823486
-88.737885
40.175766
169.656647
295.824036
-72.737869
40.176216
185.656662
295.822754
-56.737152
40.176620
201.656738
295.822540
-40.737427
40.176491
217.656693
295.822723
-24.737015
40.176437
233.656799
295.822510
-8.737274
40.176483
249.656799
295.822479
7.263153
40.176872
265.657104
295.822632
23.262711
40.176765
281.656921
295.822540
39.263046
40.176979
297.656830
295.822510
55.262527
40.176819
313.656769
295.822418
71.262772
40.176834
329.656830
295.822510
87.262482
40.176559
345.657013
295.822632
103.262894
40.176697
361.657043
295.822479
119.262604
40.176590
377.657104
295.822632
135.262680
40.176704
393.657043
295.822510
151.262100
40.177551
409.656891
295.822937
167.263321
40.177055
425.658752
295.821320
183.269440
40.173180
441.661469
295.823425
-120.738663
56.164856
137.649384
311.824890
-104.741165
56.175186
153.653336
311.823395
-88.738022
56.176010
169.656723
311.823792
-72.737946
56.176163
185.656891
311.822754
-56.737442
56.176689
201.656677
311.822327
-40.737457
56.176445
217.656906
311.822357
-24.737183
56.176666
233.656830
311.822174
-8.737320
56.176208
249.657104
311.822510
7.262787
56.176712
265.656982
311.822205
23.262604
56.176697
281.657471
311.822449
39.262680
56.177200
297.657379
311.822174
55.262543
56.176926
313.657440
311.822327
71.262665
56.176918
329.657166
311.822296
87.262665
56.176773
345.657410
311.822418
103.262802
56.176872
361.657166
311.822113
119.262695
56.176422
377.657288
311.822388
135.262527
56.176453
393.656677
311.822205
151.261963
56.177208
409.656891
311.822632
167.262878
56.176857
425.658600
311.821167
183.269699
56.173164
441.661652
311.823303
-120.738464
72.164909
137.649475
327.824890
-104.741196
72.175095
153.652985
327.823395
-88.737823
72.175850
169.656555
327.823944
-72.737946
72.176147
185.656631
327.822784
-56.737411
72.176750
201.656570
327.822479
-40.737457
72.176704
217.656738
327.822479
-24.737106
72.176895
233.656891
327.822479
-8.737549
72.176765
249.656708
327.822449
7.262939
72.176796
265.656860
327.822388
23.262741
72.176788
281.656921
327.822571
39.262955
72.176865
297.656891
327.822540
55.262589
72.176857
313.656677
327.822510
71.262878
72.176651
329.656616
327.822510
87.262726
72.176743
345.656860
327.822510
103.263123
72.176971
361.656982
327.822449
119.262802
72.176750
377.656982
327.822540
135.263000
72.176521
393.656799
327.822479
151.262100
72.177414
409.656525
327.822754
167.263229
72.176788
425.658691
327.821350
183.269653
72.173035
441.661438
327.823517
-120.738647
88.164894
137.649353
343.824860
-104.741241
88.175171
153.653183
343.823425
-88.738098
88.175919
169.656723
343.823730
-72.737976
88.176140
185.656998
343.822784
-56.737473
88.176872
201.656845
343.822235
-40.737473
88.176727
217.657333
343.822388
-24.737259
88.176910
233.657150
343.822266
-8.737335
88.176628
249.657318
343.822388
7.262634
88.176720
265.657043
343.822266
23.262711
88.176773
281.657410
343.822479
39.262619
88.176918
297.657104
343.822205
55.262573
88.176704
313.657104
343.822388
71.262665
88.176765
329.656982
343.822205
87.262589
88.176666
345.657288
343.822418
103.262711
88.176781
361.657227
343.822327
119.262665
88.176697
377.657410
343.822388
135.262558
88.176453
393.656982
343.822174
151.261993
88.177216
409.656860
343.822662
167.262863
88.177292
425.658539
343.821106
183.269592
88.173035
441.661713
343.823303
-120.738434
104.164871
137.649460
359.824951
-104.741241
104.175179
153.652969
359.823517
-88.737869
104.175697
169.656570
359.823944
-72.738007
104.176117
185.656525
359.822876
-56.737350
104.176712
201.656540
359.822571
-40.737518
104.176674
217.656799
359.822601
-24.737137
104.176804
233.656738
359.822510
-8.737442
104.176811
249.656769
359.822479
7.262909
104.176865
265.656799
359.822418
23.262543
104.176697
281.656830
359.822601
39.262878
104.176811
297.656799
359.822510
55.262497
104.176643
313.656677
359.822479
71.262833
104.176811
329.656616
359.822449
87.262482
104.176605
345.656799
359.822540
103.262894
104.176979
361.656860
359.822510
119.262695
104.176788
377.657043
359.822510
135.262924
104.176674
393.656982
359.822327
151.262222
104.177284
409.656799
359.822754
167.263245
104.177063
425.658569
359.821350
183.269516
104.172951
441.661407
359.823547
-120.738708
120.164932
137.649307
375.824768
-104.741333
120.175148
153.653091
375.823364
-88.738174
120.175934
169.656601
375.823639
-72.738098
120.176193
185.656799
375.822693
-56.737656
120.176865
201.656601
375.822235
-40.737549
120.176598
217.656998
375.822388
-24.737457
120.176895
233.656891
375.822174
-8.737442
120.176781
249.657104
375.822266
7.262634
120.176865
265.656921
375.822144
23.262512
120.176712
281.657043
375.822296
39.262680
120.176834
297.656921
375.822266
55.262512
120.176468
313.657166
375.822327
71.262665
120.176704
329.656952
375.822174
87.262451
120.176483
345.657227
375.822388
103.262497
120.176682
361.656952
375.822205
119.262558
120.176796
377.657288
375.822388
135.262405
120.176712
393.657043
375.822174
151.261856
120.177437
409.656982
375.822693
167.262726
120.177017
425.658569
375.820862
183.269623
120.173164
441.661926
375.823334
-120.738556
136.164917
137.649673
391.824768
-104.741516
136.174911
153.653351
391.823334
-88.738174
136.175568
169.656769
391.823669
-72.738327
136.175934
185.656708
391.822693
-56.737610
136.176453
201.656784
391.822449
-40.737778
136.176300
217.657028
391.822479
-24.737625
136.176575
233.656998
391.822388
-8.737808
136.176544
249.657150
391.822449
7.262497
136.176559
265.656952
391.822357
23.262161
136.176498
281.657013
391.822449
39.262527
136.176697
297.656982
391.822418
55.262161
136.176453
313.657043
391.822388
71.262650
136.176819
329.657043
391.822327
87.262161
136.176559
345.657043
391.822357
103.262604
136.176620
361.656891
391.822327
119.262283
136.176407
377.657043
391.822449
135.262299
136.176086
393.656982
391.822357
151.261810
136.177216
409.656738
391.822510
167.263000
136.176941
425.658600
391.821198
183.269333
136.173218
441.661377
391.823364
-120.739212
152.165375
137.649399
407.824860
-104.742264
152.175323
153.654053
407.823303
-88.738968
152.176331
169.656769
407.823029
-72.738815
152.176849
185.657288
407.822296
-56.738754
152.177429
201.657028
407.821747
-40.738770
152.177155
217.657227
407.821838
-24.738556
152.177063
233.657074
407.821625
-8.738586
152.176895
249.657288
407.821899
7.261536
152.177216
265.657104
407.821686
23.261490
152.177109
281.657227
407.821960
39.261658
152.177368
297.657227
407.821716
55.261414
152.176941
313.657288
407.821930
71.261505
152.177246
329.657074
407.821716
87.261688
152.177017
345.657227
407.822083
103.261475
152.177231
361.656891
407.821655
119.261734
152.177246
377.657349
407.821991
135.261322
152.177002
393.656952
407.821655
151.261292
152.177795
409.656799
407.821808
167.262283
152.177094
425.657593
407.820801
183.268692
152.173279
441.661163
407.824127
-120.737213
168.165771
137.649780
423.824646
-104.740845
168.173889
153.652893
423.821594
-88.737686
168.174393
169.655258
423.823364
-72.738556
168.174850
185.654861
423.822632
-56.737915
168.174988
201.654617
423.822479
-40.738190
168.174744
217.654785
423.822601
-24.737656
168.174927
233.654724
423.822388
-8.738113
168.174683
249.654892
423.822510
7.262314
168.174622
265.654938
423.822571
23.261841
168.174561
281.655029
423.822571
39.262238
168.174835
297.655029
423.822693
55.261841
168.174286
313.654999
423.822784
71.262421
168.174622
329.655090
423.822693
87.261826
168.174194
345.655273
423.822754
103.262451
168.174530
361.655334
423.822632
119.262054
168.174500
377.655396
423.822815
135.262238
168.174088
393.655090
423.822662
151.261169
168.175293
409.654846
423.822418
167.262726
168.175110
425.656708
423.821594
183.267700
168.172852
441.660461
423.824341
-120.739349
184.166794
137.654755
439.824585
-104.739227
184.168579
153.657440
439.820465
-88.740280
184.166016
169.659775
439.820587
-72.740555
184.165588
185.659424
439.820435
-56.740311
184.165482
201.659637
439.819946
-40.740311
184.165344
217.659760
439.820160
-24.740341
184.165482
233.659683
439.819794
-8.740402
184.165527
249.659790
439.819977
7.259598
184.165359
265.659668
439.819855
23.259644
184.165375
281.659790
439.820160
39.259491
184.165283
297.659668
439.819977
55.259689
184.165176
313.659821
439.820251
71.259415
184.165405
329.659424
439.819885
87.259506
184.165298
345.659729
439.820099
103.259567
184.165344
361.659607
439.819855
119.259430
184.165268
377.659668
439.820282
135.259659
184.165253
393.659607
439.819916
151.259491
184.165970
409.659668
439.820221
167.260406
184.167923
425.659424
439.818756
183.266861
184.168060
441.662537
439.820740
-239.746750
-238.915771
272.036316
273.852875
-207.733459
-238.903534
304.037720
273.859558
-175.735687
-238.903809
336.037048
273.860809
-143.735123
-238.903763
368.037231
273.860962
-111.735794
-238.902084
400.037689
273.861084
-79.735794
-238.903229
432.037506
273.861542
-47.736053
-238.902832
464.037994
273.861481
-15.735901
-238.902649
496.038239
273.861298
16.265091
-238.901352
528.037964
273.860199
48.260651
-238.892151
560.026489
273.862122
-239.739319
-206.902664
272.039520
305.843475
-207.723846
-206.889893
304.036957
305.843842
-175.723969
-206.889572
336.036377
305.844269
-143.723984
-206.889908
368.036591
305.844574
-111.724686
-206.888107
400.037384
305.844971
-79.724289
-206.888489
432.036713
305.845520
-47.723969
-206.888031
464.036591
305.845825
-15.723602
-206.887253
496.036865
305.845551
16.276794
-206.887451
528.037231
305.842285
48.277451
-206.885757
560.037476
305.851410
-239.738678
-174.905045
272.042969
337.843475
-207.720139
-174.893372
304.041687
337.842773
-175.719482
-174.892700
336.040863
337.843475
-143.718811
-174.893021
368.041656
337.843170
-111.718933
-174.891098
400.042938
337.843292
-79.718369
-174.891495
432.042145
337.843475
-47.718109
-174.890503
464.042145
337.843445
-15.717728
-174.890625
496.042419
337.843475
16.281693
-174.889679
528.042480
337.840576
48.279968
-174.888000
560.040405
337.849884
-239.738800
-142.904861
272.043701
369.845459
-207.720764
-142.892715
304.041718
369.844604
-175.719437
-142.891708
336.040863
369.845367
-143.719070
-142.891998
368.041107
369.843964
-111.719604
-142.890228
400.042236
369.844086
-79.718719
-142.891174
432.041626
369.843781
-47.718979
-142.889908
464.041473
369.843781
-15.718140
-142.889999
496.041595
369.843811
16.281204
-142.888931
528.042480
369.840210
48.279755
-142.887817
560.040527
369.849762
-239.739395
-110.904266
272.043427
401.843964
-207.721878
-110.893051
304.042480
401.843231
-175.721054
-110.892395
336.041840
401.844116
-143.720642
-110.892410
368.041870
401.842834
-111.721375
-110.890594
400.042389
401.843231
-79.720886
-110.891449
432.042114
401.843414
-47.720657
-110.890167
464.042175
401.843018
-15.720093
-110.890472
496.042542
401.842743
16.280029
-110.889297
528.043701
401.839996
48.279587
-110.888107
560.040344
401.849274
-239.739853
-78.903976
272.042847
433.842682
-207.722366
-78.893188
304.042633
433.842194
-175.721985
-78.892166
336.042480
433.842560
-143.721558
-78.892563
368.042175
433.841400
-111.721802
-78.890411
400.043091
433.841705
-79.721497
-78.891495
432.042389
433.841949
-47.721008
-78.890228
464.041962
433.841705
-15.720322
-78.890457
496.042053
433.841125
16.279251
-78.889374
528.043823
433.837799
48.279282
-78.887833
560.040771
433.848267
-239.739395
-46.903046
272.043396
465.842407
-207.721924
-46.894073
304.042542
465.841370
-175.720871
-46.892639
336.042236
465.841766
-143.721069
-46.893326
368.041840
465.840820
-111.721069
-46.892059
400.043091
465.840546
-79.720886
-46.892380
432.042114
465.841003
-47.720947
-46.891510
464.041748
465.840454
-15.720001
-46.891068
496.042267
465.840118
16.279953
-46.890045
528.043762
465.837524
48.278946
-46.887787
560.041870
465.847839
-239.739166
-14.902847
272.042511
497.842712
-207.721985
-14.892914
304.041992
497.840179
-175.720734
-14.891418
336.041473
497.841431
-143.720840
-14.892136
368.040985
497.840027
-111.720840
-14.891296
400.042145
497.840363
-79.720688
-14.891266
432.041260
497.840363
-47.720398
-14.889816
464.041412
497.839783
-15.719467
-14.889481
496.041901
497.839417
16.281067
-14.888336
528.043518
497.837463
48.280029
-14.887543
560.041687
497.848053
-239.739502
17.098022
272.040619
529.841064
-207.723312
17.107346
304.041626
529.839111
-175.722641
17.108749
336.041901
529.839661
-143.722244
17.108261
368.041901
529.838989
-111.722610
17.109756
400.042664
529.839233
-79.722595
17.109497
432.041504
529.839722
-47.722122
17.111282
464.042328
529.838867
-15.721619
17.110260
496.042023
529.838867
16.279404
17.111099
528.043152
529.837402
48.279968
17.112091
560.042969
529.848022
-239.730423
49.103989
272.045685
561.845947
-207.725006
49.111588
304.053162
561.844116
-175.723816
49.110229
336.053284
561.846191
-143.723969
49.110138
368.053833
561.845947
-111.723740
49.111526
400.053955
561.845886
-79.723724
49.111557
432.053711
561.846008
-47.723602
49.111237
464.054352
561.844910
-15.723343
49.110870
496.054382
561.844238
16.276474
49.112518
528.055542
561.843567
48.275711
49.116333
560.061462
561.848389
