-59.430237
-60.895477
68.697281
68.942688
-51.414513
-60.864517
76.742844
68.932327
-43.415928
-60.870491
84.745239
68.933777
-35.414165
-60.870056
92.742622
68.935776
-27.414703
-60.870743
100.745003
68.935059
-19.413910
-60.870789
108.742981
68.935936
-11.414856
-60.870537
116.745193
68.934448
-3.413708
-60.870201
124.742790
68.935310
4.585510
-60.870735
132.744141
68.934814
12.586403
-60.871185
140.743011
68.935501
20.585129
-60.871185
148.744705
68.934540
28.585880
-60.870964
156.742859
68.935341
36.585152
-60.871033
164.744324
68.934967
44.585945
-60.870392
172.742966
68.935104
52.584976
-60.870827
180.744583
68.934914
60.585007
-60.870056
188.741913
68.935020
68.584656
-60.870407
196.744354
68.934326
76.585442
-60.869858
204.741333
68.934967
84.584747
-60.870186
212.743744
68.934357
92.585938
-60.870201
220.741638
68.934914
100.584290
-60.869934
228.743103
68.934029
108.585541
-60.870644
236.741180
68.935310
116.585022
-60.870514
244.744080
68.934113
124.585815
-60.870361
252.742126
68.934929
132.584930
-60.870430
260.744049
68.934135
140.585953
-60.870171
268.742249
68.934906
148.585220
-60.870216
276.744843
68.934181
156.586121
-60.869980
284.741882
68.935066
164.584808
-60.870796
292.743591
68.934479
172.586029
-60.870567
300.742493
68.934914
180.585449
-60.870438
308.744385
68.934708
188.585602
-60.869728
316.742798
68.935265
196.585114
-60.870399
324.744629
68.934334
204.585907
-60.869789
332.742004
68.934914
212.585236
-60.870407
340.744293
68.934868
220.585785
-60.870651
348.741974
68.935608
228.585159
-60.871170
356.744324
68.935036
236.585526
-60.869537
364.739624
68.932686
244.580246
-60.878891
372.749084
68.942932
252.583344
-60.894814
380.670654
68.931084
-59.404152
-52.847565
68.712036
77.011818
-51.439209
-52.835968
76.748314
76.992599
-43.443188
-52.846703
84.748222
76.991188
-35.444462
-52.846169
92.745140
76.991463
-27.444763
-52.845406
100.749420
76.991264
-19.444080
-52.845894
108.745575
76.991531
-11.444271
-52.845627
116.750404
76.991676
-3.444386
-52.846008
124.745300
76.991295
4.555801
-52.845459
132.749649
76.991112
12.556038
-52.845604
140.745789
76.991051
20.555664
-52.845123
148.750305
76.991501
28.555614
-52.845718
156.745605
76.991638
36.556004
-52.845718
164.749756
76.991768
44.555977
-52.846794
172.745850
76.991737
52.556305
-52.846443
180.749344
76.991829
60.556229
-52.847580
188.745163
76.992195
68.556160
-52.847359
196.748779
76.992813
76.556038
-52.848015
204.744400
76.992645
84.556068
-52.847191
212.748627
76.992432
92.556076
-52.847168
220.745605
76.992020
100.555511
-52.847008
228.748047
76.992157
108.556061
-52.846855
236.744049
76.992195
116.556137
-52.846626
244.749451
76.992081
124.555931
-52.846786
252.745392
76.992004
132.555359
-52.845947
260.748779
76.991333
140.555847
-52.846741
268.745117
76.991180
148.555847
-52.846031
276.749329
76.991692
156.556076
-52.846863
284.744751
76.991890
164.555466
-52.846039
292.748566
76.991570
172.556030
-52.846512
300.745148
76.991417
180.556015
-52.845551
308.749634
76.991608
188.556152
-52.846588
316.746063
76.991882
196.555618
-52.845879
324.749420
76.991814
204.555405
-52.846573
332.744751
76.990921
212.555939
-52.846054
340.748444
76.992279
220.556168
-52.846786
348.745056
76.992462
228.556061
-52.846703
356.749146
76.992035
236.556946
-52.847458
364.746216
76.992455
244.550446
-52.848328
372.743500
76.993256
252.547699
-52.851845
380.634277
76.913132
-59.408207
-44.854652
68.712967
85.013908
-51.438976
-44.832489
76.756538
84.991226
-43.440674
-44.840431
84.749466
84.995995
-35.441853
-44.839966
92.748749
84.996323
-27.442577
-44.838982
100.749847
84.995979
-19.441673
-44.840820
108.748360
84.996635
-11.442276
-44.839340
116.750229
84.996262
-3.441368
-44.840881
124.748505
84.996819
4.557625
-44.839104
132.750092
84.995789
12.558479
-44.840668
140.748657
84.996117
20.557404
-44.838898
148.750290
84.995354
28.558475
-44.840820
156.748810
84.996567
36.557728
-44.839226
164.750031
84.996124
44.558689
-44.841354
172.748688
84.996727
52.557945
-44.839371
180.750214
84.996101
60.558430
-44.840576
188.748657
84.995728
68.557816
-44.838554
196.750626
84.994675
76.558640
-44.839478
204.749054
84.994812
84.558067
-44.838013
212.751205
84.994461
92.558327
-44.839668
220.750092
84.995125
100.557877
-44.837715
228.751099
84.994301
108.558243
-44.839699
236.749741
84.994667
116.557785
-44.837875
244.751251
84.994469
124.558456
-44.839966
252.749588
84.995224
132.557571
-44.838654
260.751160
84.995148
140.558273
-44.840256
268.749084
84.995590
148.557388
-44.838707
276.751099
84.994789
156.558472
-44.839661
284.748901
84.994949
164.557373
-44.837929
292.751343
84.993706
172.558243
-44.839508
300.749634
84.994850
180.557236
-44.838127
308.750671
84.994667
188.558365
-44.840401
316.748596
84.995491
196.557648
-44.838890
324.750977
84.995850
204.558212
-44.839966
332.749115
84.996162
212.557281
-44.838249
340.750519
84.994781
220.558441
-44.840218
348.749695
84.995285
228.557510
-44.838753
356.751373
84.995522
236.560181
-44.839195
364.751587
84.994965
244.550476
-44.840759
372.748322
85.000366
252.546234
-44.841728
380.636963
84.922623
-59.405117
-36.853577
68.713783
93.011864
-51.437855
-36.829514
76.756905
92.986626
-43.439724
-36.837479
84.752609
92.990501
-35.440948
-36.835129
92.750298
92.990990
-27.441891
-36.835167
100.753677
92.990700
-19.441101
-36.835411
108.750191
92.991196
-11.441826
-36.835144
116.753647
92.990685
-3.441170
-36.835480
124.750160
92.991119
4.558273
-36.835106
132.753494
92.990845
12.558750
-36.835419
140.749924
92.991127
20.558128
-36.835068
148.753662
92.990883
28.558689
-36.835480
156.750031
92.991142
36.558186
-36.835190
164.753571
92.990845
44.558842
-36.835609
172.750031
92.991226
52.558220
-36.835129
180.753433
92.990875
60.558865
-36.835434
188.750153
92.991356
68.558083
-36.835190
196.753693
92.991180
76.558632
-36.835571
204.750168
92.991714
84.557922
-36.835396
212.753174
92.991249
92.558617
-36.835983
220.749878
92.991692
100.558182
-36.835464
228.753113
92.991249
108.558609
-36.835922
236.749985
92.991768
116.558128
-36.835457
244.753235
92.991302
124.558655
-36.835907
252.749878
92.991425
132.558121
-36.835320
260.753113
92.990929
140.558807
-36.835678
268.750092
92.991379
148.558212
-36.835335
276.753448
92.990936
156.558762
-36.835594
284.750214
92.991348
164.558105
-36.835228
292.753571
92.991104
172.558578
-36.835754
300.750061
92.991463
180.558121
-36.835251
308.753448
92.991005
188.558685
-36.835663
316.750061
92.991089
196.558121
-36.835159
324.753418
92.990860
204.558853
-36.835594
332.750183
92.991409
212.558304
-36.835281
340.753632
92.991158
220.558807
-36.835815
348.750427
92.991730
228.557892
-36.835983
356.753021
92.991760
236.560806
-36.836082
364.752045
92.991264
244.551285
-36.837227
372.751892
92.997322
252.544678
-36.840523
380.637604
92.919891
-59.407303
-28.854416
68.713181
101.013199
-51.437759
-28.829262
76.756790
100.989151
-43.439911
-28.837082
84.751816
100.992592
-35.441978
-28.835060
92.750580
100.993446
-27.442490
-28.834641
100.752487
100.992233
-19.442089
-28.835175
108.750427
100.993431
-11.442680
-28.834763
116.752602
100.992180
-3.442158
-28.835091
124.750320
100.993523
4.557190
-28.834816
132.752518
100.992294
12.557808
-28.835220
140.750259
100.993553
20.557487
-28.834641
148.752441
100.992218
28.557854
-28.835136
156.750366
100.993469
36.557499
-28.834717
164.752701
100.992256
44.557888
-28.835358
172.750458
100.993500
52.557556
-28.834846
180.752625
100.992180
60.557888
-28.835251
188.750336
100.993591
68.557419
-28.834824
196.752441
100.992195
76.557983
-28.835312
204.750275
100.993507
84.557556
-28.834969
212.752411
100.992203
92.557983
-28.835472
220.750290
100.993492
100.557587
-28.835022
228.752502
100.992233
108.558029
-28.835434
236.750137
100.993462
116.557632
-28.834930
244.752441
100.992172
124.558052
-28.835396
252.750275
100.993446
132.557617
-28.834976
260.752563
100.992157
140.558014
-28.835388
268.750183
100.993454
148.557526
-28.834938
276.752563
100.992165
156.557968
-28.835381
284.750244
100.993530
164.557526
-28.834900
292.752441
100.992180
172.557922
-28.835297
300.750275
100.993423
180.557526
-28.834747
308.752533
100.992180
188.557999
-28.835213
316.750366
100.993484
196.557495
-28.834816
324.752563
100.992233
204.557983
-28.835266
332.750397
100.993530
212.557556
-28.834839
340.752533
100.992271
220.557922
-28.835251
348.750183
100.993492
228.557236
-28.835320
356.752197
100.992729
236.559677
-28.835228
364.752350
100.992996
244.549988
-28.837418
372.751587
100.998810
252.544464
-28.839935
380.636902
100.920807
-59.405098
-20.853508
68.713509
109.011787
-51.437756
-20.829201
76.756683
108.986626
-43.439663
-20.836723
84.752533
108.990425
-35.441059
-20.834503
92.750122
108.991081
-27.442158
-20.834244
100.753510
108.990425
-19.441425
-20.834465
108.749863
108.991165
-11.442726
-20.834610
116.753090
108.990311
-3.441639
-20.834793
124.749519
108.990921
4.557491
-20.834328
132.752563
108.990593
12.558434
-20.835136
140.749725
108.990952
20.557678
-20.834549
148.752686
108.990410
28.558846
-20.834572
156.750107
108.990990
36.557495
-20.834610
164.753235
108.990387
44.558659
-20.834572
172.750153
108.990952
52.557774
-20.834427
180.753159
108.990417
60.558632
-20.834961
188.749908
108.991158
68.557968
-20.834686
196.753265
108.990555
76.558838
-20.834892
204.750061
108.991119
84.557983
-20.834740
212.753448
108.990463
92.558868
-20.834938
220.749924
108.991150
100.558006
-20.834770
228.753433
108.990547
108.558777
-20.835106
236.750031
108.991127
116.558060
-20.834824
244.753387
108.990578
124.558899
-20.834900
252.749878
108.991142
132.558014
-20.834755
260.753693
108.990524
140.558807
-20.834862
268.749817
108.991150
148.557938
-20.834717
276.753540
108.990448
156.558823
-20.834778
284.749908
108.991089
164.557938
-20.834648
292.753479
108.990433
172.558838
-20.834816
300.750000
108.991066
180.557983
-20.834564
308.753357
108.990479
188.558807
-20.834709
316.749939
108.991074
196.557999
-20.834488
324.753448
108.990486
204.558807
-20.834740
332.749939
108.991051
212.558044
-20.834442
340.753479
108.990417
220.558792
-20.834755
348.750000
108.991089
228.557739
-20.835190
356.753052
108.991028
236.560837
-20.835289
364.752319
108.991150
244.550629
-20.836990
372.751678
108.997658
252.544907
-20.840317
380.637634
108.920113
-59.407345
-12.854416
68.713303
117.013206
-51.437752
-12.829224
76.756874
116.989075
-43.439968
-12.837151
84.751877
116.992516
-35.441933
-12.835037
92.750618
116.993439
-27.442398
-12.834702
100.752487
116.992188
-19.441814
-12.835571
108.750198
116.993896
-11.442760
-12.834724
116.752159
116.992706
-3.441879
-12.835526
124.750565
116.993652
4.557076
-12.835098
132.751709
116.992661
12.557991
-12.835518
140.750626
116.994026
20.557297
-12.834702
148.751984
116.991951
28.557915
-12.835159
156.751007
116.993256
36.557289
-12.834473
164.752380
116.992569
44.557777
-12.835197
172.750809
116.993401
52.557125
-12.834755
180.752151
116.992287
60.557823
-12.835449
188.750153
116.993256
68.557365
-12.834984
196.752655
116.992004
76.558029
-12.835373
204.750427
116.993439
84.557495
-12.834732
212.752914
116.992180
92.557838
-12.835320
220.750244
116.993530
100.557426
-12.834648
228.753006
116.992126
108.557831
-12.835136
236.750214
116.993477
116.557404
-12.835007
244.752731
116.992249
124.557938
-12.835304
252.750427
116.993423
132.557526
-12.834801
260.753082
116.992279
140.557861
-12.835136
268.750183
116.993523
148.557281
-12.835052
276.753174
116.992134
156.557816
-12.835213
284.750061
116.993576
164.557556
-12.834846
292.752869
116.992195
172.557999
-12.835289
300.750366
116.993568
180.557526
-12.834854
308.752747
116.992233
188.557999
-12.835251
316.750366
116.993500
196.557556
-12.834839
324.752808
116.992203
204.558014
-12.835220
332.750397
116.993454
212.557526
-12.834763
340.752808
116.992188
220.557922
-12.835121
348.750244
116.993500
228.557373
-12.835335
356.752625
116.992599
236.559174
-12.835106
364.752289
116.992981
244.549713
-12.837585
372.750488
116.999207
252.545410
-12.839836
380.637421
116.921135
-59.405109
-4.853531
68.713463
125.011780
-51.437706
-4.829178
76.756721
124.986656
-43.439674
-4.836761
84.752525
124.990425
-35.441063
-4.834526
92.750031
124.991058
-27.442089
-4.834167
100.753540
124.990311
-19.441101
-4.834450
108.750092
124.990822
-11.442154
-4.833977
116.753090
124.989700
-3.440678
-4.834450
124.750664
124.990738
4.557781
-4.833893
132.752350
124.990067
12.558640
-4.835197
140.750443
124.991203
20.557919
-4.833809
148.753296
124.990509
28.558804
-4.834625
156.749329
124.991119
36.557388
-4.834343
164.752594
124.990227
44.559189
-4.834999
172.749725
124.991364
52.557392
-4.834549
180.752777
124.990685
60.558655
-4.834938
188.749283
124.991379
68.557617
-4.834938
196.753342
124.990379
76.558884
-4.834610
204.749619
124.991280
84.557587
-4.834084
212.753357
124.990669
92.558357
-4.834595
220.749634
124.991096
100.557457
-4.834534
228.752716
124.990463
108.558090
-4.834221
236.749512
124.991051
116.557739
-4.834564
244.752899
124.990776
124.558586
-4.834198
252.749557
124.990715
132.557571
-4.834518
260.753204
124.990425
140.558502
-4.834251
268.749756
124.991013
148.557114
-4.835281
276.753296
124.990578
156.558563
-4.834549
284.749359
124.990906
164.557938
-4.834595
292.753418
124.990387
172.558838
-4.834846
300.749908
124.991196
180.557953
-4.834526
308.753387
124.990402
188.558838
-4.834694
316.749939
124.991020
196.557999
-4.834488
324.753510
124.990448
204.558807
-4.834724
332.750000
124.991020
212.557983
-4.834427
340.753418
124.990440
220.558838
-4.834541
348.749878
124.991020
228.557846
-4.835114
356.753479
124.991142
236.559921
-4.835205
364.751465
124.991386
244.550827
-4.837128
372.751312
124.996864
252.545517
-4.840546
380.638062
124.920074
-59.407322
3.145584
68.713257
133.013214
-51.437721
3.170708
76.756874
132.989120
-43.439888
3.162796
84.751907
132.992554
-35.441978
3.165031
92.750534
132.993347
-27.442497
3.165443
100.752632
132.992401
-19.442047
3.164467
108.751076
132.994202
-11.442593
3.165581
116.752258
132.992401
-3.441692
3.164253
124.750984
132.993988
4.557629
3.165031
132.751709
132.992783
12.557312
3.164001
140.750336
132.994217
20.557316
3.165382
148.752182
132.992676
28.557972
3.164368
156.750488
132.994781
36.556763
3.165237
164.751343
132.992538
44.557961
3.164146
172.749878
132.993744
52.557259
3.165405
180.751007
132.992310
60.557266
3.164917
188.749771
132.993317
68.557602
3.164299
196.753067
132.992767
76.557716
3.164970
204.749634
132.993835
84.557266
3.164902
212.751999
132.992126
92.557983
3.164436
220.750305
132.994110
100.557327
3.165024
228.752014
132.992706
108.557274
3.164818
236.749603
132.993317
116.557388
3.164375
244.752533
132.992981
124.557465
3.164757
252.750320
132.993469
132.557404
3.164268
260.752014
132.991943
140.557724
3.165115
268.749268
132.993439
148.557388
3.164047
276.753052
132.992859
156.557755
3.165092
284.749908
132.993149
164.557999
3.164726
292.752747
132.991974
172.558182
3.164795
300.750488
132.993622
180.557602
3.165115
308.752747
132.992142
188.558029
3.164749
316.750366
132.993469
196.557556
3.165131
324.752747
132.992188
204.558029
3.164772
332.750427
132.993469
212.557526
3.165276
340.752655
132.992218
220.557861
3.165077
348.750244
132.993454
228.557129
3.164421
356.752625
132.992874
236.559433
3.165024
364.751862
132.993042
244.550583
3.162827
372.751221
132.998962
252.545151
3.160103
380.637299
132.921341
-59.405106
11.146454
68.713455
141.011749
-51.437679
11.170845
76.756744
140.986633
-43.439583
11.163254
84.752632
140.990433
-35.441162
11.165512
92.750122
140.991058
-27.442181
11.165657
100.753403
140.990677
-19.441704
11.164482
108.750221
140.991730
-11.441933
11.165764
116.752800
140.990356
-3.440815
11.164856
124.750427
140.991241
4.557877
11.165604
132.752960
140.990570
12.558460
11.164520
140.750000
140.991547
20.557678
11.165665
148.752579
140.990753
28.558743
11.165001
156.749084
140.991852
36.557636
11.165298
164.753418
140.991272
44.558449
11.164375
172.749649
140.991882
52.557594
11.164902
180.752289
140.990906
60.558578
11.165138
188.748932
140.990784
68.558411
11.164368
196.753952
140.990906
76.559059
11.165390
204.749451
140.991364
84.558182
11.165237
212.753357
140.990692
92.558807
11.164452
220.749664
140.991425
100.558289
11.165176
228.753281
140.990784
108.558556
11.164925
236.749969
140.991516
116.558136
11.164780
244.752808
140.991486
124.558472
11.165276
252.749786
140.991364
132.557983
11.165161
260.753418
140.990845
140.558472
11.164597
268.748840
140.991226
148.557907
11.164337
276.753235
140.991089
156.558990
11.165573
284.749756
140.990891
164.558609
11.164909
292.753632
140.990540
172.558746
11.165176
300.749817
140.991333
180.558044
11.165421
308.753540
140.990448
188.558838
11.165276
316.750031
140.991043
196.557999
11.165497
324.753479
140.990479
204.558777
11.165314
332.750000
140.991013
212.557892
11.165604
340.753357
140.990387
220.558670
11.165398
348.749786
140.991119
228.557449
11.164726
356.753601
140.991608
236.560654
11.165131
364.751617
140.991043
244.550873
11.163139
372.751678
140.997116
252.544983
11.159569
380.637726
140.919968
-59.407341
19.145561
68.713257
149.013214
-51.437710
19.170738
76.756943
148.989105
-43.439877
19.162743
84.751968
148.992554
-35.441898
19.164825
92.750526
148.993408
-27.442650
19.164902
100.752266
148.992584
-19.442322
19.164383
108.750656
148.994446
-11.442432
19.164688
116.752869
148.992218
-3.441826
19.164093
124.750664
148.994141
4.557442
19.164490
132.752197
148.992325
12.558258
19.163818
140.750702
148.993958
20.557297
19.164566
148.752243
148.992462
28.557934
19.164795
156.749878
148.993469
36.557281
19.164581
164.751862
148.992188
44.558083
19.164078
172.750916
148.994537
52.557411
19.164330
180.752380
148.992737
60.558094
19.163757
188.749908
148.993652
68.557770
19.163864
196.752991
148.993057
76.558136
19.164085
204.750061
148.993622
84.558060
19.164124
212.752472
148.992554
92.558365
19.163406
220.750687
148.994263
100.557755
19.165024
228.751923
148.992004
108.557953
19.163986
236.750031
148.993683
116.557686
19.164574
244.752686
148.993469
124.557716
19.164215
252.749603
148.994202
132.557159
19.164291
260.752197
148.993042
140.557709
19.163628
268.749146
148.993927
148.557602
19.163925
276.752350
148.992920
156.557739
19.164597
284.749756
148.993134
164.557861
19.164452
292.752380
148.992035
172.558105
19.164528
300.749817
148.993652
180.557571
19.165169
308.752747
148.992065
188.558044
19.164734
316.750458
148.993484
196.557556
19.165161
324.752747
148.992172
204.558014
19.164787
332.750427
148.993484
212.557480
19.165283
340.752655
148.992188
220.557800
19.164948
348.750214
148.993500
228.557053
19.164558
356.752350
148.993164
236.559662
19.165100
364.752045
148.993210
244.549637
19.162666
372.750885
148.998978
252.545181
19.160332
380.637207
148.921204
-59.405128
27.146439
68.713448
157.011780
-51.437675
27.170807
76.756767
156.986679
-43.439602
27.163185
84.752571
156.990448
-35.441208
27.165573
92.750206
156.990967
-27.442123
27.165733
100.752899
156.990173
-19.441360
27.164955
108.750092
156.991379
-11.441467
27.165596
116.753288
156.990936
-3.441578
27.164467
124.749741
156.991379
4.558361
27.165039
132.753387
156.990662
12.559025
27.164398
140.750183
156.991730
20.557922
27.165138
148.753235
156.990692
28.558899
27.164810
156.749390
156.991287
36.558025
27.165085
164.753510
156.990845
44.558708
27.164177
172.749664
156.991638
52.558308
27.164680
180.752960
156.991074
60.559174
27.164062
188.749512
156.991669
68.558228
27.164238
196.753448
156.991653
76.559242
27.164490
204.749573
156.991730
84.558136
27.164413
212.753357
156.990631
92.559242
27.164436
220.750488
156.991852
100.557953
27.165260
228.753448
156.990570
108.558968
27.164825
236.750092
156.991425
116.557327
27.165359
244.752487
156.990768
124.558655
27.165367
252.749710
156.991806
132.557709
27.165367
260.753326
156.990845
140.558975
27.164276
268.749176
156.991516
148.558243
27.164513
276.753174
156.991180
156.559250
27.164787
284.749573
156.991516
164.558075
27.164757
292.753510
156.990784
172.558838
27.164726
300.749756
156.991165
180.558029
27.165367
308.753418
156.990494
188.558807
27.165184
316.750000
156.991028
196.557983
27.165520
324.753448
156.990463
204.558807
27.165283
332.749939
156.991058
212.557922
27.165619
340.753357
156.990387
220.558762
27.165405
348.749817
156.991013
228.557449
27.164993
356.752777
156.990875
236.560486
27.164856
364.751709
156.990860
244.550598
27.163605
372.751678
156.996964
252.544800
27.159904
380.637726
156.919968
-59.407326
35.145569
68.713249
165.013214
-51.437729
35.170715
76.756920
164.989090
-43.439861
35.162788
84.751915
164.992569
-35.441986
35.164894
92.750641
164.993500
-27.442398
35.164948
100.752678
164.992676
-19.442268
35.164406
108.750092
164.993713
-11.442066
35.164413
116.752678
164.992691
-3.441952
35.164047
124.749985
164.994156
4.557701
35.164490
132.752472
164.992630
12.558144
35.163528
140.750122
164.994141
20.557709
35.164474
148.752396
164.992737
28.558197
35.164223
156.750000
164.993652
36.557770
35.164223
164.752792
164.992813
44.557854
35.164124
172.750107
164.993958
52.557877
35.164345
180.752441
164.992493
60.558167
35.163872
188.750031
164.993896
68.557800
35.164597
196.752380
164.992233
76.558342
35.163818
204.750397
164.993973
84.557831
35.164566
212.752319
164.992401
92.558228
35.163933
220.750565
164.994110
100.557541
35.165192
228.752075
164.992462
108.557831
35.164391
236.750275
164.994263
116.557373
35.165337
244.752228
164.992676
124.557434
35.164864
252.749542
164.993744
132.557053
35.164482
260.752594
164.992355
140.558228
35.163986
268.750366
164.993835
148.557526
35.164566
276.751892
164.992294
156.558502
35.164368
284.750275
164.993225
164.557800
35.164452
292.752533
164.992493
172.558075
35.164642
300.750305
164.993622
180.557602
35.164970
308.752655
164.992188
188.558014
35.164696
316.750427
164.993484
196.557556
35.165169
324.752686
164.992172
204.558014
35.164795
332.750366
164.993469
212.557526
35.165306
340.752686
164.992157
220.557831
35.165062
348.750244
164.993347
228.557037
35.164833
356.752197
164.992630
236.559387
35.165070
364.752106
164.992950
244.549713
35.163040
372.750916
164.998718
252.544891
35.160484
380.637054
164.921143
-59.405094
43.146431
68.713478
173.011780
-51.437679
43.170799
76.756790
172.986664
-43.439636
43.163162
84.752586
172.990509
-35.441090
43.165291
92.750153
172.991272
-27.442043
43.165413
100.753372
172.990601
-19.441147
43.165115
108.749931
172.991150
-11.442074
43.165451
116.753410
172.990570
-3.441090
43.164986
124.749763
172.991241
4.557972
43.165298
132.753387
172.990601
12.558891
43.165024
140.749878
172.991135
20.557976
43.165314
148.753296
172.990509
28.558849
43.165031
156.749756
172.991180
36.557976
43.165352
164.753326
172.990509
44.558899
43.165108
172.749908
172.991089
52.557968
43.165359
180.753265
172.990448
60.558910
43.165077
188.749939
172.991165
68.558029
43.165382
196.753448
172.990509
76.558853
43.165016
204.749817
172.991241
84.558083
43.165398
212.753464
172.990540
92.559044
43.165184
220.750046
172.991364
100.557297
43.165840
228.752823
172.990387
108.558594
43.165421
236.749603
172.991547
116.557747
43.165726
244.753357
172.990540
124.558128
43.165756
252.749023
172.990891
132.557663
43.165771
260.753387
172.990265
140.558701
43.165085
268.749664
172.990936
148.558105
43.165283
276.753265
172.990616
156.558670
43.165108
284.749695
172.991058
164.557922
43.165276
292.753235
172.990570
172.558823
43.165222
300.749878
172.991089
180.557999
43.165375
308.753326
172.990509
188.558823
43.165237
316.749969
172.991058
196.557983
43.165474
324.753479
172.990479
204.558807
43.165344
332.749939
172.990997
212.557922
43.165657
340.753387
172.990356
220.558716
43.165512
348.749847
172.990936
228.557465
43.165161
356.752777
172.990753
236.560425
43.165039
364.751678
172.990814
244.550537
43.163689
372.751678
172.996902
252.544800
43.159943
380.637634
172.919983
-59.407352
51.145546
68.713287
181.013214
-51.437721
51.170715
76.756973
180.989090
-43.439919
51.162750
84.751877
180.992584
-35.441929
51.164848
92.750656
180.993484
-27.442387
51.165161
100.752609
180.992340
-19.441990
51.164757
108.750404
180.993469
-11.442406
51.165184
116.752724
180.992188
-3.441971
51.164825
124.750427
180.993439
4.557556
51.165192
132.752701
180.992172
12.558041
51.164719
140.750381
180.993439
20.557571
51.165077
148.752625
180.992157
28.558002
51.164688
156.750320
180.993469
36.557541
51.165001
164.752655
180.992188
44.557999
51.164650
172.750275
180.993469
52.557590
51.165009
180.752670
180.992233
60.558067
51.164658
188.750366
180.993500
68.557625
51.165085
196.752762
180.992157
76.558067
51.164711
204.750458
180.993408
84.557602
51.165237
212.752808
180.992294
92.558220
51.164932
220.750839
180.993591
100.557098
51.165855
228.752136
180.992004
108.557327
51.165413
236.750122
180.992950
116.557587
51.165504
244.752777
180.992172
124.557373
51.165276
252.749542
180.992874
132.557480
51.165291
260.753082
180.991989
140.557877
51.164703
268.750244
180.993393
148.557526
51.165085
276.752625
180.992157
156.558060
51.164604
284.750336
180.993530
164.557556
51.164986
292.752625
180.992218
172.558014
51.164665
300.750366
180.993500
180.557556
51.165070
308.752686
180.992188
188.558044
51.164703
316.750427
180.993500
196.557571
51.165169
324.752716
180.992188
204.558029
51.164818
332.750397
180.993439
212.557480
51.165314
340.752686
180.992157
220.557861
51.165062
348.750244
180.993408
228.556961
51.164925
356.752136
180.992584
236.559357
51.165138
364.752014
180.992905
244.549683
51.163101
372.750885
180.998703
252.544891
51.160500
380.637024
180.921143
-59.405113
59.146446
68.713478
189.011780
-51.437691
59.170799
76.756790
188.986694
-43.439640
59.163177
84.752571
188.990479
-35.441032
59.165352
92.750076
188.991150
-27.442074
59.165558
100.753479
188.990479
-19.441208
59.165298
108.749977
188.991089
-11.442085
59.165543
116.753448
188.990463
-3.441200
59.165245
124.749901
188.991089
4.557949
59.165459
132.753357
188.990524
12.558784
59.165154
140.749908
188.991089
20.557926
59.165344
148.753326
188.990494
28.558830
59.165146
156.749847
188.991104
36.557972
59.165367
164.753326
188.990509
44.558811
59.165092
172.749908
188.991119
52.557999
59.165359
180.753326
188.990479
60.558872
59.165161
188.749954
188.991089
68.558044
59.165436
196.753464
188.990463
76.558853
59.165237
204.749939
188.991089
84.558029
59.165749
212.753357
188.990448
92.558548
59.165863
220.749680
188.991013
100.557495
59.166084
228.753296
188.990387
108.558350
59.165939
236.749329
188.990952
116.557770
59.165367
244.753906
188.990387
124.558876
59.165863
252.749298
188.991104
132.557526
59.165421
260.753845
188.990356
140.558929
59.165154
268.750092
188.991272
148.557953
59.165306
276.753296
188.990509
156.558868
59.165108
284.749878
188.991089
164.557999
59.165359
292.753357
188.990509
172.558807
59.165138
300.749939
188.991058
180.557999
59.165405
308.753387
188.990479
188.558823
59.165230
316.749939
188.991058
196.557999
59.165512
324.753479
188.990479
204.558792
59.165321
332.749908
188.991058
212.557922
59.165665
340.753357
188.990341
220.558716
59.165520
348.749817
188.990936
228.557465
59.165207
356.752777
188.990768
236.560318
59.165070
364.751587
188.990753
244.550461
59.163727
372.751648
188.996857
252.544815
59.159973
380.637665
188.920029
-59.407322
67.145554
68.713280
197.013229
-51.437717
67.170670
76.756943
196.989136
-43.439884
67.162773
84.751907
196.992584
-35.441963
67.164871
92.750626
196.993408
-27.442368
67.165192
100.752625
196.992310
-19.442032
67.164780
108.750381
196.993469
-11.442421
67.165199
116.752708
196.992203
-3.442009
67.164764
124.750381
196.993469
4.557533
67.165092
132.752625
196.992218
12.557995
67.164658
140.750336
196.993500
20.557571
67.165031
148.752670
196.992249
28.557995
67.164635
156.750275
196.993500
36.557606
67.164978
164.752670
196.992218
44.558044
67.164589
172.750320
196.993515
52.557610
67.165031
180.752716
196.992218
60.558071
67.164627
188.750412
196.993500
68.557602
67.165131
196.752808
196.992203
76.558121
67.164780
204.750381
196.993500
84.557632
67.165436
212.752777
196.992081
92.557617
67.165138
220.749847
196.993713
100.556854
67.165916
228.751907
196.991898
108.557892
67.165428
236.750305
196.993408
116.557343
67.165619
244.753387
196.992096
124.557579
67.165771
252.749939
196.992859
132.557144
67.165924
260.752350
196.991913
140.558105
67.164993
268.750671
196.993607
148.557739
67.164902
276.752686
196.992325
156.558044
67.164703
284.750366
196.993500
164.557617
67.164970
292.752686
196.992233
172.558044
67.164597
300.750397
196.993515
180.557617
67.165070
308.752686
196.992218
188.558060
67.164711
316.750427
196.993515
196.557556
67.165176
324.752686
196.992157
204.558044
67.164833
332.750366
196.993469
212.557495
67.165344
340.752686
196.992157
220.557831
67.165092
348.750214
196.993378
228.556976
67.164940
356.752014
196.992554
236.559418
67.165115
364.752136
196.992798
244.549667
67.163208
372.750854
196.998550
252.544708
67.160553
380.637085
196.921143
-59.405094
75.146454
68.713470
205.011780
-51.437691
75.170837
76.756798
204.986633
-43.439613
75.163200
84.752571
204.990479
-35.441067
75.165398
92.750122
204.991135
-27.442081
75.165543
100.753448
204.990479
-19.441204
75.165314
108.749969
204.991043
-11.442093
75.165558
116.753456
204.990387
-3.441185
75.165306
124.749962
204.991058
4.557949
75.165497
132.753387
204.990463
12.558796
75.165192
140.749908
204.991028
20.557980
75.165413
148.753387
204.990463
28.558857
75.165184
156.749908
204.991074
36.557999
75.165367
164.753403
204.990479
44.558823
75.165146
172.749939
204.991058
52.558048
75.165367
180.753433
204.990463
60.558872
75.165161
188.750031
204.991058
68.557907
75.165482
196.753448
204.990448
76.558868
75.165390
204.750046
204.990982
84.557922
75.165695
212.753723
204.990265
92.558701
75.165947
220.749283
204.990829
100.557816
75.166336
228.753326
204.989838
108.558266
75.166046
236.749908
204.990540
116.557175
75.165848
244.754303
204.991302
124.557755
75.165565
252.748489
204.991364
132.557556
75.165482
260.752136
204.990356
140.558975
75.165604
268.749817
204.990677
148.558182
75.165482
276.753448
204.990570
156.558777
75.165390
284.750122
204.991058
164.558029
75.165428
292.753418
204.990479
172.558853
75.165146
300.750000
204.991074
180.557999
75.165436
308.753387
204.990448
188.558868
75.165268
316.749939
204.991058
196.557983
75.165535
324.753479
204.990448
204.558777
75.165337
332.749847
204.991013
212.557922
75.165672
340.753357
204.990326
220.558716
75.165558
348.749756
204.990906
228.557495
75.165207
356.752747
204.990738
236.560562
75.165092
364.751892
204.990692
244.550507
75.163902
372.751678
204.996765
252.544724
75.159912
380.637817
204.919937
-59.407330
83.145554
68.713287
213.013229
-51.437737
83.170708
76.756943
212.989105
-43.439915
83.162758
84.751900
212.992584
-35.441948
83.164894
92.750633
212.993454
-27.442383
83.165207
100.752609
212.992294
-19.442009
83.164803
108.750420
212.993500
-11.442440
83.165215
116.752731
212.992218
-3.442024
83.164780
124.750381
212.993469
4.557579
83.165108
132.752686
212.992249
12.558029
83.164673
140.750366
212.993515
20.557571
83.165070
148.752655
212.992218
28.558041
83.164650
156.750351
212.993500
36.557590
83.165070
164.752640
212.992233
44.558064
83.164680
172.750397
212.993469
52.557690
83.165146
180.752777
212.992218
60.557999
83.164848
188.750580
212.993439
68.557053
83.165070
196.752655
212.992233
76.557861
83.164795
204.750366
212.993591
84.557388
83.165588
212.753067
212.992096
92.558060
83.165459
220.750122
212.993225
100.556732
83.165550
228.752686
212.992081
108.557785
83.165573
236.750656
212.993652
116.555969
83.165298
244.752045
212.993866
124.556488
83.165985
252.749191
212.993912
132.557632
83.164413
260.752289
212.991882
140.558228
83.164978
268.749329
212.993195
148.557693
83.165619
276.753052
212.991760
156.558029
83.164810
284.750519
212.993393
164.557465
83.165207
292.752686
212.992264
172.557938
83.164696
300.750336
212.993576
180.557526
83.165176
308.752747
212.992279
188.557938
83.164848
316.750427
212.993530
196.557480
83.165298
324.752838
212.992218
204.557983
83.164886
332.750427
212.993469
212.557480
83.165390
340.752655
212.992111
220.557816
83.165146
348.750244
212.993347
228.557114
83.165016
356.752136
212.992554
236.559525
83.165070
364.752380
212.992859
244.549774
83.163261
372.750793
212.998596
252.544891
83.160362
380.637329
212.921143
-59.405087
91.146454
68.713501
221.011780
-51.437698
91.170822
76.756790
220.986664
-43.439617
91.163208
84.752594
220.990479
-35.441032
91.165390
92.750114
220.991150
-27.442047
91.165588
100.753464
220.990448
-19.441185
91.165314
108.749985
220.991058
-11.442066
91.165581
116.753487
220.990433
-3.441151
91.165329
124.749985
220.991089
4.557987
91.165543
132.753418
220.990479
12.558861
91.165222
140.750000
220.991089
20.558002
91.165436
148.753387
220.990463
28.558865
91.165237
156.749954
220.991058
36.558037
91.165474
164.753448
220.990463
44.558907
91.165253
172.750015
220.991058
52.558262
91.165382
180.753510
220.990646
60.558475
91.165245
188.749710
220.991028
68.557190
91.165451
196.753204
220.990250
76.558502
91.165199
204.749619
220.990891
84.557915
91.165962
212.753357
220.990448
92.558578
91.166298
220.749908
220.991043
100.556381
91.166687
228.753250
220.990372
108.557159
91.165916
236.748810
220.990799
116.557404
91.165161
244.752533
220.992279
124.558586
91.165230
252.748383
220.993073
132.558258
91.163895
260.753387
220.990448
140.559219
91.164719
268.749756
220.991241
148.558182
91.165482
276.753387
220.990158
156.558929
91.165352
284.750122
220.991119
164.557419
91.165573
292.753326
220.990509
172.558701
91.165268
300.749817
220.991272
180.557556
91.165573
308.753479
220.990234
188.558411
91.165642
316.750000
220.990692
196.557724
91.165588
324.753479
220.990387
204.558655
91.165405
332.749878
220.991058
212.557877
91.165810
340.753326
220.990265
220.558670
91.165634
348.749817
220.990875
228.557495
91.165230
356.752777
220.990799
236.560471
91.164940
364.752075
220.990662
244.550705
91.163879
372.751587
220.996704
252.544754
91.159943
380.637939
220.920044
-59.407326
99.145607
68.713303
229.013214
-51.437778
99.170685
76.756912
228.989136
-43.439926
99.162796
84.751923
228.992554
-35.441963
99.164871
92.750626
228.993408
-27.442364
99.165245
100.752647
228.992294
-19.442001
99.164803
108.750427
228.993469
-11.442383
99.165283
116.752754
228.992188
-3.441940
99.164818
124.750458
228.993469
4.557648
99.165222
132.752747
228.992218
12.558113
99.164742
140.750473
228.993500
20.557678
99.165215
148.752777
228.992218
28.558109
99.164711
156.750549
228.993484
36.557655
99.165215
164.752792
228.992188
44.558083
99.164810
172.750488
228.993408
52.557774
99.165306
180.752899
228.992310
60.557819
99.164993
188.750336
228.993500
68.557182
99.165047
196.752411
228.992188
76.557816
99.164803
204.750275
228.993286
84.557320
99.165436
212.752548
228.992020
92.557098
99.165527
220.749557
228.993530
100.556274
99.164673
228.752411
228.992920
108.557098
99.164635
236.749786
228.994370
116.557274
99.165123
244.750443
228.992004
124.558998
99.164345
252.750046
228.993515
132.558258
99.164436
260.753937
228.992599
140.558487
99.164230
268.749939
228.994293
148.557434
99.165253
276.753326
228.992020
156.557770
99.164909
284.750183
228.993683
164.556732
99.165031
292.752319
228.991821
172.557861
99.164795
300.749847
228.993393
180.557251
99.165550
308.752747
228.992249
188.556854
99.165207
316.749847
228.993088
196.556900
99.164963
324.752350
228.992065
204.557648
99.164612
332.749664
228.993500
212.557556
99.165558
340.752625
228.992004
220.557678
99.165237
348.750275
228.993210
228.557037
99.165062
356.751984
228.992584
236.559570
99.165001
364.752625
228.992859
244.549805
99.163399
372.750671
228.998627
252.544769
99.160400
380.637268
228.921188
-59.405151
107.146484
68.713501
237.011795
-51.437759
107.170898
76.756760
236.986618
-43.439747
107.163208
84.752678
236.990402
-35.441101
107.165390
92.750183
236.991089
-27.442112
107.165512
100.753632
236.990417
-19.441231
107.165268
108.750153
236.990997
-11.442081
107.165520
116.753700
236.990341
-3.441143
107.165253
124.750206
236.991013
4.558002
107.165482
132.753784
236.990448
12.558887
107.165207
140.750290
236.991058
20.558052
107.165466
148.753876
236.990479
28.558929
107.165192
156.750427
236.991058
36.557949
107.165512
164.753937
236.990433
44.558720
107.165321
172.750336
236.991119
52.557774
107.165504
180.753769
236.990845
60.558655
107.165100
188.750198
236.991577
68.557999
107.165314
196.753082
236.990967
76.558823
107.164749
204.749756
236.991135
84.557182
107.165611
212.752686
236.990601
92.557404
107.164932
220.748856
236.991364
100.557785
107.164322
228.752808
236.990799
108.559982
107.164795
236.749603
236.991852
116.558044
107.164742
244.754120
236.991165
124.559036
107.165047
252.749725
236.990845
132.557892
107.165031
260.753906
236.990784
140.559021
107.165176
268.750183
236.991211
148.557678
107.165657
276.753387
236.990433
156.558273
107.165276
284.749207
236.991364
164.557220
107.165062
292.753693
236.990570
172.558823
107.164894
300.749268
236.991440
180.557343
107.165138
308.752930
236.990570
188.558243
107.165108
316.748840
236.990768
196.557388
107.164749
324.752869
236.990601
204.558472
107.164894
332.749512
236.991119
212.557816
107.165558
340.753326
236.990112
220.558640
107.165565
348.750000
236.990845
228.557465
107.165215
356.753021
236.990677
236.560486
107.164963
364.752289
236.991028
244.550232
107.163528
372.751465
236.996765
252.544922
107.159637
380.637817
236.920029
-59.407612
115.145851
68.713387
245.013245
-51.438042
115.170967
76.757065
244.988983
-43.440414
115.163116
84.751991
244.992584
-35.442390
115.165352
92.750793
244.993454
-27.442963
115.165649
100.752953
244.992340
-19.442497
115.165291
108.750618
244.993530
-11.443008
115.165779
116.753113
244.992264
-3.442474
115.165405
124.750664
244.993530
4.556946
115.165939
132.753067
244.992203
12.557365
115.165466
140.750610
244.993408
20.556786
115.165962
148.753113
244.992020
28.557114
115.165352
156.750748
244.993164
36.556671
115.165726
164.752960
244.991943
44.557423
115.165207
172.750458
244.993546
52.557056
115.165718
180.752838
244.992584
60.557503
115.165062
188.750397
244.993866
68.557266
115.165260
196.752701
244.992371
76.557114
115.164841
204.749908
244.993927
84.556305
115.164589
212.752136
244.993286
92.556931
115.163696
220.748474
244.994141
100.557861
115.164703
228.751923
244.992432
108.558670
115.163986
236.751282
244.994019
116.557632
115.164452
244.752960
244.993225
124.557861
115.165459
252.749725
244.994217
132.556305
115.165543
260.752899
244.992065
140.557526
115.165131
268.750183
244.993042
148.556335
115.165451
276.752289
244.992065
156.557648
115.165283
284.750061
244.993744
164.556824
115.165199
292.752930
244.992538
172.558228
115.165115
300.750732
244.994080
180.557068
115.165024
308.752869
244.992767
188.557709
115.165466
316.750092
244.993103
196.557312
115.165573
324.752930
244.992004
204.557831
115.165161
332.750793
244.993652
212.556900
115.165878
340.752808
244.992218
220.557312
115.165619
348.750366
244.993347
228.556580
115.165512
356.752502
244.992554
236.558487
115.165329
364.752411
244.993195
244.549332
115.163109
372.750732
244.998718
252.545090
115.160233
380.637665
244.921509
-59.405907
123.147072
68.713318
253.012024
-51.438736
123.171661
76.756233
252.986572
-43.440910
123.164078
84.751747
252.990494
-35.442291
123.166634
92.749237
252.991119
-27.443382
123.166389
100.752647
252.990692
-19.442532
123.166595
108.749023
252.991150
-11.443443
123.166534
116.752586
252.990707
-3.442558
123.166809
124.749054
252.991241
4.556499
123.166611
132.752655
252.990875
12.557144
123.166924
140.749023
252.991333
20.556190
123.166595
148.752640
252.990891
28.556820
123.166756
156.748795
252.991241
36.556137
123.166412
164.752411
252.990555
44.557522
123.166122
172.748566
252.990875
52.557228
123.166054
180.752594
252.990723
60.558342
123.165779
188.749664
252.991653
68.556610
123.166237
196.752731
252.990646
76.557388
123.165131
204.748810
252.992096
84.556976
123.165100
212.752441
252.991531
92.559158
123.164848
220.749207
252.991364
100.557907
123.164337
228.752701
252.990738
108.559067
123.166122
236.749741
252.991516
116.556480
123.166100
244.753021
252.990433
124.557953
123.166199
252.748749
252.992462
132.556931
123.166397
260.752838
252.992279
140.556824
123.166214
268.748901
252.991364
148.556259
123.165901
276.752747
252.990234
156.557465
123.167488
284.748657
252.990417
164.556793
123.166031
292.752747
252.990021
172.558304
123.166069
300.749451
252.990906
180.557281
123.165794
308.752655
252.990524
188.558273
123.166580
316.749359
252.990723
196.556976
123.166405
324.752991
252.990509
204.557648
123.166718
332.749084
252.991211
212.556702
123.166466
340.752502
252.990616
220.557495
123.166794
348.748871
252.990967
228.556152
123.165977
356.752228
252.991043
236.558563
123.165871
364.751251
252.990906
244.550049
123.164223
372.750305
252.997131
252.544418
123.160095
380.637451
252.919617
-59.408165
131.146194
68.713608
261.014008
-51.439320
131.171326
76.756302
260.989288
-43.441601
131.163177
84.750519
260.992950
-35.443974
131.165848
92.749176
260.993622
-27.443817
131.165482
100.751579
260.992950
-19.444115
131.165527
108.748627
260.993805
-11.443825
131.165573
116.751640
260.992981
-3.444214
131.165558
124.748550
260.993866
4.556099
131.165466
132.751526
260.993103
12.555737
131.165329
140.748322
260.994080
20.556126
131.165024
148.751251
260.993530
28.555889
131.164825
156.748199
260.994690
36.556274
131.164642
164.750916
260.993652
44.556129
131.164886
172.748077
260.993408
52.556824
131.165344
180.751129
260.991699
60.556763
131.166229
188.749115
260.993439
68.555695
131.165833
196.751434
260.992737
76.555756
131.165558
204.748718
260.993286
84.557175
131.164307
212.752045
260.992004
92.558182
131.164780
220.750305
260.993530
100.558037
131.165085
228.752716
260.992004
108.557770
131.165100
236.749985
260.993805
116.556671
131.166565
244.753189
260.993683
124.555084
131.165497
252.747864
260.993103
132.557190
131.165649
260.751953
260.992340
140.556091
131.165436
268.750183
260.993958
148.556488
131.165588
276.751465
260.993469
156.555725
131.164398
284.747498
260.993896
164.556717
131.164886
292.751740
260.992859
172.556473
131.165268
300.748718
260.993713
180.556396
131.165771
308.751831
260.992615
188.556183
131.165955
316.749054
260.993652
196.556091
131.165924
324.751648
260.992615
204.556000
131.165848
332.748840
260.993713
212.556198
131.165833
340.751495
260.992737
220.556030
131.165787
348.748596
260.993591
228.555893
131.165146
356.751373
260.993317
236.557800
131.165207
364.751343
260.993835
244.549637
131.162704
372.748962
261.000153
252.545013
131.159729
380.636688
260.920593
-59.406162
139.146301
68.713905
269.013184
-51.439247
139.171692
76.755379
268.987366
-43.441273
139.163574
84.751068
268.991333
-35.442390
139.166290
92.748421
268.992126
-27.443272
139.165512
100.752274
268.992065
-19.442406
139.165924
108.748283
268.992371
-11.443241
139.165558
116.752289
268.992279
-3.442451
139.165863
124.748344
268.992706
4.556824
139.165375
132.752319
268.992737
12.557507
139.165497
140.748230
268.992981
20.556992
139.165070
148.752228
268.993011
28.557739
139.165253
156.747955
268.992950
36.557610
139.165100
164.752182
268.992798
44.557953
139.165573
172.748093
268.992523
52.557137
139.165894
180.752823
268.991852
60.557056
139.165817
188.747864
268.992371
68.556450
139.165527
196.751526
268.992401
76.557281
139.164932
204.747910
268.991669
84.558121
139.164413
212.752731
268.991058
92.559692
139.164703
220.748871
268.991699
100.558258
139.165253
228.753387
268.991150
108.558388
139.166351
236.749329
268.991394
116.556870
139.166077
244.752838
268.991364
124.558441
139.166962
252.749344
268.992920
132.556702
139.165100
260.752655
268.992340
140.558380
139.165558
268.748444
268.993073
148.557022
139.164185
276.752197
268.993042
156.557953
139.165436
284.747772
268.992920
164.557373
139.165451
292.752380
268.992126
172.557648
139.165741
300.748169
268.992493
180.556839
139.165497
308.752106
268.992249
188.557434
139.166016
316.748108
268.992340
196.556900
139.165680
324.752472
268.992065
204.557404
139.165985
332.748138
268.992218
212.556839
139.165710
340.752441
268.992004
220.557556
139.165802
348.748199
268.992310
228.556641
139.164673
356.751923
268.992615
236.559723
139.164856
364.750916
268.992493
244.551147
139.162567
372.749512
268.998444
252.545044
139.159256
380.637817
268.919647
-59.408405
147.145630
68.713577
277.015289
-51.439625
147.170654
76.755684
276.990356
-43.441624
147.161591
84.749741
276.994293
-35.443565
147.164612
92.749184
276.995117
-27.443447
147.163910
100.751114
276.994537
-19.443466
147.164108
108.748726
276.995361
-11.443405
147.163864
116.751099
276.994568
-3.443363
147.164078
124.748734
276.995514
4.556595
147.163788
132.751068
276.994659
12.556675
147.163956
140.748734
276.995544
20.556690
147.163696
148.751083
276.994690
28.556778
147.163971
156.748688
276.995605
36.556759
147.163940
164.750946
276.994446
44.556919
147.164398
172.748657
276.994995
52.556759
147.164459
180.751282
276.994202
60.556217
147.164566
188.748383
276.995178
68.556747
147.164520
196.750916
276.994080
76.556625
147.164185
204.749680
276.994476
84.557617
147.163910
212.751984
276.993286
92.557404
147.164062
220.749023
276.994324
100.557739
147.164581
228.751953
276.993317
108.557152
147.165680
236.750183
276.994751
116.556152
147.164932
244.751770
276.993896
124.556145
147.165115
252.748672
276.994537
132.557190
147.163559
260.751648
276.994873
140.557114
147.163849
268.748993
276.995361
148.556915
147.163422
276.751373
276.995270
156.557312
147.164444
284.748932
276.996094
164.556549
147.164032
292.751373
276.994537
172.556290
147.164078
300.748657
276.995453
180.556458
147.164093
308.750916
276.994385
188.556549
147.164276
316.748718
276.995331
196.556549
147.164032
324.751160
276.994415
204.556641
147.164124
332.748657
276.995270
212.556610
147.163940
340.751038
276.994324
220.556580
147.164124
348.748749
276.995239
228.556320
147.163391
356.750946
276.994629
236.558563
147.163940
364.751312
276.994659
244.551041
147.161560
372.748962
277.000458
252.545624
147.159607
380.637054
276.921082
-59.406265
155.146072
68.713943
285.014008
-51.439262
155.170898
76.755028
284.988403
-43.441078
155.162415
84.750984
284.992615
-35.442055
155.165100
92.748276
284.993225
-27.442795
155.164429
100.752220
284.993378
-19.442024
155.164673
108.748093
284.993469
-11.442665
155.164459
116.752327
284.993469
-3.441998
155.164764
124.748108
284.993622
4.557423
155.164444
132.752380
284.993652
12.557999
155.164658
140.748123
284.993683
20.557426
155.164398
148.752411
284.993713
28.557999
155.164734
156.747955
284.993652
36.557484
155.164490
164.752441
284.993713
44.557911
155.164856
172.748077
284.993591
52.557281
155.164536
180.752411
284.993652
60.557766
155.164917
188.747772
284.993286
68.557785
155.165009
196.752319
284.992981
76.557800
155.164398
204.747665
284.992859
84.557587
155.164948
212.752380
284.992615
92.558563
155.164978
220.748474
284.992828
100.557480
155.164673
228.752289
284.991577
108.559120
155.166077
236.748810
284.993958
116.556389
155.164902
244.753784
284.993774
124.557083
155.165146
252.747391
284.992615
132.557495
155.165009
260.752319
284.992859
140.558136
155.165405
268.749268
284.993744
148.556915
155.164246
276.752045
284.992828
156.558517
155.166000
284.748169
284.993103
164.557343
155.165024
292.752808
284.993561
172.557510
155.164612
300.747742
284.993469
180.557312
155.164551
308.752319
284.993256
188.558044
155.164688
316.747742
284.993347
196.557419
155.164490
324.752350
284.993347
204.558029
155.164642
332.747955
284.993347
212.557449
155.164459
340.752258
284.993225
220.558044
155.164627
348.748047
284.993347
228.557114
155.163864
356.751923
284.993439
236.559921
155.164062
364.750793
284.992859
244.551575
155.162140
372.749817
284.998657
252.545471
155.159409
380.637909
284.919739
-59.408363
163.145508
68.713478
293.015228
-51.439457
163.170532
76.755623
292.990387
-43.441425
163.161499
84.749786
292.994354
-35.443291
163.164368
92.749229
292.995087
-27.443134
163.163696
100.751198
292.994568
-19.443123
163.163940
108.748825
292.995392
-11.443077
163.163788
116.751335
292.994629
-3.443130
163.163940
124.748909
292.995575
4.556835
163.163666
132.751251
292.994812
12.556923
163.163834
140.748856
292.995728
20.556915
163.163635
148.751343
292.994843
28.556862
163.163849
156.748810
292.995728
36.556904
163.163635
164.751251
292.994995
44.556889
163.163849
172.748840
292.995789
52.556892
163.163605
180.751160
292.994934
60.556961
163.163940
188.748840
292.995544
68.557060
163.163757
196.750916
292.994598
76.556847
163.164246
204.748688
292.995148
84.556908
163.164337
212.751282
292.994019
92.557190
163.163681
220.748749
292.994904
100.556152
163.164032
228.751007
292.993042
108.557861
163.165497
236.748291
292.994476
116.557076
163.164291
244.752472
292.995056
124.556259
163.165039
252.749084
292.994537
132.556580
163.164337
260.751465
292.993622
140.556244
163.164566
268.749115
292.995819
148.556213
163.164185
276.752075
292.994568
156.556396
163.163849
284.747864
292.995056
164.556702
163.164032
292.751373
292.994751
172.556839
163.163788
300.748993
292.995697
180.556824
163.163651
308.751099
292.994781
188.556900
163.163742
316.748779
292.995544
196.556885
163.163544
324.751099
292.994598
204.556946
163.163818
332.748718
292.995361
212.556946
163.163681
340.751221
292.994415
220.556885
163.163940
348.748779
292.995392
228.556641
163.163239
356.750946
292.994812
236.558807
163.163818
364.751282
292.994659
244.551285
163.161682
372.749084
293.000458
252.545609
163.159729
380.637054
292.921051
-59.406254
171.145996
68.713898
301.013977
-51.439159
171.170822
76.755112
300.988403
-43.440968
171.162277
84.751068
300.992615
-35.441963
171.164917
92.748428
300.993225
-27.442734
171.164276
100.752380
300.993286
-19.441971
171.164642
108.748230
300.993469
-11.442677
171.164337
116.752449
300.993469
-3.442020
171.164642
124.748070
300.993591
4.557415
171.164307
132.752380
300.993622
12.558044
171.164597
140.748108
300.993591
20.557480
171.164337
148.752472
300.993652
28.558010
171.164627
156.747986
300.993622
36.557549
171.164368
164.752472
300.993744
44.557945
171.164627
172.748032
300.993713
52.557472
171.164383
180.752441
300.993774
60.557953
171.164719
188.747955
300.993622
68.557472
171.164642
196.752380
300.993439
76.558029
171.164963
204.748123
300.993500
84.556953
171.164749
212.752106
300.993073
92.558220
171.164612
220.747971
300.993042
100.557266
171.164215
228.752747
300.992432
108.558990
171.165451
236.748154
300.993164
116.557304
171.164703
244.753357
300.993713
124.557487
171.165421
252.748383
300.993347
132.557251
171.164932
260.752319
300.993134
140.557678
171.164642
268.748352
300.993652
148.557175
171.164124
276.752106
300.993774
156.558167
171.164917
284.747437
300.993591
164.557358
171.164520
292.752716
300.993683
172.558105
171.164932
300.748352
300.993469
180.557526
171.164185
308.752380
300.993469
188.558044
171.164581
316.747833
300.993530
196.557556
171.164307
324.752441
300.993500
204.558044
171.164520
332.748016
300.993408
212.557434
171.164368
340.752319
300.993164
220.557983
171.164490
348.747986
300.993286
228.557190
171.163788
356.752014
300.993408
236.559998
171.164001
364.750854
300.992798
244.551575
171.162140
372.749817
300.998688
252.545441
171.159424
380.637878
300.919769
-59.408344
179.145447
68.713547
309.015198
-51.439434
179.170456
76.755661
308.990295
-43.441372
179.161392
84.749840
308.994293
-35.443146
179.164291
92.749313
308.995178
-27.443089
179.163635
100.751183
308.994690
-19.443104
179.163818
108.748802
308.995483
-11.443096
179.163666
116.751198
308.994720
-3.443108
179.163818
124.748810
308.995636
4.556946
179.163589
132.751266
308.994812
12.556942
179.163788
140.748810
308.995667
20.556927
179.163544
148.751205
308.994873
28.556931
179.163834
156.748840
308.995728
36.556870
179.163605
164.751221
308.994904
44.556881
179.163757
172.748810
308.995697
52.556904
179.163620
180.751205
308.994965
60.556927
179.163757
188.748917
308.995789
68.556908
179.163635
196.751251
308.994995
76.556786
179.163864
204.748703
308.995758
84.556801
179.163513
212.750931
308.994659
92.557365
179.163605
220.748749
308.995239
100.556923
179.164032
228.751465
308.993866
108.557426
179.164612
236.748932
308.994934
116.556885
179.164047
244.751938
308.994720
124.556641
179.164520
252.748749
308.995300
132.556824
179.163788
260.751282
308.994507
140.556595
179.163971
268.748627
308.995514
148.556915
179.163757
276.751282
308.994629
156.557007
179.164154
284.748596
308.995422
164.557053
179.163696
292.751556
308.994751
172.556870
179.163757
300.748962
308.995636
180.556976
179.163498
308.751068
308.994751
188.556992
179.163696
316.748718
308.995544
196.556946
179.163605
324.751099
308.994659
204.556961
179.163727
332.748779
308.995422
212.556976
179.163574
340.751160
308.994568
220.556885
179.163849
348.748657
308.995361
228.556702
179.163239
356.751007
308.994720
236.558807
179.163849
364.751343
308.994629
244.551239
179.161697
372.749054
309.000458
252.545624
179.159760
380.637115
308.921051
-59.406235
187.145966
68.713974
317.013977
-51.439129
187.170685
76.755112
316.988403
-43.440887
187.162186
84.751053
316.992554
-35.441883
187.164841
92.748322
316.993225
-27.442635
187.164276
100.752319
316.993286
-19.441883
187.164536
108.748222
316.993469
-11.442627
187.164322
116.752426
316.993347
-3.441837
187.164581
124.748177
316.993530
4.557518
187.164307
132.752396
316.993591
12.558098
187.164520
140.748154
316.993713
20.557526
187.164291
148.752411
316.993652
28.558098
187.164581
156.748047
316.993683
36.557522
187.164307
164.752502
316.993774
44.558006
187.164597
172.748062
316.993591
52.557549
187.164337
180.752457
316.993713
60.558060
187.164688
188.748077
316.993652
68.557564
187.164337
196.752533
316.993805
76.557953
187.164551
204.747910
316.993652
84.557404
187.164154
212.752167
316.993469
92.558510
187.164703
220.748108
316.992950
100.557526
187.163834
228.752319
316.992737
108.558426
187.164978
236.748810
316.993439
116.557503
187.164307
244.752838
316.993591
124.557678
187.164856
252.748016
316.993652
132.557541
187.164368
260.752380
316.993591
140.557953
187.164551
268.747986
316.993591
148.557541
187.164368
276.752350
316.993652
156.558105
187.164597
284.748108
316.993652
164.557495
187.164368
292.752319
316.993652
172.558044
187.164551
300.748077
316.993652
180.557510
187.164276
308.752441
316.993530
188.558090
187.164551
316.747986
316.993469
196.557510
187.164337
324.752380
316.993530
204.558029
187.164490
332.747986
316.993408
212.557495
187.164307
340.752319
316.993164
220.558167
187.164505
348.748047
316.993317
228.557190
187.163788
356.752045
316.993347
236.560074
187.164001
364.750946
316.992859
244.551514
187.162079
372.749756
316.998657
252.545471
187.159439
380.637909
316.919739
-59.408283
195.145447
68.713577
325.015167
-51.439388
195.170425
76.755600
324.990295
-43.441315
195.161407
84.749870
324.994293
-35.443222
195.164276
92.749321
324.994995
-27.443069
195.163666
100.751198
324.994507
-19.443043
195.163818
108.748917
324.995422
-11.443054
195.163696
116.751343
324.994537
-3.443066
195.163849
124.748932
324.995483
4.556885
195.163666
132.751282
324.994659
12.556980
195.163757
140.748840
324.995605
20.556931
195.163605
148.751251
324.994812
28.556919
195.163834
156.748810
324.995636
36.556908
195.163666
164.751251
324.994843
44.556919
195.163788
172.748901
324.995667
52.556919
195.163635
180.751144
324.994812
60.556904
195.163818
188.748901
324.995697
68.556900
195.163620
196.751160
324.994873
76.556870
195.163803
204.748810
324.995728
84.556992
195.163696
212.751083
324.994598
92.556953
195.164215
220.748474
324.994934
100.557022
195.163666
228.750839
324.994110
108.557205
195.164124
236.749908
324.995728
116.556671
195.164276
244.751312
324.995117
124.556595
195.163956
252.748688
324.995361
132.556961
195.163727
260.751221
324.994843
140.556885
195.163773
268.748901
324.995636
148.556946
195.163605
276.751160
324.994781
156.556885
195.163818
284.748779
324.995605
164.556915
195.163605
292.751221
324.994720
172.556931
195.163712
300.748779
324.995636
180.556946
195.163574
308.751160
324.994751
188.556885
195.163742
316.748718
324.995544
196.556976
195.163483
324.751038
324.994629
204.556992
195.163742
332.748718
324.995422
212.556992
195.163620
340.751129
324.994476
220.556915
195.163879
348.748718
324.995361
228.556641
195.163239
356.751038
324.994659
236.558853
195.163849
364.751373
324.994598
244.551239
195.161713
372.749115
325.000366
252.545654
195.159760
380.637085
324.920959
-59.406258
203.146088
68.713966
333.013855
-51.439159
203.170868
76.755089
332.988281
-43.440815
203.162323
84.751152
332.992554
-35.441906
203.165009
92.748466
332.993164
-27.442699
203.164307
100.752457
332.993195
-19.441814
203.164612
108.748276
332.993439
-11.442642
203.164368
116.752487
332.993347
-3.441910
203.164536
124.748138
332.993561
4.557407
203.164246
132.752472
332.993469
12.558014
203.164520
140.748062
332.993591
20.557411
203.164246
148.752380
332.993652
28.558052
203.164444
156.747971
332.993530
36.557468
203.164261
164.752243
332.993652
44.557919
203.164490
172.747772
332.993622
52.557449
203.164276
180.752289
332.993622
60.557941
203.164581
188.747849
332.993622
68.557358
203.164368
196.752319
332.993591
76.557884
203.164581
204.747864
332.993530
84.557381
203.164276
212.752319
332.993225
92.558258
203.164948
220.747147
332.993073
100.557541
203.165222
228.752686
332.992523
108.558121
203.165344
236.748566
332.993591
116.556900
203.164825
244.752747
332.993683
124.557755
203.164612
252.747833
332.993286
132.557465
203.164352
260.752380
332.993591
140.557968
203.164429
268.747986
332.993591
148.557449
203.164276
276.752380
332.993652
156.557953
203.164429
284.747864
332.993591
164.557434
203.164185
292.752319
332.993591
172.557968
203.164352
300.747833
332.993500
180.557541
203.164185
308.752258
332.993530
188.558044
203.164368
316.747803
332.993530
196.557526
203.164185
324.752228
332.993408
204.558075
203.164352
332.747833
332.993347
212.557404
203.164246
340.752167
332.993103
220.558090
203.164276
348.747894
332.993317
228.557159
203.163666
356.751923
332.993347
236.560059
203.163849
364.750671
332.992889
244.551666
203.161987
372.749786
332.998657
252.545532
203.159378
380.637878
332.919800
-59.408188
211.145477
68.713631
341.015198
-51.439419
211.170563
76.755577
340.990173
-43.441288
211.161377
84.749863
340.994202
-35.443237
211.164246
92.749298
340.995056
-27.443073
211.163574
100.751175
340.994476
-19.443161
211.163666
108.748825
340.995331
-11.443077
211.163559
116.751343
340.994690
-3.443142
211.163681
124.748878
340.995544
4.556919
211.163498
132.751297
340.994720
12.556908
211.163589
140.748566
340.995575
20.556953
211.163544
148.750732
340.994843
28.556915
211.164001
156.748688
340.995697
36.556831
211.163361
164.751129
340.994812
44.557083
211.163666
172.748474
340.995819
52.556984
211.163589
180.750916
340.994812
60.556965
211.163849
188.748550
340.995697
68.556793
211.163666
196.750885
340.994812
76.556747
211.164078
204.748306
340.995667
84.556992
211.163620
212.750824
340.994720
92.556915
211.164108
220.747696
340.994812
100.557343
211.164078
228.751862
340.994110
108.556961
211.164093
236.749634
340.995850
116.555870
211.164154
244.750488
340.994537
124.556709
211.164261
252.749130
340.995361
132.556778
211.163773
260.750946
340.994751
140.556854
211.163818
268.748535
340.995697
148.556946
211.163513
276.750854
340.994904
156.556976
211.163696
284.748474
340.995819
164.557022
211.163483
292.750824
340.994781
172.557175
211.163696
300.748413
340.995636
180.557159
211.163513
308.750885
340.994690
188.557388
211.163910
316.748444
340.995605
196.557220
211.163773
324.751038
340.994537
204.557373
211.164062
332.748688
340.995361
212.557144
211.164001
340.751129
340.994385
220.557251
211.164276
348.748779
340.995178
228.556946
211.163635
356.750946
340.994568
236.559082
211.164276
364.751160
340.994446
244.551178
211.162048
372.749298
341.000183
252.545517
211.159882
380.637299
340.920837
-59.406174
219.146088
68.714027
349.013763
-51.439098
219.170837
76.755287
348.987976
-43.440998
219.162537
84.751259
348.992004
-35.441765
219.165070
92.748680
348.992493
-27.442966
219.164642
100.752365
348.992523
-19.441772
219.164597
108.748795
348.992798
-11.442802
219.164505
116.752434
348.992737
-3.441742
219.164383
124.748367
348.993073
4.557453
219.164124
132.752335
348.993164
12.558403
219.163971
140.748016
348.993286
20.558048
219.163330
148.752014
348.993195
28.559029
219.163956
156.748306
348.993286
36.558067
219.163895
164.752335
348.993591
44.558731
219.164246
172.748459
348.993958
52.557556
219.164230
180.752136
348.993866
60.558578
219.164291
188.748047
348.993958
68.557495
219.164200
196.752014
348.993896
76.558014
219.164337
204.747208
348.993896
84.557465
219.164078
212.751511
348.994019
92.558136
219.164642
220.747543
348.992981
100.558380
219.164017
228.752197
348.992676
108.557632
219.164185
236.747772
348.994263
116.556824
219.164291
244.751495
348.993774
124.557800
219.164520
252.746918
348.993439
132.557281
219.164429
260.751526
348.993469
140.558273
219.164154
268.747131
348.993500
148.557678
219.164001
276.751678
348.993408
156.558655
219.163879
284.747528
348.993591
164.557861
219.163605
292.751984
348.993347
172.558792
219.163437
300.747986
348.993469
180.557922
219.163513
308.752380
348.993103
188.558929
219.163483
316.748352
348.993225
196.558029
219.163605
324.752686
348.992981
204.558838
219.163544
332.748627
348.993164
212.558014
219.163559
340.752655
348.992859
220.558838
219.163422
348.748840
348.993103
228.557785
219.163055
356.752380
348.993042
236.560867
219.163528
364.751343
348.992737
244.551727
219.161926
372.750427
348.998627
252.545593
219.159454
380.638153
348.919373
-59.408203
227.145660
68.713799
357.015289
-51.439552
227.170975
76.755890
356.990662
-43.441544
227.161194
84.750496
356.994629
-35.443825
227.164322
92.748917
356.995117
-27.443336
227.163544
100.751060
356.994507
-19.443451
227.163879
108.748627
356.995605
-11.443253
227.163269
116.751175
356.994354
-3.442913
227.163513
124.748596
356.995361
4.557228
227.163055
132.751328
356.994446
12.557247
227.163330
140.748535
356.995056
20.558216
227.163391
148.752747
356.993561
28.558224
227.163437
156.749222
356.994537
36.557800
227.163544
164.752014
356.994080
44.558010
227.163391
172.749237
356.995453
52.557381
227.163269
180.751846
356.994324
60.557743
227.163513
188.749359
356.995514
68.557541
227.163422
196.751709
356.994537
76.557968
227.163483
204.748962
356.995178
84.558098
227.163986
212.751373
356.994934
92.558258
227.164047
220.749878
356.995117
100.557594
227.162811
228.752457
356.994324
108.558090
227.163788
236.749191
356.996643
116.557106
227.163483
244.751740
356.995087
124.558167
227.163361
252.748947
356.995636
132.557693
227.162888
260.751343
356.994141
140.558167
227.163330
268.748810
356.995087
148.557831
227.163284
276.751831
356.993896
156.558167
227.163666
284.749298
356.994995
164.557663
227.163605
292.752319
356.993866
172.558014
227.164001
300.749756
356.994720
180.557556
227.163910
308.752747
356.993652
188.557800
227.164276
316.750031
356.994598
196.557404
227.164215
324.752869
356.993652
204.557526
227.164352
332.749908
356.994415
212.557449
227.164337
340.752838
356.993469
220.557434
227.164581
348.749817
356.994293
228.557114
227.163879
356.752380
356.993713
236.559387
227.164642
364.751862
356.994049
244.551346
227.161926
372.750610
356.999817
252.545685
227.160172
380.637817
356.920624
-59.408138
235.146530
68.713539
365.014160
-51.441471
235.169983
76.756088
364.989716
-43.443394
235.161942
84.752037
364.993134
-35.444252
235.163849
92.749451
364.994019
-27.445217
235.163910
100.752609
364.993805
-19.443932
235.163513
108.749550
364.994263
-11.445004
235.163574
116.753075
364.993317
-3.443661
235.163376
124.749939
364.993439
4.555267
235.163727
132.753616
364.992493
12.556934
235.163147
140.750107
364.992981
20.555511
235.163742
148.754425
364.991913
28.556549
235.163696
156.750397
364.991882
36.555248
235.164520
164.753876
364.991211
44.556026
235.165054
172.750641
364.991364
52.554649
235.165894
180.754303
364.990845
60.555779
235.165115
188.750336
364.991760
68.555145
235.165039
196.754501
364.991394
76.556541
235.164673
204.751129
364.991821
84.555695
235.165421
212.753693
364.991638
92.556396
235.165207
220.751572
364.991730
100.555084
235.164764
228.755066
364.991791
108.555954
235.164215
236.750168
364.992737
116.555710
235.164948
244.754120
364.992889
124.556900
235.164368
252.750885
364.992950
132.555847
235.164551
260.754242
364.992889
140.556717
235.164307
268.750763
364.992828
148.555511
235.164520
276.754364
364.992279
156.556641
235.164490
284.750641
364.992401
164.555389
235.164673
292.754333
364.992004
172.556458
235.164398
300.750732
364.992523
180.555115
235.164612
308.754089
364.992279
188.556427
235.164062
316.750610
364.992981
196.554932
235.164429
324.753876
364.992645
204.556473
235.163956
332.750732
364.993256
212.554993
235.164383
340.753723
364.992798
220.556427
235.163849
348.750732
364.993530
228.554626
235.163681
356.753326
364.993347
236.558167
235.163452
364.753082
364.993408
244.549301
235.161163
372.751862
364.997925
252.546265
235.158875
380.637787
364.919373
-59.410339
243.137024
68.722122
373.015289
-51.435684
243.165894
76.756256
372.994934
-43.438591
243.159683
84.751549
372.996246
-35.439003
243.161392
92.751808
372.995605
-27.439323
243.160660
100.752991
372.995056
-19.438721
243.160980
108.751381
372.995300
-11.438896
243.160614
116.753372
372.994781
-3.438522
243.160873
124.751266
372.995178
4.560928
243.160431
132.752930
372.994598
12.561584
243.161316
140.751068
372.994507
20.561337
243.161102
148.753372
372.994080
28.561882
243.162125
156.751572
372.994446
36.560513
243.161514
164.753113
372.994202
44.560833
243.162048
172.751831
372.995056
52.560116
243.160965
180.752655
372.994965
60.560963
243.161499
188.751083
372.995392
68.560814
243.160995
196.753220
372.994690
76.561203
243.161713
204.752258
372.995148
84.560333
243.161957
212.753052
372.994232
92.561035
243.162079
220.751648
372.994873
100.560272
243.161041
228.753357
372.995087
108.560638
243.161499
236.750992
372.995697
116.560608
243.160309
244.752655
372.994934
124.561234
243.160980
252.751053
372.995331
132.560776
243.160339
260.752747
372.994843
140.561356
243.161209
268.751099
372.995361
148.560806
243.160706
276.752808
372.994781
156.561386
243.161377
284.751221
372.995300
164.560699
243.160919
292.752747
372.994598
172.561234
243.161652
300.751160
372.994843
180.560669
243.161179
308.752930
372.994263
188.561066
243.161835
316.751190
372.994659
196.560608
243.161224
324.753052
372.993988
204.561081
243.161926
332.751282
372.994385
212.560593
243.161407
340.753174
372.993866
220.560944
243.162155
348.751282
372.994141
228.560394
243.161011
356.752991
372.994049
236.562683
243.164093
364.755524
372.994171
244.557846
243.163528
372.754761
372.998627
252.551910
243.168243
380.636322
372.919556
-59.419750
251.075714
68.673752
380.991150
-51.410488
251.062805
76.640106
380.984802
-43.411419
251.057449
84.632614
380.992737
-35.411934
251.059921
92.630920
380.991364
-27.412399
251.059174
100.632462
380.991547
-19.411934
251.059662
108.631195
380.991882
-11.412346
251.058899
116.632462
380.991821
-3.411846
251.059601
124.631119
380.991913
4.587677
251.058990
132.632492
380.991577
12.588028
251.059753
140.631256
380.991577
20.587311
251.059067
148.632416
380.991180
28.587891
251.059952
156.631363
380.991211
36.587315
251.059189
164.632599
380.991333
44.587486
251.059998
172.630890
380.991150
52.587162
251.059372
180.631958
380.990723
60.587944
251.060318
188.630936
380.990967
68.587387
251.059265
196.632843
380.991089
76.587662
251.059875
204.631287
380.991425
84.587532
251.058975
212.631897
380.991302
92.588135
251.059631
220.631104
380.991699
100.587700
251.058929
228.632523
380.991516
108.588303
251.059921
236.631149
380.991699
116.587692
251.059113
244.632507
380.991577
124.588295
251.059525
252.631271
380.991943
132.587677
251.058868
260.632355
380.991699
140.588226
251.059662
268.631165
380.991760
148.587570
251.058853
276.632324
380.991516
156.588135
251.059692
284.631042
380.991638
164.587570
251.058960
292.632385
380.991455
172.588074
251.059769
300.631104
380.991577
180.587494
251.059082
308.632263
380.991364
188.588043
251.059784
316.631134
380.991638
196.587463
251.059113
324.632233
380.991333
204.588028
251.059784
332.631104
380.991455
212.587463
251.059143
340.632263
380.991211
220.587936
251.059967
348.631165
380.991516
228.587341
251.059097
356.632019
380.991425
236.588684
251.060242
364.632111
380.991852
244.586090
251.066864
372.642059
380.992798
252.557800
251.078705
380.603912
380.943756
-120.735916
-119.824303
137.651230
135.831116
-104.735565
-119.815826
153.648376
135.829239
-88.732697
-119.812592
169.648621
135.830368
-72.732391
-119.812531
185.648682
135.830368
-56.732025
-119.812141
201.648453
135.830429
-40.732117
-119.812096
217.648651
135.830536
-24.731934
-119.811974
233.648361
135.830383
-8.732224
-119.812096
249.648712
135.830444
7.267990
-119.812050
265.648621
135.830338
23.267838
-119.812073
281.648743
135.830383
39.267975
-119.812141
297.648560
135.830322
55.267776
-119.812202
313.648651
135.830536
71.267944
-119.812134
329.648499
135.830399
87.267761
-119.812248
345.648712
135.830475
103.268036
-119.812134
361.648560
135.830414
119.267761
-119.812103
377.648621
135.830505
135.267776
-119.812103
393.648315
135.830231
151.267700
-119.811768
409.649078
135.830261
167.267197
-119.813599
425.649933
135.830063
183.263458
-119.824615
441.652008
135.828522
-120.740509
-103.833412
137.649994
151.827911
-104.742676
-103.825615
153.651352
151.825363
-88.737350
-103.824875
169.655045
151.824890
-72.737228
-103.824837
185.655518
151.824387
-56.736664
-103.824501
201.655289
151.824127
-40.736572
-103.824654
217.655640
151.824295
-24.736511
-103.824463
233.655426
151.824097
-8.736572
-103.824615
249.655609
151.824158
7.263580
-103.824333
265.655334
151.824188
23.263443
-103.824608
281.655579
151.824310
39.263657
-103.824463
297.655396
151.824142
55.263351
-103.824768
313.655518
151.824310
71.263550
-103.824554
329.655334
151.824188
87.263428
-103.824707
345.655579
151.824203
103.263596
-103.824471
361.655365
151.824188
119.263367
-103.824791
377.655609
151.824188
135.263184
-103.824455
393.655212
151.824188
151.263412
-103.824318
409.654785
151.824402
167.264740
-103.825645
425.658020
151.822937
183.269424
-103.827637
441.659149
151.822876
-120.738220
-87.834480
137.649567
167.825256
-104.740692
-87.824814
153.652664
167.823593
-88.737411
-87.822998
169.656021
167.824158
-72.737335
-87.822632
185.656113
167.823135
-56.736786
-87.822075
201.656067
167.822983
-40.736938
-87.822098
217.656326
167.822998
-24.736542
-87.821808
233.656250
167.822906
-8.736938
-87.822029
249.656342
167.822983
7.263367
-87.821991
265.656311
167.822983
23.263107
-87.822029
281.656372
167.822998
39.263351
-87.821869
297.656311
167.822922
55.263107
-87.821953
313.656372
167.822998
71.263336
-87.821907
329.656250
167.822922
87.263199
-87.821953
345.656433
167.822968
103.263412
-87.821854
361.656311
167.822937
119.263153
-87.822044
377.656342
167.822968
135.263199
-87.822052
393.656372
167.822830
151.262375
-87.821449
409.655884
167.823074
167.263580
-87.822128
425.658264
167.821899
183.269562
-87.825897
441.661469
167.823471
-120.738708
-71.835129
137.649384
183.824921
-104.741302
-71.824692
153.653198
183.823700
-88.738083
-71.824005
169.656937
183.823822
-72.738129
-71.823837
185.656937
183.822876
-56.737656
-71.823265
201.656937
183.822357
-40.737701
-71.823456
217.657211
183.822495
-24.737350
-71.823128
233.657135
183.822449
-8.737625
-71.823280
249.657333
183.822540
7.262512
-71.823143
265.657104
183.822327
23.262436
-71.823257
281.657257
183.822464
39.262497
-71.823204
297.657227
183.822403
55.262421
-71.823250
313.657288
183.822540
71.262512
-71.823097
329.657196
183.822327
87.262390
-71.823257
345.657288
183.822540
103.262650
-71.823029
361.657166
183.822357
119.262451
-71.823341
377.657379
183.822479
135.262375
-71.823318
393.657135
183.822266
151.261917
-71.822769
409.656982
183.822662
167.262787
-71.823044
425.658630
183.821182
183.269760
-71.826660
441.662018
183.823517
-120.738403
-55.834991
137.649429
199.824951
-104.741318
-55.824814
153.652893
199.823517
-88.737976
-55.824333
169.656448
199.823898
-72.738037
-55.823929
185.656464
199.822754
-56.737427
-55.823341
201.656601
199.822510
-40.737640
-55.823441
217.656723
199.822540
-24.737183
-55.823341
233.656784
199.822601
-8.737473
-55.823265
249.656647
199.822571
7.262772
-55.823120
265.656738
199.822449
23.262512
-55.823387
281.656769
199.822571
39.262680
-55.823311
297.656677
199.822525
55.262482
-55.823242
313.656708
199.822525
71.262741
-55.823128
329.656677
199.822571
87.262558
-55.823296
345.656738
199.822571
103.262741
-55.823135
361.656799
199.822571
119.262527
-55.823318
377.656860
199.822510
135.262573
-55.823509
393.656799
199.822388
151.261963
-55.822655
409.656555
199.822723
167.263168
-55.823090
425.658630
199.821243
183.269608
-55.826973
441.661621
199.823441
-120.738678
-39.835030
137.649307
215.824890
-104.741302
-39.824791
153.653137
215.823532
-88.738174
-39.823967
169.656708
215.823669
-72.737991
-39.823845
185.657013
215.822784
-56.737534
-39.823212
201.656738
215.822235
-40.737473
-39.823502
217.657318
215.822479
-24.737335
-39.823166
233.657150
215.822235
-8.737442
-39.823357
249.657288
215.822357
7.262680
-39.823158
265.657135
215.822266
23.262558
-39.823303
281.657227
215.822449
39.262619
-39.823204
297.657104
215.822128
55.262451
-39.823395
313.657166
215.822388
71.262695
-39.823273
329.657043
215.822281
87.262558
-39.823303
345.657196
215.822403
103.262589
-39.823090
361.657074
215.822266
119.262573
-39.823387
377.657410
215.822327
135.262390
-39.823494
393.657013
215.822113
151.261902
-39.822807
409.656921
215.822632
167.262833
-39.823036
425.658630
215.821121
183.269775
-39.827194
441.661865
215.823380
-120.738434
-23.835007
137.649460
231.824966
-104.741333
-23.824821
153.652939
231.823532
-88.737961
-23.824211
169.656509
231.823898
-72.737976
-23.823868
185.656662
231.822968
-56.737411
-23.823265
201.656555
231.822571
-40.737534
-23.823318
217.656830
231.822601
-24.737198
-23.823166
233.656845
231.822495
-8.737442
-23.823189
249.656891
231.822647
7.262833
-23.823135
265.656860
231.822662
23.262604
-23.823341
281.656799
231.822617
39.262863
-23.823158
297.656769
231.822540
55.262497
-23.823357
313.656799
231.822571
71.262878
-23.823158
329.656769
231.822556
87.262543
-23.823364
345.656921
231.822556
103.262756
-23.823120
361.656769
231.822510
119.262573
-23.823273
377.657013
231.822540
135.262634
-23.823578
393.656799
231.822388
151.261978
-23.822708
409.656555
231.822769
167.263199
-23.823120
425.658691
231.821381
183.269699
-23.827148
441.661621
231.823502
-120.738663
-7.835007
137.649307
247.824905
-104.741302
-7.824799
153.653122
247.823547
-88.738174
-7.824005
169.656677
247.823700
-72.738052
-7.823921
185.656952
247.822800
-56.737579
-7.823212
201.656860
247.822296
-40.737564
-7.823380
217.657257
247.822433
-24.737427
-7.823166
233.657059
247.822266
-8.737549
-7.823364
249.657257
247.822464
7.262619
-7.823128
265.657043
247.822266
23.262466
-7.823372
281.657227
247.822449
39.262589
-7.823158
297.657043
247.822266
55.262527
-7.823326
313.657135
247.822449
71.262665
-7.823059
329.657104
247.822189
87.262451
-7.823326
345.657227
247.822479
103.262558
-7.823097
361.657043
247.822235
119.262527
-7.823441
377.657349
247.822418
135.262390
-7.823479
393.657043
247.822144
151.261871
-7.822845
409.656860
247.822662
167.262848
-7.823044
425.658661
247.821152
183.269760
-7.827179
441.661926
247.823410
-120.738449
8.165001
137.649414
263.824951
-104.741318
8.175201
153.652908
263.823547
-88.737915
8.175842
169.656525
263.823883
-72.737976
8.176163
185.656570
263.822876
-56.737366
8.176788
201.656601
263.822571
-40.737518
8.176704
217.656769
263.822571
-24.737213
8.176804
233.656799
263.822510
-8.737518
8.176750
249.656830
263.822571
7.262817
8.176895
265.656769
263.822510
23.262436
8.176773
281.656799
263.822601
39.262909
8.176903
297.656830
263.822510
55.262527
8.176720
313.656921
263.822510
71.262772
8.176872
329.656860
263.822571
87.262512
8.176811
345.656769
263.822632
103.262711
8.176880
361.656738
263.822540
119.262558
8.176720
377.656921
263.822510
135.262650
8.176468
393.656799
263.822357
151.261978
8.177292
409.656494
263.822754
167.263168
8.176926
425.658691
263.821350
183.269623
8.172867
441.661652
263.823517
-120.738647
24.164948
137.649246
279.824890
-104.741287
24.175179
153.653061
279.823517
-88.738129
24.176010
169.656647
279.823669
-72.738022
24.176178
185.656906
279.822754
-56.737564
24.176910
201.656815
279.822296
-40.737549
24.176682
217.657150
279.822449
-24.737427
24.176888
233.656998
279.822235
-8.737549
24.176651
249.657257
279.822388
7.262604
24.176918
265.656982
279.822205
23.262451
24.176727
281.657227
279.822449
39.262726
24.176826
297.657104
279.822144
55.262482
24.176994
313.657288
279.822296
71.262650
24.177124
329.657135
279.822327
87.262604
24.176697
345.657196
279.822418
103.262650
24.176910
361.656982
279.822205
119.262573
24.176689
377.657379
279.822357
135.262405
24.176575
393.656982
279.822174
151.261902
24.177162
409.656830
279.822632
167.262848
24.177017
425.658630
279.821106
183.269714
24.172859
441.661987
279.823395
-120.738403
40.164932
137.649475
295.824982
-104.741333
40.175262
153.653030
295.823517
-88.737915
40.175819
169.656586
295.823914
-72.738037
40.176247
185.656601
295.822876
-56.737427
40.176926
201.656631
295.822571
-40.737610
40.176819
217.656784
295.822632
-24.737228
40.177078
233.656815
295.822449
-8.737564
40.176849
249.656784
295.822571
7.262787
40.176903
265.656738
295.822388
23.262482
40.176674
281.656677
295.822632
39.262695
40.177124
297.656891
295.822418
55.262482
40.176842
313.656799
295.822632
71.262894
40.176872
329.656982
295.822845
87.262573
40.176941
345.656860
295.822693
103.262726
40.177124
361.656738
295.822388
119.262451
40.176865
377.656860
295.822601
135.262680
40.176743
393.656799
295.822418
151.261902
40.177338
409.656555
295.822754
167.263031
40.176941
425.658661
295.821289
183.269531
40.172928
441.661682
295.823456
-120.738708
56.164818
137.649414
311.824890
-104.741394
56.175156
153.653198
311.823486
-88.738190
56.175812
169.656754
311.823608
-72.738022
56.176125
185.656967
311.822723
-56.737549
56.176819
201.656860
311.822235
-40.737518
56.176620
217.657150
311.822357
-24.737366
56.176926
233.656967
311.822266
-8.737396
56.176743
249.657257
311.822449
7.262497
56.177010
265.656921
311.822235
23.262726
56.176949
281.657257
311.822266
39.262787
56.177116
297.657104
311.822266
55.262390
56.176704
313.657257
311.822449
71.262695
56.176651
329.657288
311.822266
87.262604
56.176666
345.657410
311.822388
103.262634
56.176910
361.657196
311.822205
119.262695
56.176636
377.657349
311.822388
135.262482
56.176636
393.657104
311.822205
151.262009
56.177231
409.656952
311.822632
167.262863
56.176987
425.658569
311.821045
183.269562
56.172997
441.661926
311.823364
-120.738510
72.164742
137.649643
327.824860
-104.741272
72.175270
153.653107
327.823547
-88.737854
72.175751
169.656570
327.823853
-72.737885
72.176201
185.656555
327.822876
-56.737137
72.176834
201.656525
327.822510
-40.737396
72.176689
217.656616
327.822479
-24.737015
72.176926
233.656693
327.822479
-8.737320
72.176697
249.656738
327.822540
7.262955
72.176750
265.656586
327.822388
23.262695
72.176910
281.656799
327.822540
39.262955
72.176971
297.656860
327.822693
55.262543
72.176849
313.656677
327.822540
71.262863
72.177017
329.656799
327.822510
87.262558
72.176727
345.656708
327.822418
103.263000
72.176857
361.656738
327.822540
119.262650
72.176620
377.656769
327.822327
135.262741
72.176666
393.656769
327.822327
151.262177
72.177406
409.656586
327.822754
167.263306
72.177147
425.658539
327.821320
183.269440
72.173088
441.661499
327.823425
-120.738663
88.164772
137.649704
343.824524
-104.741135
88.175179
153.653641
343.823273
-88.738174
88.175911
169.656754
343.823608
-72.738022
88.176262
185.657043
343.822662
-56.737518
88.176819
201.656921
343.822235
-40.737473
88.176750
217.657242
343.822449
-24.737335
88.176819
233.657104
343.822327
-8.737442
88.176849
249.657242
343.822418
7.262726
88.177071
265.657166
343.822266
23.262573
88.176880
281.657349
343.822510
39.262573
88.176941
297.657043
343.822357
55.262558
88.176529
313.657227
343.822327
71.262589
88.176758
329.657135
343.822205
87.262405
88.176636
345.657013
343.822418
103.262680
88.176895
361.657166
343.822266
119.262482
88.176697
377.657288
343.822266
135.262497
88.176598
393.657166
343.822205
151.262085
88.177483
409.657166
343.822632
167.262985
88.177109
425.658661
343.821045
183.269592
88.173233
441.661926
343.823456
-120.738342
104.164627
137.649887
359.824615
-104.741043
104.175171
153.653458
359.823303
-88.737701
104.175728
169.656830
359.823914
-72.737793
104.176186
185.656921
359.822815
-56.737137
104.176804
201.656845
359.822632
-40.737350
104.176651
217.657074
359.822693
-24.737030
104.176910
233.657043
359.822540
-8.737335
104.176743
249.657089
359.822601
7.262955
104.176895
265.656982
359.822632
23.262711
104.176674
281.656921
359.822723
39.262939
104.177055
297.657013
359.822510
55.262589
104.176666
313.657135
359.822449
71.263092
104.176964
329.657043
359.822449
87.262711
104.176422
345.656921
359.822388
103.263092
104.176865
361.657104
359.822571
119.262634
104.176636
377.657166
359.822479
135.262894
104.176575
393.657166
359.822510
151.262192
104.177460
409.656982
359.822876
167.263367
104.177048
425.658722
359.821411
183.269485
104.173256
441.661469
359.823547
-120.738617
120.164871
137.649918
375.824524
-104.741089
120.175224
153.653717
375.823151
-88.738129
120.175934
169.657013
375.823730
-72.737946
120.176292
185.657303
375.822723
-56.737549
120.176819
201.657166
375.822266
-40.737534
120.176796
217.657410
375.822479
-24.737427
120.176941
233.657303
375.822266
-8.737534
120.176773
249.657440
375.822449
7.262482
120.176727
265.657288
375.822235
23.262451
120.176689
281.657288
375.822449
39.262573
120.176979
297.657440
375.822235
55.262390
120.176758
313.657318
375.822235
71.262604
120.176987
329.657379
375.822174
87.262466
120.176865
345.657349
375.822357
103.262619
120.176926
361.657288
375.822296
119.262543
120.176796
377.657562
375.822388
135.262482
120.176636
393.657349
375.822205
151.262039
120.177536
409.657288
375.822723
167.262955
120.177002
425.658600
375.821045
183.269638
120.173340
441.661804
375.823486
-120.738556
136.164795
137.650024
391.824585
-104.741287
136.174866
153.653793
391.823303
-88.738068
136.175598
169.657150
391.823853
-72.738251
136.176147
185.657242
391.822754
-56.737442
136.176697
201.657150
391.822540
-40.737640
136.176514
217.657364
391.822510
-24.737274
136.176682
233.657288
391.822510
-8.737625
136.176422
249.657394
391.822571
7.262695
136.176727
265.657257
391.822510
23.262360
136.176483
281.657288
391.822449
39.262695
136.176697
297.657349
391.822479
55.262329
136.176422
313.657196
391.822418
71.262741
136.176727
329.657410
391.822540
87.262329
136.176544
345.657349
391.822510
103.262695
136.176697
361.657349
391.822510
119.262360
136.176422
377.657471
391.822479
135.262482
136.176270
393.657288
391.822418
151.261917
136.177277
409.656921
391.822693
167.263168
136.176895
425.658630
391.821106
183.269302
136.172989
441.661316
391.823395
-120.739044
152.165283
137.649734
407.824677
-104.741943
152.175415
153.654449
407.823181
-88.739044
152.176285
169.656906
407.823181
-72.738861
152.176697
185.657333
407.822449
-56.738556
152.177155
201.656982
407.822021
-40.738403
152.177170
217.657440
407.822205
-24.738403
152.177277
233.657166
407.821899
-8.738495
152.177063
249.657547
407.822205
7.261520
152.177185
265.657288
407.821838
23.261734
152.177124
281.657501
407.822205
39.261597
152.177124
297.657288
407.821838
55.261414
152.176926
313.657471
407.822113
71.261612
152.177246
329.657349
407.821869
87.261536
152.176971
345.657440
407.822144
103.261627
152.177155
361.657288
407.821899
119.261642
152.177078
377.657654
407.822144
135.261444
152.176819
393.657288
407.821838
151.261536
152.177948
409.657410
407.822052
167.262161
152.176971
425.657684
407.820953
183.268661
152.173416
441.661194
407.824219
-120.737183
168.165436
137.650055
423.824860
-104.740784
168.173538
153.653168
423.821747
-88.737732
168.173767
169.655426
423.823669
-72.738419
168.174652
185.655212
423.822968
-56.737823
168.174652
201.655136
423.822754
-40.738068
168.174545
217.655365
423.822906
-24.737717
168.174576
233.655182
423.822815
-8.738113
168.174454
249.655212
423.822815
7.262344
168.174530
265.655243
423.822723
23.261932
168.174561
281.655426
423.822937
39.262253
168.174561
297.655212
423.822754
55.261902
168.174316
313.655304
423.822723
71.262405
168.174530
329.655334
423.822815
87.261948
168.174469
345.655304
423.822815
103.262329
168.174515
361.655273
423.822693
119.261902
168.174515
377.655457
423.822693
135.262283
168.174393
393.655243
423.822510
151.261185
168.175720
409.654755
423.822449
167.262741
168.175003
425.656708
423.821686
183.267822
168.173218
441.660370
423.824188
-120.739288
184.166641
137.654877
439.824738
-104.739426
184.168381
153.657272
439.820557
-88.740356
184.165680
169.659653
439.820679
-72.740433
184.165558
185.659393
439.820374
-56.740417
184.165405
201.659286
439.820068
-40.740433
184.165176
217.659561
439.820312
-24.740463
184.165085
233.659241
439.820007
-8.740387
184.165100
249.659607
439.820190
7.259506
184.165100
265.659424
439.819946
23.259552
184.165146
281.659637
439.820190
39.259445
184.165100
297.659485
439.819946
55.259567
184.165100
313.659729
439.820129
71.259476
184.165161
329.659393
439.820038
87.259644
184.165131
345.659607
439.820068
103.259567
184.165161
361.659363
439.819916
119.259735
184.165161
377.659637
439.820129
135.259628
184.165283
393.659424
439.819946
151.259537
184.165894
409.659546
439.820068
167.260422
184.167969
425.659302
439.818756
183.266922
184.167999
441.662598
439.820801
-239.746658
-238.915527
272.036438
273.852905
-207.733185
-238.903580
304.038116
273.859741
-175.735321
-238.903625
336.037506
273.860901
-143.734955
-238.903305
368.037476
273.861237
-111.735519
-238.901688
400.038269
273.861023
-79.735565
-238.903076
432.037842
273.861633
-47.735947
-238.902664
464.038086
273.861511
-15.736115
-238.902588
496.038300
273.861084
16.264954
-238.901352
528.037964
273.859863
48.260696
-238.892471
560.026245
273.862000
-239.739227
-206.902405
272.039490
305.843475
-207.723602
-206.890015
304.037415
305.844238
-175.723846
-206.889740
336.036774
305.844818
-143.723785
-206.889908
368.036682
305.845184
-111.724762
-206.887909
400.037476
305.845642
-79.724655
-206.888596
432.036865
305.845947
-47.724442
-206.887695
464.036621
305.846466
-15.723724
-206.887207
496.036865
305.846100
16.276947
-206.887268
528.037170
305.842743
48.277191
-206.885834
560.037598
305.851562
-239.738647
-174.904938
272.043060
337.843475
-207.720200
-174.893265
304.042389
337.843109
-175.719513
-174.892853
336.041443
337.843903
-143.718811
-174.893005
368.041656
337.843567
-111.719284
-174.890991
400.043243
337.843750
-79.718643
-174.891510
432.042175
337.844025
-47.718613
-174.890549
464.041748
337.843750
-15.718307
-174.890717
496.041992
337.843872
16.281540
-174.889694
528.042480
337.840820
48.279236
-174.887802
560.040344
337.849792
-239.738800
-142.904816
272.044067
369.845306
-207.721069
-142.892853
304.042358
369.844727
-175.719818
-142.891708
336.041107
369.845093
-143.719391
-142.891953
368.041473
369.844086
-111.719788
-142.890274
400.042999
369.844391
-79.719040
-142.891037
432.042114
369.844360
-47.719086
-142.889816
464.041687
369.844269
-15.718658
-142.890045
496.041870
369.844330
16.280869
-142.889008
528.042236
369.840698
48.279327
-142.887558
560.040222
369.849701
-239.739319
-110.904205
272.043823
401.843842
-207.721802
-110.893295
304.042938
401.843079
-175.721115
-110.892517
336.042206
401.843811
-143.721329
-110.892487
368.042267
401.842804
-111.721497
-110.890884
400.043091
401.843536
-79.721130
-110.891495
432.042511
401.843689
-47.720596
-110.890182
464.042206
401.843384
-15.720276
-110.890320
496.042328
401.843079
16.279770
-110.889282
528.043335
401.840118
48.279388
-110.887894
560.040283
401.849487
-239.739807
-78.903961
272.042969
433.842926
-207.722290
-78.893372
304.042999
433.841980
-175.721497
-78.892502
336.042603
433.842651
-143.721436
-78.892578
368.042236
433.842224
-111.721802
-78.890900
400.042938
433.842499
-79.721161
-78.891556
432.042236
433.842682
-47.720581
-78.890640
464.041809
433.842163
-15.720261
-78.890900
496.041779
433.841858
16.279449
-78.889603
528.043457
433.838226
48.279007
-78.888016
560.040527
433.848206
-239.739349
-46.903412
272.043152
465.843018
-207.721725
-46.894318
304.042328
465.841644
-175.720612
-46.893311
336.041626
465.842407
-143.720871
-46.893646
368.041260
465.841797
-111.720963
-46.892471
400.042511
465.841766
-79.720612
-46.892853
432.041748
465.842102
-47.720428
-46.891785
464.041626
465.841156
-15.719879
-46.891663
496.042358
465.840790
16.280212
-46.890503
528.043457
465.838135
48.278839
-46.888046
560.041748
465.848145
-239.738831
-14.903168
272.041962
497.842865
-207.721710
-14.893082
304.041718
497.840393
-175.720612
-14.891586
336.040588
497.841766
-143.720566
-14.892242
368.040405
497.840851
-111.720520
-14.891251
400.041718
497.840942
-79.720459
-14.891296
432.041199
497.841217
-47.719803
-14.890228
464.041412
497.840179
-15.718826
-14.889755
496.041656
497.839661
16.281265
-14.888611
528.043213
497.837677
48.280380
-14.887711
560.041504
497.848419
-239.739151
17.097794
272.040283
529.841003
-207.722702
17.107361
304.041840
529.839111
-175.722198
17.108917
336.041687
529.839844
-143.722000
17.108627
368.041840
529.839172
-111.722382
17.109909
400.042450
529.839355
-79.722473
17.109619
432.041382
529.840027
-47.721786
17.111206
464.042114
529.838928
-15.721313
17.110352
496.041595
529.838928
16.279495
17.110962
528.042969
529.837524
48.280273
17.111938
560.042725
529.848206
-239.730316
49.103989
272.045593
561.845825
-207.724335
49.111572
304.053009
561.844177
-175.723495
49.110489
336.052979
561.846191
-143.723679
49.110504
368.053680
561.845825
-111.723633
49.111588
400.053864
561.845703
-79.723663
49.111328
432.053741
561.845764
-47.723465
49.110931
464.054077
561.844727
-15.723129
49.110855
496.054169
561.844055
16.276398
49.112488
528.055420
561.843445
48.275696
49.116364
560.061279
561.848389
