-59.430290
-60.893982
68.697792
68.942230
-51.415741
-60.864174
76.742691
68.931458
-43.417038
-60.869621
84.744507
68.933067
-35.414948
-60.869926
92.742043
68.934021
-27.415470
-60.870255
100.744370
68.934006
-19.414890
-60.870346
108.741737
68.934128
-11.415550
-60.870178
116.744446
68.933853
-3.414864
-60.870323
124.741684
68.934097
4.584457
-60.870163
132.744415
68.933823
12.585121
-60.870338
140.741638
68.934074
20.584427
-60.870132
148.744446
68.933800
28.585155
-60.870323
156.741699
68.934074
36.584435
-60.870155
164.744385
68.933784
44.585125
-60.870331
172.741638
68.934052
52.584415
-60.870117
180.744431
68.933777
60.585136
-60.870316
188.741638
68.934052
68.584435
-60.870148
196.744385
68.933762
76.585129
-60.870331
204.741638
68.934036
84.584396
-60.870117
212.744415
68.933754
92.585144
-60.870323
220.741623
68.934036
100.584442
-60.870140
228.744385
68.933739
108.585129
-60.870323
236.741638
68.934036
116.584396
-60.870102
244.744400
68.933739
124.585129
-60.870323
252.741577
68.934006
132.584412
-60.870117
260.744354
68.933731
140.585114
-60.870346
268.741608
68.934006
148.584396
-60.870117
276.744385
68.933731
156.585129
-60.870323
284.741577
68.934006
164.584427
-60.870132
292.744385
68.933731
172.585129
-60.870331
300.741577
68.934006
180.584412
-60.870094
308.744415
68.933716
188.585144
-60.870331
316.741608
68.934006
196.584412
-60.870148
324.744354
68.933723
204.585129
-60.870316
332.741638
68.934021
212.584457
-60.870102
340.744476
68.933723
220.585159
-60.870270
348.741638
68.933968
228.584518
-60.870270
356.744568
68.933952
236.584259
-60.869537
364.739319
68.931587
244.580246
-60.878860
372.747528
68.941887
252.582718
-60.895340
380.669495
68.930405
-59.405643
-52.847557
68.711937
77.013763
-51.440216
-52.834030
76.749176
76.993774
-43.444721
-52.845474
84.747673
76.991943
-35.445423
-52.845016
92.744858
76.992828
-27.445789
-52.844978
100.748825
76.992813
-19.445332
-52.844948
108.744812
76.992775
-11.445671
-52.844818
116.748901
76.992844
-3.445324
-52.844940
124.744797
76.992737
4.554359
-52.844841
132.748932
76.992874
12.554668
-52.844933
140.744812
76.992722
20.554367
-52.844818
148.748901
76.992828
28.554661
-52.844917
156.744812
76.992729
36.554344
-52.844795
164.748917
76.992859
44.554653
-52.844910
172.744843
76.992729
52.554359
-52.844788
180.748917
76.992859
60.554657
-52.844910
188.744781
76.992737
68.554344
-52.844780
196.748932
76.992859
76.554642
-52.844902
204.744843
76.992722
84.554337
-52.844765
212.748901
76.992844
92.554642
-52.844879
220.744797
76.992722
100.554337
-52.844780
228.748917
76.992859
108.554626
-52.844872
236.744827
76.992729
116.554344
-52.844734
244.748917
76.992867
124.554619
-52.844864
252.744781
76.992729
132.554321
-52.844749
260.748901
76.992859
140.554611
-52.844864
268.744812
76.992744
148.554321
-52.844757
276.748932
76.992867
156.554611
-52.844856
284.744781
76.992729
164.554306
-52.844734
292.748932
76.992859
172.554611
-52.844849
300.744812
76.992729
180.554321
-52.844727
308.748901
76.992867
188.554626
-52.844849
316.744812
76.992744
196.554306
-52.844742
324.748901
76.992844
204.554626
-52.844856
332.744812
76.992706
212.554321
-52.844749
340.748932
76.992836
220.554642
-52.844849
348.744751
76.992645
228.554153
-52.845253
356.748840
76.993225
236.555298
-52.845947
364.745789
76.993668
244.548843
-52.848434
372.741302
76.994133
252.547333
-52.852318
380.633057
76.911934
-59.409019
-44.853958
68.713264
85.017113
-51.440670
-44.831810
76.756142
84.993446
-43.441975
-44.841187
84.748253
84.997955
-35.442913
-44.839806
92.748436
84.997902
-27.443230
-44.839531
100.749825
84.997910
-19.443134
-44.840004
108.748131
84.998024
-11.443317
-44.839523
116.749947
84.997856
-3.443069
-44.839966
124.748154
84.998062
4.556667
-44.839508
132.749969
84.997879
12.556953
-44.840004
140.748169
84.998055
20.556679
-44.839516
148.749939
84.997871
28.556957
-44.839981
156.748184
84.998108
36.556675
-44.839500
164.750000
84.997902
44.556969
-44.839973
172.748184
84.998093
52.556679
-44.839523
180.749969
84.997864
60.556995
-44.839943
188.748199
84.998108
68.556686
-44.839493
196.750031
84.997925
76.556961
-44.839958
204.748184
84.998108
84.556671
-44.839508
212.750000
84.997894
92.556976
-44.839951
220.748199
84.998123
100.556686
-44.839508
228.750031
84.997932
108.556969
-44.839958
236.748199
84.998116
116.556671
-44.839493
244.750000
84.997902
124.556999
-44.839935
252.748230
84.998123
132.556686
-44.839485
260.750000
84.997932
140.556976
-44.839943
268.748199
84.998123
148.556671
-44.839485
276.750000
84.997940
156.557007
-44.839951
284.748230
84.998161
164.556686
-44.839493
292.750031
84.997948
172.556976
-44.839943
300.748199
84.998123
180.556656
-44.839493
308.750000
84.997902
188.557007
-44.839935
316.748199
84.998138
196.556702
-44.839485
324.750031
84.997940
204.556976
-44.839943
332.748199
84.998138
212.556671
-44.839531
340.750000
84.997940
220.556885
-44.839867
348.748230
84.998100
228.556366
-44.839943
356.749969
84.998230
236.558472
-44.839417
364.751221
84.997353
244.551544
-44.841789
372.746368
85.002625
252.546402
-44.842102
380.636719
84.921494
-59.406540
-36.853783
68.714447
93.015480
-51.439625
-36.828217
76.755516
92.989517
-43.440773
-36.837608
84.751900
92.993912
-35.441822
-36.835052
92.749268
92.994125
-27.442078
-36.835999
100.753227
92.994530
-19.441849
-36.835564
108.748772
92.994339
-11.441998
-36.835815
116.753273
92.994537
-3.441811
-36.835510
124.748787
92.994331
4.558037
-36.835838
132.753311
92.994598
12.558174
-36.835548
140.748825
92.994354
20.558029
-36.835861
148.753296
92.994560
28.558182
-36.835510
156.748795
92.994377
36.558029
-36.835846
164.753326
92.994644
44.558167
-36.835556
172.748840
92.994423
52.558025
-36.835869
180.753326
92.994621
60.558189
-36.835526
188.748810
92.994385
68.558044
-36.835861
196.753326
92.994659
76.558167
-36.835541
204.748825
92.994446
84.558029
-36.835854
212.753311
92.994652
92.558197
-36.835503
220.748810
92.994431
100.558044
-36.835846
228.753342
92.994675
108.558167
-36.835526
236.748856
92.994476
116.558014
-36.835861
244.753326
92.994675
124.558182
-36.835503
252.748840
92.994438
132.558029
-36.835846
260.753357
92.994690
140.558167
-36.835541
268.748840
92.994484
148.558014
-36.835869
276.753296
92.994675
156.558212
-36.835510
284.748840
92.994469
164.558044
-36.835876
292.753357
92.994720
172.558182
-36.835556
300.748871
92.994499
180.558014
-36.835876
308.753296
92.994690
188.558212
-36.835510
316.748840
92.994469
196.558044
-36.835861
324.753357
92.994705
204.558136
-36.835518
332.748840
92.994476
212.558014
-36.835861
340.753357
92.994614
220.558167
-36.835556
348.748840
92.994507
228.557663
-36.836464
356.752808
92.995010
236.560089
-36.836143
364.751099
92.993919
244.552246
-36.838791
372.750366
92.999718
252.545837
-36.840462
380.636841
92.919006
-59.408302
-28.853828
68.713509
101.016312
-51.439632
-28.828682
76.755775
100.991585
-43.441185
-28.837936
84.750137
100.995377
-35.442722
-28.835670
92.749962
100.996300
-27.442791
-28.836182
100.751450
100.995682
-19.442814
-28.836143
108.749222
100.996582
-11.442833
-28.836113
116.751503
100.995613
-3.442711
-28.836075
124.749329
100.996620
4.557159
-28.836082
132.751480
100.995621
12.557301
-28.836067
140.749313
100.996597
20.557167
-28.836105
148.751495
100.995621
28.557281
-28.836060
156.749344
100.996613
36.557152
-28.836121
164.751480
100.995674
44.557297
-28.836113
172.749329
100.996643
52.557198
-28.836143
180.751495
100.995667
60.557327
-28.836067
188.749344
100.996658
68.557175
-28.836136
196.751511
100.995689
76.557312
-28.836052
204.749344
100.996674
84.557190
-28.836105
212.751526
100.995682
92.557320
-28.836029
220.749359
100.996674
100.557167
-28.836121
228.751495
100.995705
108.557327
-28.836082
236.749359
100.996704
116.557190
-28.836121
244.751526
100.995728
124.557312
-28.836060
252.749359
100.996696
132.557175
-28.836143
260.751526
100.995735
140.557343
-28.836075
268.749359
100.996719
148.557205
-28.836121
276.751556
100.995712
156.557312
-28.836044
284.749390
100.996704
164.557159
-28.836143
292.751526
100.995743
172.557343
-28.836052
300.749390
100.996735
180.557190
-28.836121
308.751556
100.995735
188.557327
-28.836029
316.749359
100.996704
196.557190
-28.836128
324.751556
100.995750
204.557343
-28.836044
332.749329
100.996750
212.557190
-28.836098
340.751587
100.995743
220.557205
-28.835991
348.749237
100.996742
228.556824
-28.836617
356.751160
100.996101
236.558990
-28.836273
364.751434
100.995789
244.552032
-28.839012
372.749664
101.001480
252.546234
-28.840019
380.636353
100.920357
-59.406559
-20.853844
68.714134
109.015274
-51.439411
-20.828072
76.755295
108.989418
-43.440777
-20.837181
84.751717
108.993736
-35.441837
-20.834808
92.749023
108.994118
-27.442284
-20.835640
100.752937
108.994438
-19.441872
-20.835327
108.748444
108.994339
-11.442177
-20.835533
116.753044
108.994453
-3.441811
-20.835236
124.748390
108.994354
4.557793
-20.835587
132.752960
108.994438
12.558189
-20.835297
140.748367
108.994385
20.557812
-20.835564
148.753021
108.994469
28.558140
-20.835205
156.748352
108.994362
36.557842
-20.835548
164.753006
108.994484
44.558132
-20.835335
172.748444
108.994377
52.557899
-20.835602
180.753098
108.994484
60.558243
-20.835304
188.748459
108.994438
68.557861
-20.835564
196.753113
108.994560
76.558159
-20.835258
204.748398
108.994446
84.557816
-20.835564
212.753021
108.994492
92.558167
-20.835266
220.748444
108.994431
100.557831
-20.835571
228.753067
108.994553
108.558182
-20.835281
236.748459
108.994431
116.557816
-20.835579
244.753082
108.994576
124.558167
-20.835274
252.748428
108.994492
132.557800
-20.835602
260.753082
108.994560
140.558197
-20.835304
268.748474
108.994476
148.557846
-20.835602
276.753052
108.994537
156.558167
-20.835236
284.748444
108.994476
164.557831
-20.835594
292.753052
108.994583
172.558151
-20.835266
300.748413
108.994476
180.557831
-20.835594
308.753082
108.994568
188.558182
-20.835281
316.748474
108.994469
196.557861
-20.835579
324.753113
108.994576
204.558151
-20.835281
332.748383
108.994438
212.557846
-20.835526
340.753113
108.994537
220.558136
-20.835312
348.748413
108.994537
228.557388
-20.836212
356.752502
108.994896
236.560028
-20.836037
364.750732
108.993919
244.552170
-20.838615
372.750336
108.999756
252.545929
-20.840302
380.636810
108.919075
-59.408176
-12.853973
68.713615
117.016357
-51.439602
-12.828857
76.755753
116.991631
-43.441196
-12.838081
84.750153
116.995255
-35.442848
-12.835838
92.749832
116.996231
-27.442848
-12.836456
100.751587
116.995758
-19.442650
-12.836227
108.749321
116.996498
-11.442791
-12.836327
116.751465
116.995468
-3.442730
-12.836288
124.749161
116.996414
4.557354
-12.836456
132.752014
116.995644
12.557365
-12.836227
140.749283
116.996651
20.557167
-12.836182
148.751633
116.995651
28.557281
-12.836227
156.749207
116.996536
36.557243
-12.836243
164.751465
116.995605
44.557362
-12.836250
172.749359
116.996506
52.557140
-12.836182
180.751617
116.995636
60.557270
-12.836212
188.749466
116.996674
68.557159
-12.836304
196.751694
116.995804
76.557358
-12.836288
204.749207
116.996712
84.557205
-12.836288
212.751556
116.995697
92.557297
-12.836243
220.749207
116.996628
100.557190
-12.836304
228.751648
116.995804
108.557220
-12.836182
236.749176
116.996658
116.557251
-12.836327
244.751678
116.995865
124.557259
-12.836266
252.749237
116.996750
132.557266
-12.836319
260.751678
116.995758
140.557343
-12.836258
268.749207
116.996758
148.557190
-12.836388
276.751678
116.995750
156.557358
-12.836197
284.749176
116.996780
164.557190
-12.836334
292.751526
116.995895
172.557220
-12.836304
300.749176
116.996658
180.557312
-12.836288
308.751587
116.995796
188.557312
-12.836182
316.749115
116.996735
196.557190
-12.836296
324.751648
116.995773
204.557281
-12.836266
332.749268
116.996643
212.557236
-12.836197
340.751617
116.995827
220.557251
-12.836082
348.749237
116.996887
228.556870
-12.836708
356.751251
116.996162
236.559021
-12.836296
364.751190
116.995728
244.552094
-12.839073
372.749664
117.001503
252.546188
-12.839920
380.636322
116.920387
-59.406502
-4.853729
68.714020
125.015121
-51.439259
-4.828384
76.755608
124.989685
-43.440918
-4.837128
84.751701
124.993736
-35.442188
-4.834915
92.748566
124.993973
-27.442398
-4.835976
100.752678
124.994766
-19.441994
-4.835663
108.747986
124.994812
-11.442490
-4.836411
116.752792
124.994080
-3.441666
-4.835686
124.748360
124.993919
4.557869
-4.836250
132.753021
124.994621
12.557812
-4.835663
140.747803
124.994644
20.557980
-4.836067
148.753021
124.994797
28.558178
-4.835342
156.748199
124.994514
36.557686
-4.835670
164.752991
124.994270
44.557674
-4.835182
172.748230
124.993942
52.557426
-4.835854
180.752792
124.994194
60.558357
-4.835587
188.747955
124.994705
68.557976
-4.835960
196.752563
124.994942
76.558311
-4.835724
204.748138
124.994743
84.557838
-4.835953
212.752930
124.994736
92.558136
-4.835449
220.748077
124.994431
100.557831
-4.836006
228.752869
124.994606
108.558426
-4.835571
236.748215
124.994499
116.557831
-4.836128
244.752686
124.994705
124.558228
-4.835548
252.748291
124.994438
132.557968
-4.836143
260.752991
124.994629
140.558167
-4.836029
268.747955
124.994431
148.558060
-4.836258
276.752930
124.994667
156.558350
-4.835831
284.747955
124.994720
164.557938
-4.836189
292.752716
124.994774
172.558350
-4.835976
300.748505
124.994576
180.557693
-4.836227
308.752472
124.994629
188.558090
-4.835754
316.748016
124.994240
196.558136
-4.836182
324.753143
124.994759
204.558075
-4.835678
332.747986
124.994568
212.557877
-4.836166
340.752533
124.994530
220.558426
-4.835823
348.748169
124.994682
228.557648
-4.836899
356.752563
124.995216
236.560165
-4.836517
364.750610
124.993835
244.552155
-4.838722
372.750183
124.999512
252.545898
-4.840370
380.636871
124.918930
-59.408272
3.145927
68.713333
133.016113
-51.439178
3.171120
76.756058
132.991989
-43.441265
3.161865
84.750053
132.995483
-35.443111
3.164314
92.748970
132.996155
-27.442936
3.163361
100.750687
132.995667
-19.442406
3.162941
108.748390
132.997101
-11.442513
3.163551
116.750916
132.995300
-3.442715
3.163399
124.748329
132.995819
4.557373
3.163841
132.750641
132.996124
12.557709
3.163628
140.749146
132.996841
20.557777
3.163513
148.751266
132.996033
28.557220
3.163895
156.749237
132.997009
36.556915
3.163788
164.751495
132.996216
44.556778
3.163727
172.749237
132.996704
52.556934
3.163956
180.750748
132.995117
60.557571
3.163109
188.748993
132.996429
68.557541
3.163673
196.751358
132.995712
76.557617
3.163536
204.749512
132.996735
84.556953
3.163895
212.751678
132.995758
92.557182
3.163086
220.749664
132.996552
100.557037
3.163391
228.751236
132.995605
108.557358
3.163574
236.749756
132.996124
116.557198
3.162613
244.751526
132.995743
124.557312
3.163429
252.749390
132.996277
132.557465
3.162964
260.751984
132.995438
140.557648
3.163361
268.749634
132.996368
148.557327
3.163437
276.752258
132.995285
156.557343
3.163086
284.749268
132.996567
164.557617
3.163528
292.751953
132.995880
172.557327
3.163177
300.749878
132.996658
180.557037
3.163040
308.751892
132.995773
188.557358
3.163551
316.749237
132.996185
196.557098
3.163193
324.751678
132.995789
204.557068
3.163223
332.749207
132.996506
212.557312
3.163055
340.751404
132.995331
220.557327
3.163498
348.749023
132.996338
228.557175
3.163033
356.752045
132.996307
236.558975
3.163193
364.751526
132.996140
244.551636
3.160782
372.749603
133.001236
252.546173
3.159889
380.636841
132.920441
-59.405758
11.146317
68.713852
141.014191
-51.438995
11.171043
76.755684
140.989426
-43.441048
11.162064
84.750961
140.993958
-35.441650
11.164474
92.748550
140.993881
-27.442142
11.162857
100.752319
140.993561
-19.440598
11.163948
108.747932
140.993500
-11.441666
11.163277
116.752960
140.994232
-3.442055
11.164162
124.748184
140.993225
4.557644
11.163422
132.752228
140.992676
12.558945
11.164734
140.748413
140.992645
20.558384
11.163971
148.753143
140.993744
28.558350
11.164169
156.748489
140.993912
36.558052
11.163345
164.752686
140.994629
44.558716
11.163963
172.748352
140.994568
52.557953
11.163429
180.752319
140.994141
60.559116
11.164116
188.747910
140.993317
68.558182
11.163864
196.752716
140.993347
76.558456
11.164253
204.748596
140.993866
84.557938
11.163292
212.752228
140.994308
92.558472
11.164368
220.748077
140.994354
100.558243
11.163406
228.752914
140.994110
108.558350
11.164139
236.747467
140.993973
116.557564
11.163696
244.752441
140.993713
124.558685
11.164429
252.748520
140.994156
132.557465
11.164467
260.752136
140.993820
140.558472
11.164375
268.747986
140.993591
148.557480
11.164108
276.752472
140.993469
156.558350
11.164848
284.747375
140.993576
164.557968
11.164192
292.752563
140.993958
172.558182
11.164597
300.748383
140.994232
180.557938
11.163780
308.752136
140.994232
188.558441
11.164345
316.747955
140.994553
196.557877
11.163658
324.752014
140.994904
204.558289
11.164047
332.747681
140.994141
212.558060
11.163956
340.752563
140.993713
220.558563
11.164192
348.748108
140.993713
228.557358
11.163391
356.751556
140.994766
236.560425
11.163734
364.750732
140.994568
244.551987
11.161270
372.749634
140.999542
252.545898
11.159607
380.637573
140.919739
-59.407887
19.145416
68.713478
149.015381
-51.439137
19.170090
76.755302
148.991516
-43.440975
19.161148
84.750031
148.995346
-35.442371
19.163521
92.749619
148.996048
-27.442413
19.163086
100.752274
148.995026
-19.442085
19.163292
108.748947
148.995560
-11.442345
19.163612
116.751465
148.994370
-3.442463
19.163681
124.749222
148.995880
4.556812
19.164413
132.751633
148.994293
12.557209
19.163773
140.749603
148.995346
20.557137
19.163780
148.751312
148.994263
28.557514
19.163445
156.749664
148.996124
36.556908
19.163437
164.751556
148.995117
44.557468
19.163231
172.749176
148.996033
52.557472
19.163651
180.751862
148.994507
60.557739
19.163254
188.749481
148.995728
68.557220
19.163498
196.751099
148.995117
76.557198
19.163261
204.748428
148.996216
84.557663
19.163521
212.750900
148.995026
92.557800
19.162758
220.748993
148.996399
100.557617
19.163223
228.751434
148.995239
108.557579
19.162674
236.748978
148.996353
116.557312
19.162590
244.750427
148.995667
124.557404
19.163040
252.748886
148.996613
132.557434
19.162270
260.750916
148.995743
140.557648
19.162560
268.748230
148.996399
148.557220
19.162857
276.750366
148.994507
156.557800
19.162903
284.748566
148.995819
164.557617
19.162857
292.750702
148.994736
172.557648
19.162918
300.748047
148.995895
180.557739
19.163231
308.751160
148.994904
188.557327
19.163048
316.748657
148.995575
196.557877
19.163483
324.750885
148.994690
204.558105
19.163536
332.749146
148.995789
212.557739
19.163483
340.751587
148.995087
220.557419
19.163528
348.748810
148.995911
228.556854
19.163193
356.751038
148.995056
236.559525
19.163300
364.751251
148.995422
244.551331
19.161156
372.749115
149.000214
252.546143
19.159126
380.636841
148.920319
-59.405811
27.146202
68.713486
157.013672
-51.438622
27.169800
76.755341
156.988403
-43.439980
27.161293
84.751343
156.992615
-35.440750
27.163727
92.748840
156.993347
-27.441830
27.163330
100.752777
156.992889
-19.440693
27.163162
108.748878
156.993607
-11.442242
27.163330
116.752441
156.992889
-3.441086
27.163353
124.748207
156.993347
4.557983
27.163315
132.752380
156.993027
12.559124
27.163406
140.748322
156.993500
20.557735
27.163429
148.752228
156.993073
28.558540
27.163658
156.748047
156.993378
36.557720
27.163544
164.752167
156.992874
44.559074
27.163406
172.748428
156.993607
52.558067
27.163277
180.752380
156.993225
60.559273
27.163452
188.748825
156.993637
68.557999
27.163330
196.752411
156.993179
76.558907
27.163803
204.748779
156.993195
84.558136
27.163582
212.752594
156.992859
92.558990
27.163994
220.748383
156.993103
100.558350
27.163452
228.752823
156.993469
108.558838
27.163902
236.748383
156.993240
116.558525
27.163315
244.752747
156.993195
124.558899
27.163933
252.748505
156.993500
132.558273
27.163673
260.752625
156.993210
140.558868
27.163910
268.748596
156.993271
148.558350
27.163918
276.752747
156.992828
156.559036
27.164238
284.748993
156.992966
164.557968
27.164017
292.753021
156.992615
172.558655
27.164734
300.748871
156.992401
180.558014
27.164124
308.753265
156.992798
188.558624
27.164711
316.748932
156.992950
196.558105
27.164162
324.753204
156.992737
204.558624
27.164207
332.748901
156.992798
212.558075
27.164032
340.752747
156.992554
220.558624
27.164268
348.748962
156.992950
228.557495
27.163330
356.752380
156.993118
236.560669
27.163651
364.751099
156.993134
244.552155
27.161362
372.750519
156.998764
252.546005
27.159309
380.638153
156.919861
-59.407749
35.145493
68.713196
165.014252
-51.438396
35.170364
76.755989
164.989838
-43.440235
35.161407
84.751236
164.993774
-35.442142
35.163948
92.750000
164.994324
-27.442245
35.163628
100.752174
164.993500
-19.441944
35.163727
108.749657
164.994659
-11.442451
35.163658
116.752022
164.993515
-3.442059
35.163673
124.749619
164.994385
4.557682
35.163712
132.752075
164.993317
12.558071
35.163734
140.749725
164.994598
20.557449
35.163788
148.751831
164.993652
28.557850
35.163849
156.749359
164.994522
36.557549
35.163834
164.752151
164.993301
44.557770
35.163872
172.749817
164.994324
52.557495
35.164009
180.752197
164.993515
60.557644
35.163765
188.749741
164.994690
68.557297
35.163742
196.751617
164.993805
76.557777
35.163483
204.749557
164.994843
84.557648
35.163605
212.751907
164.993912
92.557922
35.163490
220.749542
164.995056
100.557297
35.163383
228.751663
164.994019
108.557831
35.163277
236.749664
164.995117
116.557495
35.163429
244.751709
164.994080
124.557770
35.163353
252.749207
164.995026
132.557495
35.163383
260.751648
164.994125
140.557968
35.163399
268.749359
164.995193
148.557465
35.163559
276.751648
164.993973
156.557770
35.163544
284.749420
164.994995
164.557297
35.163528
292.751801
164.993927
172.557709
35.163849
300.749390
164.994873
180.557159
35.163910
308.751465
164.993927
188.557465
35.163727
316.749390
164.994995
196.557251
35.163635
324.751617
164.994049
204.557632
35.163452
332.749451
164.994934
212.557480
35.163727
340.751923
164.993927
220.557526
35.163902
348.749359
164.995392
228.556915
35.162994
356.751251
164.994629
236.559570
35.163528
364.751465
164.994690
244.551331
35.161324
372.749512
164.999786
252.545990
35.159691
380.637512
164.921173
-59.405586
43.146439
68.713272
173.012329
-51.438274
43.170677
76.756248
172.987152
-43.440208
43.162560
84.751747
172.991272
-35.441498
43.164627
92.749435
172.991776
-27.442253
43.164703
100.753105
172.991089
-19.441353
43.164978
108.749008
172.992050
-11.442707
43.164665
116.753090
172.991425
-3.441277
43.164772
124.749260
172.992096
4.557655
43.164764
132.753052
172.991318
12.558540
43.164604
140.749054
172.992172
20.557529
43.164536
148.752747
172.991486
28.558712
43.164642
156.749084
172.991943
36.557777
43.164627
164.753204
172.991547
44.558529
43.164597
172.749146
172.992126
52.557579
43.164520
180.752563
172.991653
60.558361
43.164146
188.748932
172.992371
68.557632
43.164093
196.752625
172.992218
76.558640
43.164154
204.749084
172.992554
84.557678
43.164177
212.752960
172.991699
92.558937
43.164307
220.749084
172.992447
100.557465
43.164299
228.752823
172.992004
108.558678
43.164230
236.748901
172.992676
116.557671
43.164185
244.752625
172.992142
124.558678
43.164131
252.748779
172.992554
132.557922
43.164139
260.752686
172.992035
140.559097
43.164101
268.748993
172.992584
148.557892
43.164284
276.753052
172.991882
156.558807
43.164246
284.748962
172.992767
164.557678
43.164055
292.752838
172.992264
172.558746
43.164131
300.748840
172.992737
180.557678
43.164207
308.752502
172.992310
188.558487
43.164299
316.748871
172.992676
196.557800
43.164001
324.752747
172.992371
204.558594
43.164131
332.749084
172.992432
212.557816
43.164215
340.752899
172.991943
220.558563
43.164070
348.748779
172.992950
228.557587
43.163307
356.752380
172.993073
236.560913
43.163704
364.751495
172.992798
244.551514
43.161980
372.750702
172.998016
252.545792
43.159111
380.638153
172.919952
-59.407887
51.145515
68.713318
181.013855
-51.438507
51.170601
76.756149
180.989349
-43.440430
51.162003
84.750900
180.993195
-35.442448
51.164642
92.750206
180.994019
-27.442822
51.164238
100.752213
180.992737
-19.442368
51.164711
108.749008
180.994156
-11.443058
51.164574
116.752373
180.992889
-3.442688
51.164696
124.749680
180.993561
4.557060
51.164787
132.752457
180.992722
12.557301
51.164757
140.749481
180.993973
20.557011
51.164368
148.751892
180.992706
28.557594
51.164734
156.749451
180.993912
36.557091
51.164665
164.752228
180.992783
44.557144
51.164536
172.749542
180.993683
52.557228
51.164223
180.752106
180.992706
60.557507
51.164665
188.749756
180.993668
68.557205
51.164391
196.751816
180.992523
76.557610
51.164307
204.749878
180.994171
84.557373
51.164246
212.752518
180.992920
92.557793
51.164383
220.749481
180.994354
100.557053
51.164474
228.751892
180.992874
108.557617
51.164246
236.749298
180.994110
116.557350
51.164223
244.751862
180.993134
124.557762
51.164185
252.749634
180.994171
132.557541
51.164093
260.752045
180.993011
140.557831
51.164307
268.749939
180.994141
148.557297
51.164230
276.752594
180.992905
156.557465
51.164200
284.749695
180.994080
164.557129
51.164185
292.752014
180.993134
172.557495
51.163971
300.749451
180.994263
180.557434
51.164131
308.751465
180.993317
188.557541
51.163902
316.749390
180.994003
196.557495
51.163742
324.751373
180.993118
204.557404
51.163940
332.749420
180.994171
212.556992
51.163963
340.751923
180.993103
220.557312
51.164268
348.748657
180.994217
228.557007
51.163818
356.751892
180.993530
236.559113
51.164093
364.751984
180.993652
244.550903
51.161911
372.750427
180.999634
252.545502
51.159904
380.637390
180.921066
-59.405743
59.146477
68.713318
189.012604
-51.438530
59.170845
76.756218
188.986710
-43.440140
59.162537
84.751427
188.990570
-35.441330
59.164818
92.749512
188.991882
-27.442581
59.165100
100.752861
188.991440
-19.441872
59.165207
108.748123
188.991745
-11.443027
59.165031
116.752800
188.991470
-3.441708
59.165413
124.749123
188.991913
4.557232
59.165268
132.752106
188.991302
12.557945
59.165031
140.748505
188.991913
20.557484
59.164818
148.752472
188.991440
28.558514
59.164635
156.748932
188.992096
36.557331
59.164803
164.752396
188.991638
44.558136
59.164757
172.748627
188.992279
52.557343
59.164772
180.752548
188.991455
60.558212
59.164909
188.749054
188.991943
68.557480
59.164680
196.752411
188.991364
76.558434
59.164909
204.748901
188.992035
84.557297
59.165092
212.752838
188.991150
92.558609
59.164635
220.748871
188.992249
100.557205
59.164772
228.752716
188.991455
108.558624
59.164833
236.749176
188.992004
116.557465
59.164764
244.752716
188.991241
124.558662
59.164406
252.749939
188.991821
132.557800
59.164764
260.753174
188.991211
140.558533
59.164993
268.749329
188.991913
148.557373
59.164932
276.753235
188.991760
156.558151
59.164749
284.748627
188.992081
164.557541
59.164703
292.752319
188.991638
172.558685
59.165131
300.749146
188.992523
180.557846
59.165054
308.752472
188.991669
188.559113
59.164162
316.749847
188.992218
196.557709
59.164398
324.752197
188.992096
204.558655
59.164154
332.748718
188.992676
212.557373
59.164543
340.752441
188.991623
220.558716
59.164627
348.748596
188.992218
228.557159
59.163750
356.752289
188.992355
236.560699
59.164398
364.751831
188.992447
244.551010
59.162231
372.750397
188.997955
252.545380
59.159264
380.638062
188.919693
-59.408012
67.145370
68.713547
197.014084
-51.438408
67.170540
76.756592
196.989532
-43.440289
67.161949
84.751297
196.993073
-35.442417
67.164757
92.749916
196.993759
-27.442722
67.164246
100.752098
196.993225
-19.442711
67.164818
108.748993
196.994293
-11.443180
67.164291
116.751411
196.993134
-3.442715
67.164230
124.749245
196.994171
4.557224
67.163933
132.751541
196.993469
12.557339
67.164307
140.749146
196.993896
20.557396
67.164505
148.751862
196.992920
28.557297
67.164391
156.749878
196.993805
36.557137
67.164307
164.751709
196.992798
44.557392
67.164589
172.749725
196.994202
52.557026
67.164001
180.751862
196.993408
60.557167
67.164246
188.749390
196.994324
68.557144
67.163933
196.751862
196.993210
76.557434
67.164246
204.749374
196.994049
84.557022
67.164207
212.751648
196.992889
92.557343
67.164635
220.749161
196.993881
100.557312
67.164444
228.751923
196.992706
108.557281
67.164757
236.749329
196.993652
116.557022
67.164589
244.752075
196.992249
124.557251
67.164963
252.749939
196.993500
132.557083
67.164902
260.752350
196.992966
140.557144
67.164589
268.749023
196.994141
148.556793
67.164139
276.751495
196.993378
156.556992
67.164490
284.748871
196.994507
164.557129
67.163841
292.751526
196.993179
172.557922
67.164444
300.749207
196.994415
180.557816
67.164322
308.752563
196.992615
188.558090
67.164207
316.750366
196.994125
196.556976
67.164116
324.751526
196.993179
204.557587
67.163521
332.749817
196.994141
212.557632
67.163925
340.752106
196.992981
220.557861
67.164314
348.749847
196.994293
228.556915
67.163513
356.751770
196.993774
236.559357
67.164276
364.752258
196.993835
244.550964
67.161484
372.750580
196.999649
252.545532
67.159851
380.637207
196.920990
-59.405823
75.146309
68.713493
205.012756
-51.438438
75.170692
76.755905
204.987030
-43.440140
75.162529
84.751701
204.990829
-35.441433
75.165131
92.749352
204.991776
-27.442654
75.164894
100.752457
204.991425
-19.441345
75.164833
108.748795
204.992081
-11.442513
75.164612
116.752686
204.992004
-3.441677
75.164894
124.748947
204.992386
4.557560
75.164612
132.752777
204.991394
12.558582
75.164841
140.749298
204.991760
20.557899
75.164688
148.752594
204.991760
28.558289
75.164749
156.749115
204.992218
36.557217
75.164619
164.752441
204.991394
44.558231
75.164833
172.748871
204.991821
52.557610
75.164627
180.752625
204.991699
60.558365
75.164505
188.748154
204.992096
68.557617
75.164352
196.752045
204.992310
76.558075
75.164894
204.748566
204.992203
84.557434
75.164337
212.752594
204.991608
92.558701
75.164757
220.748520
204.992096
100.557388
75.164680
228.752441
204.991577
108.558548
75.164810
236.748749
204.992508
116.557114
75.164604
244.752518
204.991364
124.558167
75.164963
252.748154
204.991989
132.556976
75.164276
260.752075
204.991623
140.558350
75.164734
268.748474
204.992706
148.557663
75.164581
276.752197
204.991791
156.558365
75.164490
284.748535
204.992111
164.557770
75.164619
292.752472
204.991669
172.558685
75.164894
300.748718
204.991837
180.557861
75.165070
308.753418
204.990921
188.558212
75.165115
316.749603
204.991974
196.557251
75.164223
324.752319
204.991821
204.558609
75.164474
332.748596
204.992294
212.557861
75.164436
340.752930
204.991577
220.558380
75.164505
348.748779
204.991974
228.557556
75.163834
356.752686
204.991943
236.560486
75.164093
364.751953
204.992554
244.550888
75.162292
372.750397
204.997635
252.545715
75.159683
380.638367
204.919998
-59.407867
83.145317
68.713554
213.014435
-51.438324
83.170395
76.756271
212.990021
-43.440266
83.161469
84.750870
212.993439
-35.442291
83.164658
92.749748
212.993835
-27.442291
83.164696
100.752335
212.992920
-19.442467
83.165092
108.749626
212.994202
-11.443146
83.165207
116.751694
212.992752
-3.442970
83.164520
124.749847
212.994019
4.556854
83.164246
132.751709
212.993393
12.557072
83.163506
140.749237
212.994141
20.557648
83.164078
148.751297
212.992645
28.557663
83.164345
156.749893
212.994781
36.556652
83.164398
164.751938
212.993774
44.557186
83.164124
172.749268
212.994537
52.557114
83.163788
180.751648
212.993591
60.557373
83.164276
188.748825
212.994873
68.557007
83.163521
196.751129
212.993622
76.557518
83.163788
204.748688
212.994720
84.557274
83.164299
212.751633
212.993317
92.557495
83.163925
220.749298
212.994354
100.557388
83.164207
228.751663
212.993011
108.557892
83.164146
236.749069
212.994797
116.556992
83.164024
244.752228
212.993195
124.557785
83.164162
252.749283
212.994324
132.556992
83.164566
260.752075
212.992981
140.557663
83.164314
268.749329
212.993958
148.557022
83.164116
276.752380
212.993347
156.557617
83.163826
284.749664
212.994659
164.557617
83.163788
292.751953
212.992874
172.558319
83.164604
300.749268
212.993958
180.558105
83.164284
308.753082
212.993393
188.556992
83.164276
316.749481
212.994812
196.557114
83.163696
324.751831
212.993393
204.557602
83.163567
332.749207
212.994843
212.556961
83.163528
340.751526
212.993378
220.557678
83.164047
348.749634
212.994781
228.556931
83.163437
356.751984
212.993896
236.559326
83.164062
364.752197
212.994324
244.550735
83.162025
372.750000
212.999863
252.545425
83.159615
380.637268
212.920624
-59.405796
91.145981
68.713715
221.012604
-51.437996
91.170296
76.755844
220.987183
-43.439823
91.162163
84.752563
220.990906
-35.441227
91.164825
92.750008
220.991699
-27.442463
91.164803
100.753113
220.991119
-19.441360
91.164665
108.749298
220.992096
-11.442661
91.164749
116.752579
220.991943
-3.441597
91.164436
124.748878
220.992584
4.557480
91.164246
132.752228
220.992279
12.558697
91.164444
140.749207
220.992310
20.557537
91.164978
148.752640
220.990845
28.558395
91.164597
156.748718
220.992050
36.557579
91.164566
164.752380
220.991852
44.558506
91.164093
172.748535
220.992737
52.557617
91.164436
180.752533
220.991562
60.558983
91.164162
188.748596
220.992462
68.557701
91.164658
196.752808
220.991882
76.558777
91.164383
204.749115
220.992432
84.557526
91.163895
212.752594
220.991882
92.558762
91.164604
220.748718
220.992493
100.557510
91.164345
228.752670
220.991608
108.558640
91.164764
236.748428
220.992737
116.557220
91.164932
244.752945
220.991577
124.558838
91.164978
252.748749
220.991608
132.557602
91.164536
260.752472
220.991486
140.558640
91.164619
268.748871
220.992401
148.557556
91.164413
276.752563
220.992096
156.558594
91.164482
284.749298
220.992447
164.557770
91.164421
292.752441
220.991013
172.559174
91.164322
300.748962
220.991791
180.557892
91.164703
308.753204
220.992126
188.558212
91.165146
316.748932
220.992142
196.557617
91.164131
324.752655
220.991943
204.558289
91.164391
332.748413
220.992737
212.557678
91.164551
340.752502
220.991440
220.558517
91.164581
348.748627
220.991623
228.557312
91.164124
356.752563
220.991455
236.560715
91.164101
364.751495
220.992462
244.550858
91.162224
372.750092
220.998291
252.545853
91.159645
380.638214
220.919891
-59.408005
99.145531
68.713463
229.014130
-51.438381
99.170525
76.756363
228.989258
-43.440365
99.162125
84.751320
228.993256
-35.442966
99.164658
92.750359
228.993591
-27.443092
99.164841
100.751930
228.993179
-19.442871
99.164566
108.750031
228.994125
-11.443100
99.164467
116.751671
228.992889
-3.442341
99.164368
124.750076
228.994049
4.557354
99.164368
132.751923
228.993347
12.557400
99.163895
140.749725
228.994598
20.557171
99.163773
148.751724
228.993500
28.557644
99.163956
156.749298
228.994446
36.556934
99.164337
164.751892
228.993073
44.557648
99.164314
172.749756
228.994354
52.556927
99.163956
180.752380
228.993286
60.557423
99.164291
188.749451
228.994049
68.557358
99.163933
196.751846
228.993286
76.557381
99.164078
204.749756
228.994781
84.556908
99.163933
212.751862
228.993439
92.557648
99.163902
220.748779
228.994415
100.557312
99.163712
228.752151
228.993271
108.557800
99.164246
236.749054
228.994736
116.556740
99.163895
244.752228
228.993896
124.557449
99.163666
252.749344
228.994751
132.557098
99.163956
260.751617
228.993195
140.557343
99.164467
268.749512
228.994080
148.556824
99.163918
276.752228
228.993317
156.557526
99.164101
284.749237
228.994690
164.557266
99.164261
292.751343
228.992767
172.557953
99.164772
300.748505
228.994202
180.557144
99.164368
308.753021
228.993088
188.557159
99.165390
316.749268
228.993958
196.557083
99.163872
324.752502
228.993469
204.557434
99.163879
332.748535
228.994843
212.557465
99.163750
340.751709
228.993958
220.557495
99.163872
348.749176
228.994843
228.556778
99.163086
356.751892
228.993927
236.559174
99.163757
364.751678
228.994629
244.550888
99.161819
372.749664
228.999969
252.545868
99.159500
380.637634
228.921036
-59.405773
107.146004
68.713974
237.012848
-51.438492
107.170883
76.755615
236.987244
-43.440586
107.162262
84.751854
236.991272
-35.442112
107.164986
92.748520
236.991928
-27.442570
107.164528
100.751579
236.991882
-19.441872
107.164856
108.748947
236.992523
-11.442688
107.164276
116.752808
236.991821
-3.441879
107.164711
124.748543
236.991867
4.557434
107.164391
132.752243
236.991730
12.558567
107.164108
140.748352
236.992981
20.557648
107.164391
148.752716
236.991531
28.558987
107.164711
156.749176
236.991974
36.557457
107.164909
164.753235
236.991455
44.558380
107.164780
172.748856
236.992340
52.557533
107.164192
180.753204
236.992188
60.558407
107.164673
188.748566
236.992416
68.557503
107.164307
196.752457
236.991943
76.558136
107.164642
204.748581
236.992844
84.557022
107.164444
212.752182
236.992340
92.558441
107.164825
220.748306
236.992371
100.557526
107.164345
228.752686
236.991623
108.558319
107.164673
236.748383
236.992126
116.557434
107.164604
244.752548
236.992004
124.558731
107.164993
252.749359
236.992279
132.557556
107.164352
260.752563
236.991638
140.558533
107.164581
268.749268
236.992737
148.557312
107.164322
276.752258
236.992462
156.558731
107.164230
284.748199
236.992432
164.557770
107.164452
292.751862
236.991241
172.558212
107.165070
300.748901
236.991547
180.557724
107.165146
308.753479
236.991211
188.558319
107.165840
316.749023
236.991745
196.557159
107.164261
324.752960
236.991852
204.558624
107.163956
332.748260
236.992889
212.557831
107.164284
340.752228
236.992035
220.558640
107.164352
348.748840
236.992371
228.557175
107.163727
356.752686
236.992279
236.560486
107.164207
364.751709
236.992279
244.551300
107.162323
372.750336
236.998077
252.545624
107.159477
380.638184
236.920105
-59.407852
115.145416
68.713455
245.014206
-51.438229
115.170235
76.756065
244.989975
-43.440582
115.161758
84.750610
244.994354
-35.442860
115.164131
92.749886
244.994415
-27.442619
115.164024
100.751160
244.993225
-19.442562
115.164024
108.748917
244.994659
-11.442867
115.163773
116.751549
244.993591
-3.442654
115.164047
124.749321
244.994507
4.557037
115.164139
132.751587
244.992905
12.558025
115.164474
140.749039
244.994186
20.557533
115.164467
148.752258
244.992691
28.557655
115.164116
156.749939
244.994156
36.556652
115.164230
164.751709
244.992966
44.557549
115.164391
172.749176
244.994293
52.557472
115.164085
180.752106
244.993454
60.557713
115.163818
188.749451
244.994446
68.557541
115.164116
196.751907
244.993683
76.557419
115.163841
204.749298
244.995056
84.556931
115.163483
212.751373
244.993607
92.557755
115.163940
220.748779
244.994446
100.557266
115.163414
228.751892
244.993805
108.557312
115.164040
236.749405
244.994202
116.557137
115.163994
244.752014
244.992523
124.557678
115.163895
252.750092
244.994812
132.556656
115.164116
260.751434
244.993805
140.557587
115.163429
268.749542
244.994843
148.557526
115.163490
276.751526
244.993744
156.558136
115.164276
284.748901
244.994705
164.557816
115.164383
292.752106
244.993317
172.557068
115.164124
300.749237
244.993530
180.557602
115.164581
308.753296
244.993195
188.557632
115.164940
316.749664
244.994263
196.557129
115.164223
324.752136
244.993713
204.557465
115.164337
332.749237
244.994675
212.557419
115.164124
340.752594
244.993408
220.557037
115.164459
348.749756
244.994537
228.556778
115.163383
356.751709
244.994232
236.558945
115.163994
364.751678
244.993958
244.550797
115.161995
372.749084
244.999741
252.545685
115.160011
380.637390
244.921204
-59.406040
123.146042
68.713608
253.012970
-51.438488
123.170502
76.755783
252.987091
-43.439991
123.161858
84.751373
252.991547
-35.441395
123.164711
92.749443
252.992493
-27.442295
123.164513
100.752457
252.991760
-19.441677
123.164513
108.748680
252.992538
-11.442230
123.164192
116.752739
252.991974
-3.440979
123.163963
124.748993
252.992371
4.557861
123.164024
132.752792
252.991791
12.559113
123.164146
140.748718
252.992325
20.557697
123.163918
148.753021
252.991776
28.558983
123.164589
156.749390
252.992645
36.557236
123.164780
164.752579
252.992050
44.558247
123.164749
172.748535
252.992142
52.557556
123.164009
180.752869
252.991547
60.559048
123.164284
188.749207
252.992172
68.557877
123.164825
196.752792
252.991577
76.558777
123.164444
204.748795
252.993057
84.557617
123.164490
212.752960
252.992294
92.558693
123.164780
220.748840
252.992126
100.557968
123.164398
228.753052
252.991608
108.558907
123.164474
236.748291
252.992920
116.557243
123.164925
244.752716
252.991699
124.558258
123.164848
252.747894
252.992432
132.557190
123.164871
260.752197
252.991714
140.558289
123.165039
268.748810
252.992584
148.556976
123.164696
276.752777
252.991302
156.559052
123.165337
284.749298
252.992157
164.557297
123.164642
292.753174
252.992188
172.558395
123.164871
300.748871
252.992126
180.557785
123.164375
308.753204
252.991806
188.558655
123.165184
316.748505
252.991455
196.557770
123.164711
324.752869
252.990967
204.558334
123.165146
332.748840
252.992020
212.557541
123.165062
340.753113
252.992310
220.558151
123.164429
348.748688
252.993057
228.557327
123.163544
356.752441
252.992783
236.560303
123.163689
364.751617
252.992798
244.550964
123.161949
372.750122
252.998016
252.545563
123.159485
380.637695
252.919312
-59.407867
131.145615
68.713478
261.014221
-51.438686
131.171005
76.756828
260.989075
-43.440586
131.162415
84.750443
260.993195
-35.442890
131.164886
92.749901
260.994202
-27.442959
131.164276
100.751892
260.993134
-19.442802
131.164368
108.748596
260.993713
-11.442604
131.164124
116.753120
260.993103
-3.442039
131.164124
124.749390
260.994995
4.557438
131.163696
132.752441
260.993591
12.557869
131.164200
140.749908
260.994446
20.557384
131.164505
148.752045
260.992889
28.557514
131.164612
156.749939
260.993774
36.557018
131.164093
164.751816
260.993378
44.557598
131.164154
172.749298
260.994507
52.557148
131.164307
180.751923
260.992645
60.557655
131.164429
188.750427
260.993958
68.557106
131.164185
196.752228
260.992950
76.557343
131.164795
204.748520
260.994659
84.556999
131.164032
212.751999
260.993469
92.557915
131.163574
220.749512
260.994629
100.557350
131.163940
228.751495
260.993469
108.558624
131.163818
236.749771
260.995117
116.557404
131.163986
244.751740
260.993805
124.557465
131.163712
252.749817
260.994781
132.557373
131.164093
260.751648
260.993835
140.556870
131.164032
268.749451
260.994751
148.557022
131.164185
276.751312
260.993530
156.557098
131.164474
284.749237
260.994385
164.556732
131.163788
292.750732
260.993225
172.557495
131.164597
300.748901
260.994232
180.557053
131.163513
308.751740
260.993073
188.557953
131.164536
316.749878
260.994568
196.556900
131.164398
324.752502
260.992920
204.557526
131.164490
332.749817
260.993713
212.556702
131.164688
340.751831
260.993652
220.556793
131.164398
348.749603
260.994385
228.557083
131.162949
356.751526
260.994049
236.559341
131.163651
364.751526
260.994965
244.551651
131.161438
372.750092
261.000427
252.545288
131.159729
380.636963
260.920685
-59.405891
139.145920
68.713760
269.013123
-51.438534
139.170670
76.756203
268.987427
-43.440384
139.162247
84.750809
268.991547
-35.441479
139.165039
92.749146
268.992615
-27.442856
139.164215
100.752548
268.992676
-19.441944
139.164780
108.748810
268.992310
-11.442310
139.164566
116.752998
268.991180
-3.441055
139.164612
124.748947
268.992126
4.557865
139.164551
132.752899
268.991913
12.558681
139.165100
140.749207
268.992401
20.557358
139.164307
148.752533
268.992157
28.558205
139.164551
156.748260
268.992645
36.557713
139.164490
164.752136
268.992065
44.558578
139.164642
172.748596
268.992371
52.558048
139.164673
180.753632
268.991852
60.558205
139.164886
188.749329
268.992523
68.557327
139.165405
196.752625
268.991241
76.558701
139.165405
204.748383
268.992340
84.557022
139.164673
212.753143
268.992065
92.558517
139.165115
220.749191
268.991791
100.558014
139.164200
228.753357
268.991150
108.558861
139.165283
236.749161
268.991241
116.558319
139.165558
244.753998
268.991241
124.558121
139.165710
252.749329
268.992035
132.557861
139.164185
260.753082
268.992462
140.558319
139.164429
268.748779
268.992859
148.557587
139.163864
276.752625
268.992157
156.558090
139.163803
284.747986
268.993408
164.557312
139.164169
292.751984
268.992157
172.558716
139.164566
300.748474
268.992279
180.557297
139.164825
308.752808
268.991760
188.558365
139.165024
316.749207
268.992249
196.557434
139.164566
324.752869
268.991730
204.558014
139.165680
332.748962
268.992249
212.556686
139.164795
340.752136
268.992310
220.558060
139.164398
348.748352
268.992767
228.557419
139.163574
356.752625
268.992676
236.560745
139.163818
364.750763
268.993164
244.551712
139.161774
372.750305
268.999023
252.545547
139.159393
380.637939
268.919922
-59.408024
147.145508
68.713379
277.014709
-51.439156
147.170425
76.756126
276.989716
-43.440495
147.162018
84.750427
276.993164
-35.442856
147.164383
92.749496
276.993988
-27.442924
147.164200
100.751465
276.993805
-19.442520
147.163742
108.749794
276.994324
-11.442577
147.163971
116.752243
276.993164
-3.442410
147.164505
124.749252
276.994202
4.557281
147.164261
132.752716
276.993134
12.557430
147.164307
140.749695
276.994598
20.556747
147.164291
148.751617
276.993317
28.557217
147.164261
156.749542
276.994080
36.557304
147.164124
164.751892
276.993439
44.557068
147.164581
172.749359
276.994019
52.557175
147.163986
180.751740
276.993286
60.557087
147.164536
188.749481
276.994446
68.557068
147.164261
196.751648
276.993408
76.557281
147.164810
204.748505
276.994354
84.556694
147.164215
212.751984
276.993317
92.557495
147.164246
220.750031
276.993835
100.557060
147.164474
228.752258
276.993042
108.557007
147.164291
236.750092
276.993958
116.556549
147.163925
244.751724
276.993378
124.556732
147.164307
252.749420
276.995056
132.556671
147.163849
260.751526
276.994049
140.557800
147.163483
268.748901
276.995544
148.557114
147.163422
276.751709
276.994446
156.558121
147.163147
284.748383
276.994904
164.557999
147.163849
292.751801
276.993774
172.557068
147.164307
300.749207
276.993866
180.557220
147.164276
308.752289
276.993652
188.556427
147.164093
316.749359
276.994690
196.556808
147.163696
324.750916
276.993774
204.557480
147.163879
332.748474
276.995636
212.556595
147.163910
340.750793
276.993774
220.557541
147.163971
348.749023
276.994781
228.556732
147.163300
356.751465
276.993652
236.559326
147.163696
364.752441
276.994507
244.551285
147.161270
372.749603
277.000427
252.546143
147.159561
380.637238
276.921173
-59.406166
155.145752
68.713631
285.013275
-51.438404
155.170639
76.756073
284.987701
-43.440422
155.162109
84.751549
284.991760
-35.441803
155.165131
92.748840
284.992188
-27.442341
155.164597
100.751923
284.992157
-19.441620
155.164490
108.748642
284.992554
-11.442146
155.164261
116.752663
284.991943
-3.441383
155.164688
124.748383
284.992340
4.557442
155.164520
132.752533
284.992065
12.558582
155.164917
140.749359
284.992462
20.557423
155.164612
148.752441
284.991760
28.558178
155.164932
156.748703
284.992188
36.557907
155.164627
164.752686
284.992035
44.558346
155.164734
172.748611
284.992615
52.557613
155.164551
180.752594
284.992371
60.558426
155.164429
188.747910
284.993103
68.557701
155.164642
196.752792
284.992310
76.558167
155.164948
204.747955
284.992523
84.557678
155.164551
212.753235
284.992676
92.558121
155.164505
220.748474
284.992798
100.557457
155.164093
228.751923
284.992645
108.558014
155.164764
236.748413
284.993378
116.556976
155.164246
244.752625
284.992371
124.558365
155.164978
252.748367
284.992493
132.557434
155.165039
260.752380
284.991821
140.558609
155.165054
268.747894
284.992157
148.557526
155.164810
276.752472
284.991974
156.559036
155.165070
284.748657
284.992706
164.557755
155.165283
292.752747
284.992310
172.558151
155.165070
300.748901
284.992126
180.557129
155.163986
308.752563
284.992188
188.557907
155.164566
316.748108
284.992584
196.557434
155.164017
324.751831
284.992188
204.558777
155.164520
332.748566
284.992889
212.557800
155.164566
340.753021
284.992096
220.558655
155.165024
348.749084
284.992157
228.557266
155.163925
356.753113
284.992767
236.560120
155.164093
364.751221
284.992645
244.551331
155.162262
372.749847
284.997986
252.545456
155.159531
380.637909
284.919586
-59.407719
163.145264
68.713219
293.014526
-51.438526
163.170380
76.756310
292.989868
-43.440582
163.161423
84.750320
292.994141
-35.442856
163.163849
92.749649
292.994110
-27.442440
163.163696
100.750854
292.994019
-19.442390
163.164032
108.749603
292.994904
-11.442520
163.163834
116.751778
292.993652
-3.443092
163.164444
124.748878
292.994324
4.556892
163.163849
132.752075
292.993439
12.557262
163.163773
140.748825
292.994720
20.556976
163.163696
148.751846
292.993439
28.557270
163.163971
156.748749
292.995148
36.556782
163.164429
164.751770
292.993347
44.557205
163.164307
172.749313
292.993988
52.556892
163.164169
180.751724
292.993103
60.557446
163.164246
188.749390
292.994690
68.557426
163.164032
196.752182
292.993561
76.557541
163.164032
204.749725
292.994507
84.556839
163.163544
212.751190
292.994324
92.557320
163.163696
220.749405
292.995148
100.557541
163.163696
228.750824
292.993408
108.557632
163.163177
236.748947
292.995667
116.557007
163.164368
244.751617
292.994141
124.557175
163.163666
252.749054
292.994873
132.557236
163.163788
260.752258
292.994141
140.556976
163.164078
268.748352
292.994171
148.558151
163.163727
276.752106
292.993439
156.557159
163.164490
284.748779
292.994324
164.557205
163.164032
292.752136
292.993530
172.556732
163.164246
300.749390
292.994263
180.556732
163.163727
308.751251
292.993530
188.556839
163.163971
316.749390
292.994690
196.557312
163.163803
324.751831
292.993835
204.557419
163.164078
332.748779
292.994598
212.557312
163.164032
340.753540
292.993835
220.556488
163.163971
348.748718
292.994690
228.556442
163.163116
356.750580
292.994537
236.558914
163.163788
364.751770
292.995087
244.551041
163.160797
372.749603
293.000610
252.546127
163.159668
380.636658
292.920959
-59.406109
171.145950
68.713814
301.013367
-51.438541
171.170273
76.755180
300.987366
-43.439960
171.161774
84.751587
300.991791
-35.441460
171.165222
92.749908
300.992401
-27.442398
171.164368
100.752258
300.991730
-19.441368
171.164612
108.749031
300.992249
-11.442242
171.164612
116.753143
300.992188
-3.441845
171.164398
124.748459
300.992920
4.557129
171.164352
132.752396
300.992401
12.557922
171.164291
140.748230
300.992462
20.557392
171.164413
148.752487
300.992004
28.558315
171.164612
156.747406
300.992615
36.557869
171.164764
164.752930
300.993011
44.557915
171.164505
172.748260
300.993134
52.557159
171.164307
180.752472
300.992065
60.558868
171.165192
188.749268
300.992493
68.557205
171.164368
196.753082
300.992645
76.557510
171.164581
204.747940
300.992371
84.557419
171.164337
212.752167
300.992126
92.558907
171.164307
220.748810
300.992371
100.558144
171.164337
228.752899
300.992126
108.558479
171.164368
236.748199
300.992920
116.557785
171.164490
244.752762
300.993011
124.558434
171.165039
252.748505
300.993469
132.557388
171.164230
260.751831
300.993561
140.558960
171.165131
268.748871
300.992554
148.558365
171.165009
276.753296
300.991638
156.558380
171.164963
284.749329
300.991882
164.557434
171.164459
292.753113
300.991638
172.558655
171.164551
300.749451
300.992706
180.557648
171.164413
308.753052
300.992432
188.558701
171.164764
316.748962
300.992889
196.557083
171.164597
324.752167
300.992371
204.558777
171.164917
332.749023
300.993225
212.557541
171.163986
340.752991
300.993347
220.558044
171.164291
348.748291
300.993439
228.557388
171.163422
356.751434
300.993042
236.560760
171.163589
364.751282
300.992676
244.551819
171.162018
372.750183
300.998230
252.545715
171.159409
380.638184
300.919495
-59.407944
179.145264
68.713951
309.014709
-51.438923
179.170563
76.756248
308.989349
-43.440369
179.161926
84.751030
308.993103
-35.442669
179.164551
92.749939
308.994537
-27.442764
179.164062
100.751968
308.993256
-19.442299
179.163864
108.749649
308.994263
-11.442307
179.164200
116.752022
308.994263
-3.443050
179.164215
124.748924
308.994507
4.557186
179.163330
132.751465
308.993805
12.557583
179.164368
140.748688
308.995300
20.556824
179.163452
148.751358
308.994080
28.557617
179.164215
156.748199
308.994385
36.557606
179.163849
164.751251
308.994049
44.557808
179.164001
172.749390
308.995239
52.557480
179.163666
180.751953
308.993713
60.557343
179.163910
188.749054
308.995483
68.556671
179.163452
196.750870
308.994904
76.556877
179.163528
204.749252
308.994659
84.557907
179.163544
212.751053
308.994019
92.557045
179.163666
220.749680
308.994598
100.557327
179.163788
228.751755
308.993530
108.557358
179.164154
236.749268
308.994843
116.557014
179.163788
244.751404
308.994080
124.557373
179.164124
252.747650
308.995972
132.557281
179.164413
260.751404
308.994537
140.557953
179.164078
268.750122
308.995483
148.556564
179.163910
276.752563
308.994690
156.556458
179.163208
284.749451
308.994324
164.556824
179.163269
292.751587
308.993256
172.557739
179.163773
300.749451
308.994141
180.557373
179.163788
308.751099
308.994080
188.556885
179.164398
316.749084
308.994843
196.557083
179.163696
324.750916
308.993988
204.557312
179.164154
332.748169
308.994843
212.556686
179.163651
340.751587
308.994049
220.556992
179.163757
348.748657
308.995300
228.557159
179.163025
356.750977
308.994568
236.559341
179.163788
364.751587
308.994537
244.550842
179.161041
372.749512
308.999725
252.546219
179.160004
380.636963
308.920959
-59.406044
187.145844
68.713844
317.013580
-51.438454
187.170776
76.755920
316.987701
-43.440456
187.162247
84.751938
316.992096
-35.441795
187.164825
92.748123
316.992859
-27.442238
187.164230
100.753059
316.992004
-19.441574
187.164642
108.749123
316.991638
-11.441677
187.164703
116.752876
316.991760
-3.441452
187.164673
124.748581
316.993073
4.557205
187.164780
132.753113
316.992004
12.558681
187.164566
140.747772
316.992554
20.557587
187.164429
148.752380
316.992493
28.558918
187.164688
156.748962
316.992462
36.557373
187.164505
164.752777
316.992432
44.557972
187.164551
172.749496
316.992310
52.557930
187.163940
180.753632
316.992554
60.558300
187.164368
188.748199
316.993134
68.557922
187.163879
196.752197
316.992981
76.558815
187.164261
204.749146
316.992340
84.558517
187.163849
212.752319
316.992126
92.558922
187.164673
220.748840
316.993408
100.557457
187.164551
228.752411
316.992493
108.558746
187.164474
236.748856
316.993317
116.557022
187.164062
244.752716
316.992584
124.558777
187.165558
252.748199
316.991882
132.558304
187.164734
260.753571
316.992706
140.557648
187.164825
268.749298
316.993958
148.557541
187.164062
276.752228
316.993378
156.557953
187.164307
284.748749
316.993500
164.556900
187.163879
292.752930
316.992645
172.558380
187.164154
300.748779
316.992737
180.557419
187.164108
308.752167
316.993530
188.557983
187.164948
316.748657
316.994171
196.556824
187.164551
324.752380
316.992554
204.558289
187.164215
332.748138
316.993347
212.557007
187.164215
340.752289
316.992828
220.558334
187.163940
348.747681
316.993713
228.557434
187.163513
356.751801
316.993134
236.560883
187.163025
364.751221
316.993500
244.551239
187.162323
372.750122
316.998474
252.545593
187.159454
380.637634
316.919464
-59.408012
195.145523
68.713669
325.014679
-51.438721
195.170685
76.755554
324.989868
-43.440681
195.161652
84.750336
324.993988
-35.443150
195.164597
92.749283
324.994263
-27.442780
195.164108
100.752518
324.993652
-19.443203
195.163925
108.749184
324.994232
-11.442867
195.164032
116.750847
324.993164
-3.442474
195.164581
124.749237
324.994507
4.557079
195.164047
132.752396
324.993774
12.557156
195.164307
140.748749
324.994843
20.557064
195.164062
148.751434
324.993286
28.557426
195.164719
156.749878
324.993835
36.557419
195.164703
164.752075
324.993927
44.556366
195.164429
172.749664
324.994568
52.557175
195.163788
180.751068
324.994080
60.557312
195.163788
188.748947
324.994720
68.558090
195.163773
196.752274
324.994476
76.557014
195.163422
204.749573
324.994781
84.557655
195.164185
212.751404
324.992981
92.557358
195.163956
220.749420
324.994354
100.556908
195.164581
228.751389
324.993713
108.557030
195.164337
236.748352
324.994324
116.557129
195.164062
244.752747
324.993225
124.557518
195.164398
252.748993
324.995239
132.556122
195.164536
260.751495
324.994385
140.556946
195.163528
268.748810
324.996338
148.556931
195.163132
276.751587
324.994415
156.557175
195.162247
284.749268
324.995605
164.557571
195.163177
292.751160
324.993774
172.557388
195.163086
300.748962
324.994843
180.557343
195.164368
308.751587
324.994049
188.557007
195.163666
316.749268
324.995300
196.556931
195.163620
324.752136
324.994934
204.557266
195.163712
332.748779
324.995758
212.557449
195.163315
340.751770
324.994080
220.557770
195.163544
348.748779
324.995117
228.557449
195.163864
356.750916
324.994324
236.559357
195.164017
364.751648
324.994965
244.551086
195.161728
372.749634
325.000183
252.545212
195.159668
380.636627
324.920044
-59.406288
203.145996
68.713470
333.013550
-51.438900
203.170547
76.755508
332.987732
-43.440899
203.162399
84.751244
332.991913
-35.441406
203.165085
92.749077
332.992615
-27.442780
203.163254
100.751755
332.993347
-19.441628
203.164459
108.748245
332.993042
-11.442230
203.163940
116.752594
332.991974
-3.441532
203.164719
124.749138
332.992249
4.557735
203.164185
132.752441
332.992737
12.558407
203.164597
140.747955
332.992615
20.558029
203.163788
148.753555
332.992767
28.558510
203.165039
156.749847
332.992920
36.556999
203.163788
164.751892
332.992920
44.557945
203.164261
172.748322
332.993317
52.557545
203.163818
180.751770
332.993011
60.558777
203.164062
188.748123
332.992920
68.558075
203.164124
196.752808
332.992798
76.558571
203.164307
204.748932
332.992798
84.557648
203.164001
212.752960
332.991882
92.558411
203.164520
220.748596
332.993500
100.557091
203.163818
228.752075
332.992615
108.559387
203.164108
236.748535
332.993042
116.557343
203.163757
244.752777
332.992767
124.558350
203.164246
252.748611
332.993103
132.557083
203.164017
260.751984
332.992737
140.558289
203.164246
268.747742
332.992981
148.557709
203.164490
276.752655
332.992706
156.558487
203.164566
284.747864
332.992584
164.557251
203.164627
292.752197
332.991699
172.558929
203.164871
300.748810
332.992920
180.557526
203.164276
308.752380
332.992828
188.558029
203.164734
316.748444
332.993042
196.557785
203.163696
324.752625
332.992432
204.559128
203.164520
332.747955
332.992584
212.558365
203.164383
340.752808
332.992432
220.559052
203.164658
348.747650
332.993103
228.557388
203.163635
356.752686
332.993134
236.561020
203.163879
364.751312
332.993896
244.551559
203.161362
372.750183
332.999359
252.545486
203.159180
380.637451
332.919922
-59.408173
211.144958
68.713387
341.015198
-51.438950
211.171005
76.755501
340.989899
-43.440517
211.161285
84.750313
340.994080
-35.442986
211.163940
92.748795
340.994659
-27.442158
211.163910
100.750900
340.993469
-19.442062
211.163971
108.749313
340.994324
-11.442245
211.164551
116.752502
340.993683
-3.442917
211.163910
124.749680
340.994476
4.556843
211.164093
132.751373
340.993469
12.557323
211.164291
140.749542
340.994629
20.557098
211.163834
148.752014
340.993622
28.556717
211.163208
156.749237
340.995056
36.557175
211.164001
164.750488
340.994537
44.557293
211.163605
172.748932
340.995087
52.557648
211.164124
180.750992
340.994019
60.557739
211.163757
188.750000
340.994781
68.557739
211.164185
196.751129
340.994019
76.557251
211.163971
204.749985
340.994843
84.556992
211.163803
212.751587
340.994019
92.557083
211.163757
220.748215
340.995239
100.557686
211.164368
228.751831
340.993774
108.557404
211.164001
236.749329
340.994019
116.557510
211.163818
244.752777
340.993774
124.557114
211.164093
252.749451
340.994751
132.556595
211.163330
260.751251
340.993866
140.557861
211.163666
268.749176
340.995056
148.557281
211.163269
276.751129
340.994568
156.557358
211.163055
284.749268
340.995575
164.557266
211.163605
292.750549
340.993683
172.557556
211.163513
300.749054
340.994354
180.557617
211.164124
308.751160
340.993591
188.557266
211.164108
316.749573
340.995056
196.556549
211.164398
324.751831
340.994232
204.557205
211.163666
332.748352
340.994781
212.557678
211.164169
340.751129
340.993195
220.558044
211.164825
348.749084
340.994934
228.556488
211.164459
356.752594
340.993835
236.558884
211.164368
364.751953
340.994446
244.550903
211.161942
372.749664
340.999847
252.545975
211.159393
380.637329
340.920776
-59.405750
219.146103
68.713699
349.013397
-51.438839
219.170349
76.755180
348.988281
-43.440605
219.161514
84.750809
348.992340
-35.440884
219.164764
92.749107
348.992310
-27.442223
219.163971
100.752861
348.991638
-19.441475
219.164703
108.749077
348.992615
-11.442558
219.164017
116.751846
348.992645
-3.441582
219.163986
124.748543
348.992889
4.557781
219.164169
132.751694
348.992188
12.559029
219.164124
140.748703
348.993225
20.557343
219.163864
148.752258
348.993286
28.557907
219.164673
156.747559
348.992676
36.558010
219.163971
164.752533
348.992554
44.558483
219.164566
172.748764
348.993225
52.557762
219.164185
180.752808
348.992889
60.557957
219.163910
188.747803
348.993073
68.557327
219.164093
196.752823
348.992249
76.558792
219.163422
204.748718
348.993256
84.557388
219.164062
212.751801
348.992920
92.559006
219.164413
220.748154
348.992981
100.557617
219.163971
228.752777
348.992798
108.558357
219.164398
236.748734
348.993011
116.556946
219.163696
244.752441
348.992249
124.558395
219.164154
252.748230
348.993073
132.557465
219.164200
260.752319
348.992615
140.558807
219.163757
268.748138
348.993011
148.558151
219.163696
276.752686
348.992706
156.558975
219.164505
284.748108
348.992798
164.558060
219.164642
292.753052
348.992523
172.558655
219.163849
300.748322
348.992676
180.557785
219.164490
308.752502
348.991821
188.558594
219.164642
316.748779
348.993469
196.557343
219.164154
324.752136
348.993530
204.558533
219.164368
332.747925
348.992798
212.557816
219.164276
340.752838
348.991699
220.558670
219.164856
348.749359
348.992859
228.556473
219.164154
356.752808
348.992737
236.560532
219.164001
364.751007
348.993103
244.551056
219.161316
372.749664
348.998169
252.546005
219.159439
380.638031
348.919891
-59.408184
227.145569
68.714211
357.015442
-51.439270
227.171082
76.755234
356.989960
-43.440163
227.161591
84.750740
356.993500
-35.442413
227.164505
92.750069
356.994568
-27.442528
227.164124
100.751846
356.994080
-19.442757
227.164062
108.748192
356.995026
-11.442642
227.164154
116.751244
356.993896
-3.442364
227.163986
124.749481
356.994812
4.557274
227.164383
132.751984
356.993622
12.557045
227.164078
140.749008
356.994751
20.557224
227.163910
148.751602
356.993774
28.557598
227.163834
156.749344
356.994995
36.557121
227.163971
164.750916
356.994019
44.557457
227.164124
172.749084
356.994690
52.557182
227.164368
180.751007
356.993896
60.557518
227.164413
188.749374
356.995392
68.556900
227.164352
196.751724
356.994080
76.556885
227.164108
204.749374
356.994659
84.557251
227.163910
212.751846
356.993988
92.557503
227.164505
220.748932
356.995392
100.556976
227.164154
228.752777
356.993988
108.557053
227.163605
236.749130
356.995544
116.556572
227.164108
244.751282
356.994568
124.556854
227.163361
252.748840
356.995392
132.557190
227.163483
260.751282
356.994141
140.557800
227.163818
268.749542
356.995178
148.557220
227.163391
276.751587
356.993927
156.557755
227.164215
284.749420
356.994965
164.557266
227.164169
292.751312
356.994110
172.557693
227.164413
300.749573
356.995300
180.557343
227.164291
308.752625
356.993469
188.556702
227.164062
316.748596
356.994263
196.557129
227.164856
324.752075
356.993896
204.557312
227.164764
332.749023
356.994751
212.557419
227.164520
340.752441
356.993958
220.556854
227.164917
348.749176
356.995178
228.556458
227.164108
356.752014
356.994537
236.558792
227.164047
364.751099
356.994812
244.551147
227.161545
372.749878
356.999817
252.546051
227.159698
380.636719
356.920654
-59.407677
235.146576
68.714142
365.013824
-51.441216
235.170639
76.756447
364.988708
-43.443321
235.162796
84.752617
364.992157
-35.444176
235.165039
92.749947
364.993317
-27.445122
235.164551
100.753387
364.992432
-19.443783
235.164551
108.749588
364.992310
-11.444714
235.165344
116.753784
364.991669
-3.443855
235.165161
124.750755
364.992432
4.554619
235.165619
132.753693
364.992432
12.555588
235.165466
140.750305
364.992920
20.554813
235.165405
148.753387
364.992554
28.555664
235.164932
156.749924
364.992554
36.555176
235.165253
164.753021
364.992737
44.555531
235.164917
172.749847
364.992615
52.554966
235.164810
180.753357
364.992889
60.555557
235.165070
188.749329
364.992706
68.554581
235.165146
196.753540
364.992706
76.555283
235.164413
204.749847
364.992798
84.554443
235.165375
212.753082
364.992432
92.556374
235.164734
220.749939
364.993225
100.554482
235.165100
228.753601
364.992706
108.555344
235.164856
236.749802
364.992737
116.554810
235.164398
244.753082
364.993256
124.555389
235.164642
252.749084
364.993103
132.555115
235.165054
260.753723
364.992676
140.555481
235.164886
268.749664
364.992615
148.554413
235.165222
276.753693
364.992523
156.555389
235.165131
284.749359
364.992340
164.554718
235.165527
292.753052
364.991943
172.555893
235.165359
300.749664
364.992767
180.555115
235.165222
308.754303
364.993011
188.555328
235.164703
316.749573
364.992798
196.554718
235.165253
324.752747
364.993286
204.555161
235.164795
332.749451
364.993256
212.554810
235.164520
340.753601
364.993286
220.555435
235.164566
348.749817
364.993103
228.554153
235.163574
356.752472
364.993286
236.557922
235.163879
364.752075
364.992981
244.549774
235.161285
372.751465
364.997559
252.546417
235.159363
380.637085
364.918030
-59.410416
243.137177
68.722229
373.015442
-51.435841
243.166107
76.755661
372.994629
-43.438999
243.160675
84.750389
372.995850
-35.439362
243.162109
92.751083
372.994629
-27.439449
243.161591
100.752998
372.994202
-19.439014
243.162430
108.751137
372.994080
-11.439728
243.162384
116.752960
372.993805
-3.439804
243.162750
124.751556
372.994934
4.559612
243.161957
132.752396
372.994690
12.560165
243.161835
140.750320
372.995239
20.560001
243.161102
148.751892
372.994934
28.560432
243.161469
156.750580
372.995514
36.560081
243.161469
164.751938
372.994629
44.560528
243.161911
172.751343
372.995544
52.559692
243.162079
180.751984
372.994720
60.560017
243.162445
188.750580
372.995239
68.559631
243.161530
196.751831
372.994629
76.560387
243.161591
204.749847
372.994995
84.560234
243.160995
212.751709
372.994568
92.560516
243.161865
220.750641
372.995453
100.559990
243.160767
228.752502
372.995422
108.560028
243.161407
236.749329
372.995361
116.560143
243.160950
244.751373
372.994843
124.560562
243.161896
252.751099
372.995514
132.560135
243.160889
260.751434
372.995270
140.560410
243.161865
268.750427
372.995972
148.560013
243.160507
276.751709
372.995026
156.560806
243.161346
284.750366
372.995331
164.560104
243.161270
292.752167
372.994965
172.560455
243.161362
300.750641
372.995789
180.559952
243.160767
308.752319
372.995148
188.560547
243.161469
316.750916
372.995117
196.560135
243.161179
324.751221
372.995087
204.560211
243.162384
332.749878
372.995972
212.559769
243.161316
340.751892
372.995239
220.560455
243.160858
348.750671
372.995209
228.560287
243.160461
356.751617
372.995056
236.562408
243.163666
364.754303
372.995789
244.558075
243.162796
372.753967
372.999603
252.552505
243.167603
380.635590
372.919800
-59.419922
251.075439
68.673553
380.991577
-51.409988
251.062775
76.640022
380.985260
-43.411472
251.057068
84.632355
380.993286
-35.412144
251.060104
92.630814
380.991516
-27.412025
251.058777
100.632515
380.991486
-19.412037
251.059875
108.630760
380.991272
-11.412651
251.058838
116.631737
380.991638
-3.412575
251.059479
124.630211
380.991882
4.586845
251.059036
132.630966
380.991913
12.588203
251.059509
140.630600
380.991699
20.587490
251.059204
148.631317
380.991150
28.588161
251.060028
156.630844
380.991333
36.587780
251.059357
164.632095
380.991394
44.587738
251.059906
172.630676
380.991638
52.587372
251.058807
180.632126
380.992004
60.587418
251.058853
188.629654
380.991913
68.587555
251.058823
196.631470
380.991913
76.588089
251.059113
204.630569
380.992096
84.587738
251.058624
212.631378
380.991608
92.588303
251.059799
220.630096
380.991943
100.587662
251.058731
228.631454
380.991913
108.588463
251.059769
236.631226
380.992157
116.587906
251.058945
244.631760
380.992157
124.588181
251.059021
252.630310
380.992310
132.587982
251.058777
260.632019
380.991821
140.588715
251.059464
268.630646
380.992310
148.587708
251.058777
276.632202
380.992218
156.588196
251.060059
284.630798
380.991516
164.587906
251.058914
292.631775
380.991394
172.588531
251.059937
300.630707
380.991760
180.587402
251.059021
308.632294
380.991852
188.587921
251.059586
316.630676
380.992004
196.588104
251.059174
324.631714
380.992004
204.588120
251.059082
332.630554
380.992432
212.587463
251.058594
340.632141
380.992645
220.588196
251.059250
348.630768
380.992126
228.588318
251.058533
356.631622
380.991882
236.589279
251.059723
364.631561
380.992126
244.586182
251.066803
372.641174
380.993225
252.558105
251.078964
380.604126
380.943909
-120.736053
-119.823936
137.651428
135.830826
-104.735489
-119.815475
153.648499
135.828888
-88.732727
-119.812317
169.648590
135.830017
-72.732452
-119.812065
185.648651
135.829895
-56.732040
-119.811592
201.648422
135.829910
-40.732208
-119.811729
217.648621
135.830002
-24.732010
-119.811546
233.648468
135.829956
-8.732178
-119.811707
249.648651
135.830002
7.268005
-119.811523
265.648468
135.829956
23.267838
-119.811684
281.648651
135.830017
39.268005
-119.811516
297.648438
135.829956
55.267838
-119.811707
313.648651
135.829987
71.268005
-119.811523
329.648468
135.829956
87.267807
-119.811707
345.648651
135.830002
103.268005
-119.811531
361.648468
135.829941
119.267807
-119.811684
377.648621
135.829987
135.267761
-119.811455
393.648315
135.829895
151.267593
-119.811256
409.648987
135.829956
167.267242
-119.813011
425.650116
135.829895
183.263580
-119.824181
441.651978
135.828308
-120.740662
-103.833733
137.650162
151.827515
-104.742523
-103.825378
153.652008
151.825653
-88.737152
-103.824409
169.655365
151.824585
-72.737091
-103.824081
185.655777
151.824341
-56.736389
-103.823761
201.655472
151.824097
-40.736511
-103.824013
217.655762
151.824158
-24.736252
-103.823753
233.655548
151.824097
-8.736435
-103.823967
249.655823
151.824127
7.263718
-103.823723
265.655579
151.824081
23.263550
-103.823967
281.655823
151.824112
39.263718
-103.823730
297.655579
151.824066
55.263519
-103.823944
313.655823
151.824097
71.263733
-103.823723
329.655579
151.824066
87.263535
-103.823952
345.655823
151.824097
103.263718
-103.823723
361.655579
151.824066
119.263458
-103.824013
377.655884
151.824066
135.263367
-103.823654
393.655396
151.824081
151.263443
-103.823486
409.654968
151.824188
167.264923
-103.824982
425.657928
151.822815
183.269333
-103.827553
441.658966
151.822754
-120.738281
-87.834930
137.649750
167.824951
-104.740952
-87.824806
153.653214
167.823517
-88.737350
-87.823227
169.656265
167.824005
-72.737228
-87.822670
185.656219
167.823181
-56.736633
-87.822090
201.656204
167.822968
-40.736847
-87.822075
217.656433
167.822998
-24.736481
-87.821945
233.656448
167.822906
-8.736816
-87.822021
249.656555
167.822937
7.263504
-87.821915
265.656433
167.822876
23.263199
-87.821991
281.656555
167.822906
39.263489
-87.821915
297.656494
167.822845
55.263229
-87.822021
313.656586
167.822937
71.263489
-87.821938
329.656494
167.822861
87.263199
-87.822067
345.656555
167.822922
103.263535
-87.821884
361.656464
167.822815
119.263214
-87.822044
377.656677
167.822906
135.263245
-87.822075
393.656555
167.822830
151.262405
-87.821312
409.656128
167.822952
167.263947
-87.821938
425.658325
167.821625
183.269363
-87.825714
441.661469
167.823380
-120.738678
-71.835289
137.649765
183.824661
-104.741150
-71.824722
153.653870
183.823425
-88.737900
-71.824196
169.657257
183.823792
-72.737839
-71.823586
185.657288
183.822861
-56.737427
-71.823082
201.657227
183.822403
-40.737488
-71.823334
217.657639
183.822571
-24.737381
-71.823242
233.657333
183.822235
-8.737274
-71.823250
249.657593
183.822433
7.262772
-71.823097
265.657410
183.822296
23.262604
-71.823219
281.657593
183.822464
39.262756
-71.823044
297.657471
183.822235
55.262665
-71.823174
313.657654
183.822433
71.262711
-71.823082
329.657410
183.822235
87.262726
-71.823235
345.657684
183.822464
103.262741
-71.823128
361.657501
183.822235
119.262650
-71.823311
377.657806
183.822418
135.262573
-71.823357
393.657471
183.822205
151.262039
-71.822426
409.657349
183.822678
167.263168
-71.822952
425.658539
183.820862
183.269852
-71.826508
441.661682
183.823395
-120.738281
-55.835403
137.649765
199.824707
-104.740997
-55.824982
153.653290
199.823334
-88.737717
-55.824455
169.656509
199.824066
-72.737732
-55.824196
185.656677
199.822784
-56.737198
-55.823555
201.656387
199.822601
-40.737350
-55.823593
217.656754
199.822571
-24.737045
-55.823425
233.656723
199.822418
-8.737228
-55.823563
249.656815
199.822571
7.262985
-55.823334
265.656769
199.822388
23.262650
-55.823601
281.656799
199.822479
39.263062
-55.823441
297.656860
199.822479
55.262650
-55.823570
313.656830
199.822449
71.263031
-55.823357
329.656830
199.822495
87.262711
-55.823540
345.656769
199.822433
103.262955
-55.823311
361.656799
199.822433
119.262650
-55.823608
377.656860
199.822388
135.262863
-55.823669
393.656952
199.822372
151.261948
-55.822777
409.656738
199.822525
167.263290
-55.823265
425.658417
199.821045
183.269791
-55.826782
441.661194
199.823242
-120.738647
-39.835327
137.649628
215.824646
-104.741013
-39.824997
153.653534
215.823242
-88.738098
-39.824135
169.656769
215.823761
-72.737869
-39.824036
185.656982
215.822784
-56.737473
-39.823616
201.656860
215.822205
-40.737396
-39.823700
217.657043
215.822403
-24.737274
-39.823692
233.656906
215.822205
-8.737411
-39.823631
249.657135
215.822296
7.262650
-39.823509
265.656982
215.822144
23.262589
-39.823753
281.657166
215.822357
39.262604
-39.823563
297.657013
215.822159
55.262451
-39.823685
313.657166
215.822266
71.262634
-39.823631
329.657043
215.822113
87.262512
-39.823723
345.657104
215.822388
103.262619
-39.823524
361.656921
215.822205
119.262466
-39.823837
377.657196
215.822327
135.262466
-39.823654
393.656921
215.822083
151.261963
-39.822845
409.657013
215.822525
167.262970
-39.823257
425.658447
215.820862
183.269897
-39.826729
441.661560
215.823334
-120.738403
-23.835220
137.649780
231.824829
-104.741074
-23.825012
153.653122
231.823334
-88.737747
-23.824394
169.656494
231.824036
-72.737793
-23.823792
185.656555
231.822815
-56.737122
-23.823280
201.656433
231.822586
-40.737320
-23.823471
217.656693
231.822479
-24.737030
-23.823265
233.656662
231.822479
-8.737228
-23.823547
249.656662
231.822449
7.263016
-23.823395
265.656708
231.822357
23.262726
-23.823563
281.656738
231.822388
39.263031
-23.823341
297.656677
231.822418
55.262650
-23.823494
313.656708
231.822449
71.263016
-23.823402
329.656799
231.822418
87.262711
-23.823555
345.656860
231.822464
103.262970
-23.823372
361.656677
231.822388
119.262634
-23.823540
377.656860
231.822388
135.262894
-23.823723
393.656799
231.822357
151.262146
-23.822739
409.656677
231.822632
167.263214
-23.823181
425.658569
231.821274
183.269699
-23.826668
441.661255
231.823364
-120.738678
-7.835136
137.649612
247.824738
-104.741043
-7.824738
153.653290
247.823410
-88.737976
-7.824059
169.656815
247.823746
-72.737839
-7.823891
185.656967
247.822769
-56.737350
-7.823265
201.656860
247.822296
-40.737305
-7.823273
217.657120
247.822403
-24.737228
-7.823212
233.657028
247.822205
-8.737274
-7.823303
249.657196
247.822342
7.262863
-7.823204
265.656952
247.822174
23.262817
-7.823380
281.657166
247.822296
39.262878
-7.823380
297.656921
247.822144
55.262772
-7.823471
313.657043
247.822311
71.262787
-7.823372
329.657043
247.822113
87.262741
-7.823433
345.657104
247.822235
103.262833
-7.823288
361.657013
247.822113
119.262772
-7.823563
377.657166
247.822205
135.262680
-7.823647
393.656891
247.822052
151.262207
-7.822853
409.657104
247.822449
167.262894
-7.822975
425.658447
247.821075
183.269821
-7.826843
441.661560
247.823395
-120.738480
8.164764
137.649704
263.824829
-104.741104
8.175186
153.653198
263.823486
-88.737793
8.175804
169.656647
263.824005
-72.737915
8.176125
185.656693
263.822845
-56.737244
8.176773
201.656570
263.822632
-40.737381
8.176727
217.656891
263.822540
-24.737122
8.176804
233.656693
263.822540
-8.737366
8.176636
249.656845
263.822632
7.263031
8.176834
265.656860
263.822571
23.262665
8.176643
281.656830
263.822571
39.262970
8.176857
297.656708
263.822510
55.262726
8.176712
313.656860
263.822571
71.262985
8.176895
329.656799
263.822510
87.262665
8.176750
345.656738
263.822510
103.263092
8.176949
361.656830
263.822571
119.262695
8.176605
377.656982
263.822571
135.262955
8.176506
393.656891
263.822357
151.262222
8.177429
409.656860
263.822784
167.263214
8.177078
425.658630
263.821381
183.269669
8.173096
441.661377
263.823547
-120.738739
24.164803
137.649597
279.824707
-104.741074
24.175232
153.653427
279.823425
-88.738190
24.176025
169.656891
279.823669
-72.737869
24.176254
185.657074
279.822815
-56.737503
24.176758
201.656845
279.822235
-40.737427
24.176704
217.657120
279.822449
-24.737381
24.176735
233.657028
279.822266
-8.737473
24.176750
249.657272
279.822388
7.262527
24.176819
265.657166
279.822235
23.262604
24.176773
281.657288
279.822418
39.262680
24.176872
297.657043
279.822235
55.262558
24.176727
313.657318
279.822418
71.262680
24.176865
329.657227
279.822235
87.262634
24.176804
345.657257
279.822479
103.262756
24.176903
361.657227
279.822357
119.262573
24.176590
377.657471
279.822449
135.262512
24.176613
393.657135
279.822083
151.262024
24.177284
409.657166
279.822662
167.262894
24.177109
425.658630
279.821075
183.269684
24.173050
441.661774
279.823517
-120.738419
40.164719
137.649704
295.824829
-104.741135
40.175140
153.653183
295.823395
-88.737793
40.175728
169.656570
295.823914
-72.737839
40.176186
185.656662
295.822784
-56.737198
40.176933
201.656616
295.822632
-40.737366
40.176735
217.656830
295.822601
-24.737061
40.177002
233.656799
295.822510
-8.737381
40.176811
249.656982
295.822510
7.262909
40.176819
265.656921
295.822571
23.262695
40.176727
281.656982
295.822632
39.262955
40.176842
297.656921
295.822601
55.262543
40.176788
313.656921
295.822540
71.262863
40.176926
329.656799
295.822571
87.262680
40.176765
345.656799
295.822540
103.262863
40.176971
361.656952
295.822723
119.262695
40.176842
377.656982
295.822418
135.262741
40.176384
393.656891
295.822418
151.262146
40.177353
409.656799
295.822784
167.263229
40.177124
425.658539
295.821320
183.269577
40.173233
441.661438
295.823486
-120.738663
56.164848
137.649597
311.824707
-104.741165
56.175026
153.653397
311.823364
-88.738113
56.176025
169.657043
311.823730
-72.737946
56.176315
185.657104
311.822754
-56.737396
56.176880
201.656952
311.822357
-40.737366
56.176651
217.657394
311.822510
-24.737305
56.176826
233.657043
311.822205
-8.737335
56.176712
249.657272
311.822449
7.262634
56.176796
265.657104
311.822235
23.262512
56.176659
281.657227
311.822449
39.262604
56.176788
297.657135
311.822327
55.262527
56.176628
313.657196
311.822449
71.262619
56.176620
329.657043
311.822296
87.262512
56.176697
345.657104
311.822418
103.262756
56.176918
361.657043
311.822357
119.262619
56.176743
377.657654
311.822388
135.262390
56.176537
393.657043
311.822174
151.262100
56.177444
409.657104
311.822510
167.262909
56.177048
425.658691
311.821045
183.269684
56.173248
441.661743
311.823456
-120.738434
72.164772
137.649643
327.824738
-104.741135
72.175316
153.653244
327.823395
-88.737778
72.175758
169.656647
327.823914
-72.737869
72.176178
185.656769
327.822876
-56.737335
72.176788
201.656601
327.822693
-40.737350
72.176933
217.656845
327.822601
-24.737000
72.176926
233.656830
327.822449
-8.737335
72.176743
249.656876
327.822571
7.262955
72.176979
265.656799
327.822510
23.262573
72.176750
281.656860
327.822571
39.263016
72.176865
297.656860
327.822540
55.262543
72.176727
313.656860
327.822540
71.262924
72.177086
329.656860
327.822510
87.262665
72.176605
345.656982
327.822571
103.263000
72.176926
361.657043
327.822510
119.262512
72.176781
377.657043
327.822510
135.262848
72.176628
393.656982
327.822388
151.262344
72.177437
409.656830
327.822723
167.263245
72.177078
425.658600
327.821472
183.269531
72.173195
441.661377
327.823486
-120.738632
88.164848
137.649551
343.824707
-104.741074
88.175331
153.653473
343.823334
-88.738098
88.176003
169.656860
343.823730
-72.737976
88.176270
185.657013
343.822815
-56.737595
88.176598
201.656738
343.822327
-40.737381
88.176590
217.657227
343.822479
-24.737259
88.176987
233.657166
343.822235
-8.737320
88.176765
249.657242
343.822296
7.262726
88.176857
265.657074
343.822235
23.262680
88.176781
281.657257
343.822418
39.262802
88.176811
297.657318
343.822205
55.262558
88.176605
313.657318
343.822327
71.262680
88.176888
329.657257
343.822327
87.262650
88.176758
345.657288
343.822449
103.262741
88.176834
361.657318
343.822296
119.262650
88.176666
377.657471
343.822357
135.262512
88.176407
393.657196
343.822174
151.262115
88.177330
409.657227
343.822632
167.263031
88.177116
425.658691
343.821106
183.269638
88.173187
441.661835
343.823364
-120.738373
104.164726
137.649628
359.824799
-104.741043
104.175079
153.653275
359.823334
-88.737900
104.175819
169.656662
359.823944
-72.737900
104.176353
185.656647
359.822968
-56.737244
104.176849
201.656509
359.822479
-40.737442
104.176567
217.656738
359.822601
-24.736969
104.176765
233.656952
359.822571
-8.737427
104.176750
249.656830
359.822571
7.262955
104.176735
265.656830
359.822571
23.262604
104.176750
281.656860
359.822571
39.263031
104.176857
297.656860
359.822632
55.262604
104.176750
313.656921
359.822510
71.262909
104.176895
329.656952
359.822571
87.262558
104.176765
345.656799
359.822510
103.263016
104.176826
361.656921
359.822510
119.262634
104.176773
377.656921
359.822571
135.262833
104.176712
393.656921
359.822388
151.262192
104.177429
409.656769
359.822815
167.263382
104.177017
425.658661
359.821411
183.269577
104.173195
441.661346
359.823486
-120.738602
120.164909
137.649582
375.824707
-104.741104
120.175247
153.653595
375.823303
-88.738007
120.175941
169.656891
375.823730
-72.738098
120.176102
185.656937
375.822723
-56.737625
120.176704
201.656784
375.822266
-40.737564
120.176605
217.657227
375.822388
-24.737427
120.176956
233.657013
375.822266
-8.737534
120.176743
249.657288
375.822327
7.262299
120.176659
265.656769
375.822174
23.262451
120.176697
281.657288
375.822388
39.262527
120.176811
297.657104
375.822235
55.262375
120.176735
313.657227
375.822327
71.262527
120.176910
329.657104
375.822205
87.262527
120.176918
345.657257
375.822540
103.262604
120.176933
361.657196
375.822235
119.262558
120.176773
377.657471
375.822266
135.262344
120.176529
393.657043
375.822113
151.262100
120.177475
409.657043
375.822754
167.262802
120.176979
425.658508
375.820984
183.269623
120.173264
441.661652
375.823425
-120.738571
136.164795
137.649719
391.824677
-104.741226
136.174774
153.653488
391.823273
-88.738022
136.175507
169.656845
391.823792
-72.738373
136.175903
185.656769
391.822662
-56.737518
136.176346
201.656784
391.822449
-40.737579
136.176193
217.657272
391.822449
-24.737442
136.176544
233.657013
391.822449
-8.737701
136.176361
249.657013
391.822510
7.262650
136.176666
265.656921
391.822327
23.262238
136.176376
281.657043
391.822449
39.262573
136.176392
297.656921
391.822449
55.262314
136.176422
313.657257
391.822388
71.262604
136.176392
329.657227
391.822418
87.262344
136.175995
345.657074
391.822479
103.262711
136.176620
361.657288
391.822449
119.262360
136.176666
377.657410
391.822266
135.262161
136.176224
393.657104
391.822296
151.261871
136.177277
409.656982
391.822601
167.262955
136.176880
425.658630
391.821167
183.269394
136.172974
441.661407
391.823364
-120.739090
152.165314
137.649445
407.824738
-104.742157
152.175415
153.654205
407.823273
-88.739075
152.176117
169.656891
407.823242
-72.738861
152.176697
185.657364
407.822510
-56.738800
152.177216
201.656815
407.821808
-40.738541
152.176941
217.657333
407.822021
-24.738510
152.177078
233.657074
407.821777
-8.738388
152.176910
249.657532
407.822021
7.261444
152.177048
265.657043
407.821899
23.261398
152.177017
281.657410
407.822113
39.261414
152.177216
297.657043
407.821777
55.261383
152.177017
313.657257
407.822113
71.261581
152.177124
329.657013
407.821777
87.261475
152.176834
345.657471
407.821991
103.261703
152.177094
361.657227
407.821777
119.261536
152.176971
377.657593
407.822113
135.261353
152.176605
393.657043
407.821686
151.261337
152.177795
409.657104
407.822021
167.262100
152.176880
425.657501
407.820923
183.268585
152.173340
441.661072
407.824097
-120.737244
168.165405
137.649933
423.824768
-104.740845
168.173523
153.653152
423.821838
-88.737839
168.173859
169.655319
423.823517
-72.738525
168.174484
185.654968
423.822937
-56.737808
168.174500
201.655029
423.822723
-40.738159
168.174377
217.655045
423.822723
-24.737717
168.174606
233.655060
423.822693
-8.738190
168.174377
249.655136
423.822693
7.262299
168.174454
265.655090
423.822601
23.261841
168.174332
281.655090
423.822784
39.262207
168.174225
297.655029
423.822723
55.261841
168.174164
313.654999
423.822693
71.262192
168.174530
329.654999
423.822632
87.261841
168.174347
345.655243
423.822754
103.262161
168.174545
361.655182
423.822632
119.261871
168.174530
377.655273
423.822784
135.262238
168.174286
393.654968
423.822418
151.261307
168.175507
409.654663
423.822357
167.262573
168.174774
425.656494
423.821594
183.267883
168.173340
441.660400
423.824280
-120.739304
184.166779
137.654877
439.824707
-104.739380
184.168427
153.657227
439.820557
-88.740356
184.165619
169.659515
439.820679
-72.740479
184.165466
185.659393
439.820496
-56.740372
184.165283
201.659332
439.820099
-40.740265
184.165100
217.659637
439.820190
-24.740479
184.165237
233.659409
439.819885
-8.740326
184.165131
249.659668
439.820099
7.259598
184.165253
265.659363
439.819885
23.259750
184.165009
281.659546
439.820160
39.259644
184.165192
297.659393
439.819885
55.259644
184.165039
313.659546
439.820129
71.259445
184.165161
329.659332
439.819794
87.259659
184.165085
345.659668
439.820068
103.259521
184.165207
361.659363
439.819855
119.259689
184.165085
377.659760
439.820099
135.259598
184.165436
393.659546
439.819702
151.259476
184.165955
409.659576
439.820007
167.260422
184.167877
425.659271
439.818695
183.266861
184.168030
441.662537
439.820618
-239.746490
-238.916626
272.035828
273.852600
-207.732941
-238.904312
304.038116
273.860291
-175.734802
-238.904755
336.037476
273.861176
-143.734528
-238.904572
368.037170
273.861603
-111.735031
-238.903122
400.037750
273.861786
-79.735168
-238.904358
432.037598
273.862244
-47.735641
-238.903656
464.037933
273.862335
-15.735840
-238.903442
496.038208
273.861816
16.265289
-238.901672
528.037842
273.860138
48.260452
-238.892090
560.026611
273.862396
-239.739716
-206.903580
272.039062
305.843109
-207.723694
-206.889969
304.037537
305.844086
-175.723572
-206.890137
336.036835
305.844940
-143.723618
-206.890350
368.036621
305.845551
-111.724670
-206.888489
400.037598
305.846161
-79.724686
-206.889145
432.036926
305.846436
-47.724319
-206.888123
464.036774
305.846527
-15.723602
-206.887238
496.036987
305.846069
16.276794
-206.887329
528.037659
305.842285
48.277405
-206.885513
560.037354
305.851746
-239.738602
-174.905853
272.042511
337.843170
-207.719925
-174.893372
304.042450
337.843170
-175.718552
-174.892975
336.041565
337.844086
-143.717773
-174.893127
368.041595
337.843964
-111.718414
-174.891129
400.043152
337.844116
-79.717865
-174.891678
432.042175
337.844391
-47.717834
-174.890533
464.041504
337.843872
-15.717285
-174.890503
496.041748
337.843933
16.282257
-174.888992
528.042236
337.840393
48.280365
-174.887604
560.039917
337.850006
-239.738754
-142.905212
272.043732
369.844757
-207.720825
-142.892456
304.042419
369.844177
-175.718964
-142.891693
336.041443
369.844727
-143.718628
-142.892105
368.041382
369.843445
-111.719193
-142.890411
400.042847
369.843781
-79.718643
-142.891022
432.042114
369.844086
-47.718521
-142.890076
464.041565
369.843842
-15.717865
-142.889740
496.041779
369.843811
16.281479
-142.888641
528.042480
369.839844
48.280426
-142.887268
560.040894
369.849701
-239.739243
-110.904205
272.043823
401.843536
-207.721893
-110.893356
304.043274
401.843170
-175.720840
-110.892654
336.042297
401.843353
-143.720703
-110.892899
368.042816
401.842163
-111.721222
-110.890717
400.043823
401.842590
-79.720886
-110.891342
432.043274
401.843079
-47.720352
-110.890274
464.042694
401.842773
-15.719894
-110.889969
496.042877
401.842438
16.280106
-110.889023
528.044189
401.839722
48.280136
-110.887573
560.040894
401.849609
-239.739716
-78.903763
272.043152
433.842865
-207.722748
-78.893158
304.043213
433.842102
-175.721603
-78.892609
336.042877
433.842133
-143.721558
-78.892853
368.042938
433.841339
-111.722107
-78.891006
400.043579
433.841705
-79.721710
-78.891525
432.042969
433.842041
-47.721008
-78.890396
464.042480
433.841492
-15.720901
-78.890259
496.042816
433.841034
16.279022
-78.889145
528.044373
433.838287
48.279526
-78.887665
560.040894
433.848389
-239.739319
-46.903397
272.043152
465.842651
-207.722351
-46.894104
304.042328
465.841278
-175.721146
-46.893082
336.042023
465.841614
-143.721298
-46.893494
368.041870
465.841034
-111.721680
-46.892105
400.042969
465.840942
-79.721405
-46.892548
432.042175
465.841339
-47.721436
-46.891647
464.041718
465.840454
-15.720825
-46.891174
496.042542
465.840118
16.279160
-46.890045
528.043579
465.837708
48.278656
-46.887711
560.041931
465.847931
-239.738693
-14.903046
272.042236
497.842804
-207.721848
-14.892990
304.041901
497.839996
-175.720917
-14.891235
336.041016
497.841034
-143.720993
-14.891998
368.040955
497.840210
-111.721039
-14.890900
400.042053
497.840302
-79.720764
-14.891129
432.041260
497.840515
-47.720566
-14.890030
464.041565
497.839539
-15.719620
-14.889435
496.041840
497.839294
16.280518
-14.888443
528.043457
497.837341
48.280212
-14.887619
560.041504
497.848053
-239.739044
17.098160
272.040497
529.840759
-207.722809
17.107681
304.041534
529.838867
-175.722168
17.109283
336.041473
529.839478
-143.722031
17.109009
368.041718
529.838989
-111.722305
17.110367
400.042603
529.839111
-79.722397
17.109879
432.041290
529.839539
-47.722183
17.111313
464.041931
529.838623
-15.721619
17.110687
496.041718
529.838623
16.279114
17.111389
528.042847
529.837402
48.280106
17.112366
560.042969
529.848022
-239.730499
49.104080
272.045532
561.845825
-207.724548
49.111786
304.053009
561.844116
-175.723648
49.110657
336.053284
561.846313
-143.723816
49.110718
368.053833
561.845947
-111.723907
49.111755
400.054077
561.845825
-79.723755
49.111389
432.053741
561.845825
-47.723450
49.110992
464.054016
561.844849
-15.723419
49.110962
496.054382
561.844116
16.275986
49.112534
528.055176
561.843628
48.275497
49.116348
560.061401
561.848450
