-59.430466
-60.895256
68.697678
68.942497
-51.414589
-60.864655
76.742798
68.932358
-43.416485
-60.870079
84.744568
68.933235
-35.414074
-60.869522
92.742821
68.935074
-27.414379
-60.870392
100.744293
68.934753
-19.413807
-60.870384
108.742126
68.935677
-11.415051
-60.871147
116.744720
68.934998
-3.414192
-60.870987
124.742836
68.935684
4.585083
-60.871063
132.744415
68.935028
12.586159
-60.870636
140.742767
68.935745
20.585213
-60.871025
148.744934
68.934959
28.586109
-60.870758
156.743317
68.935837
36.585335
-60.871254
164.744949
68.934937
44.586468
-60.870728
172.743240
68.935921
52.585365
-60.871048
180.745209
68.935112
60.585869
-60.870712
188.742218
68.935646
68.585236
-60.871223
196.744247
68.935364
76.586044
-60.870850
204.742432
68.935593
84.585449
-60.871262
212.744492
68.934921
92.586647
-60.870789
220.743103
68.935715
100.585907
-60.870590
228.745453
68.934753
108.586182
-60.870132
236.742783
68.934975
116.585358
-60.870605
244.743774
68.935440
124.585403
-60.870743
252.742096
68.934975
132.584961
-60.870537
260.744171
68.933723
140.585358
-60.870377
268.741272
68.934242
148.584686
-60.870689
276.743683
68.934120
156.585938
-60.871040
284.741028
68.934715
164.585144
-60.871254
292.743500
68.934448
172.585541
-60.871040
300.741089
68.934906
180.584793
-60.870842
308.743713
68.934189
188.586121
-60.870567
316.741821
68.935081
196.584961
-60.870667
324.744324
68.934692
204.585785
-60.870735
332.742371
68.935516
212.585022
-60.870743
340.744629
68.934654
220.585846
-60.870064
348.742645
68.935020
228.585083
-60.870178
356.744812
68.934433
236.585083
-60.869064
364.740326
68.932251
244.579987
-60.878250
372.748566
68.942322
252.583313
-60.894646
380.670258
68.930931
-59.404186
-52.847054
68.711914
77.011261
-51.439201
-52.835800
76.747986
76.992798
-43.443520
-52.846947
84.747910
76.991364
-35.444519
-52.846092
92.744690
76.991722
-27.444771
-52.845131
100.749016
76.991196
-19.444336
-52.845375
108.745163
76.991318
-11.444359
-52.845062
116.750015
76.991806
-3.444534
-52.846626
124.745148
76.991623
4.555561
-52.846497
132.749146
76.991608
12.556114
-52.846619
140.745239
76.991585
20.555786
-52.846077
148.749725
76.991768
28.555862
-52.846634
156.745361
76.991829
36.555542
-52.846100
164.749283
76.991348
44.556152
-52.846367
172.745514
76.991104
52.556656
-52.845558
180.750153
76.991806
60.555950
-52.846115
188.745514
76.991119
68.556099
-52.845474
196.749954
76.991074
76.556030
-52.845840
204.746124
76.990845
84.555817
-52.845047
212.750061
76.990837
92.555496
-52.845192
220.745804
76.990540
100.556061
-52.844994
228.751099
76.991142
108.555664
-52.845642
236.746307
76.992210
116.555954
-52.845703
244.748749
76.992973
124.556015
-52.845444
252.745911
76.992523
132.555450
-52.845886
260.749695
76.992584
140.554840
-52.846222
268.744507
76.992218
148.555283
-52.846092
276.748749
76.992279
156.555725
-52.846054
284.744690
76.992157
164.555496
-52.845833
292.748840
76.992569
172.555710
-52.846268
300.745178
76.992630
180.555542
-52.846397
308.748962
76.992409
188.555939
-52.846809
316.744720
76.992287
196.555832
-52.846359
324.748657
76.992676
204.555725
-52.846283
332.744934
76.992165
212.555527
-52.846260
340.749146
76.991859
220.555389
-52.846260
348.744812
76.991470
228.554871
-52.845940
356.748352
76.991837
236.556396
-52.846542
364.746033
76.993118
244.549500
-52.848091
372.743347
76.993553
252.547729
-52.851547
380.633881
76.913109
-59.407993
-44.854408
68.713036
85.013702
-51.438984
-44.832008
76.756454
84.991447
-43.441223
-44.839478
84.749573
84.995445
-35.442352
-44.838959
92.748993
84.995758
-27.443024
-44.837708
100.750290
84.995621
-19.442360
-44.839233
108.749184
84.995857
-11.443378
-44.838173
116.750549
84.996033
-3.442974
-44.840340
124.748100
84.996925
4.556995
-44.839981
132.749390
84.996216
12.557991
-44.841454
140.747711
84.996643
20.557392
-44.839676
148.749969
84.996269
28.558144
-44.841118
156.748444
84.996826
36.558125
-44.839775
164.750519
84.996262
44.558681
-44.841537
172.748505
84.996857
52.557629
-44.840019
180.750031
84.996284
60.558533
-44.840965
188.748627
84.997269
68.557365
-44.839661
196.750061
84.996368
76.558075
-44.840782
204.747986
84.996765
84.557022
-44.838943
212.749756
84.995987
92.558083
-44.840637
220.747986
84.997154
100.556648
-44.838966
228.749496
84.996490
108.557129
-44.840309
236.747589
84.996582
116.557449
-44.838577
244.750107
84.996277
124.557709
-44.840752
252.748596
84.996994
132.557465
-44.839172
260.749725
84.997482
140.557709
-44.841049
268.748413
84.996902
148.557526
-44.840103
276.749878
84.996368
156.557831
-44.840256
284.748322
84.996262
164.557571
-44.838882
292.750305
84.995621
172.557831
-44.840050
300.748901
84.996063
180.557739
-44.838852
308.750671
84.995926
188.557861
-44.840073
316.748291
84.996147
196.557648
-44.838654
324.750244
84.995674
204.558014
-44.840088
332.748291
84.996315
212.557449
-44.838852
340.749908
84.996048
220.557861
-44.839745
348.748657
84.996239
228.556763
-44.838921
356.749939
84.995720
236.558884
-44.838470
364.750763
84.994934
244.550125
-44.839890
372.747681
85.000435
252.546005
-44.841751
380.637024
84.922272
-59.405621
-36.852798
68.713982
93.011658
-51.438534
-36.828461
76.756783
92.986519
-43.440872
-36.835945
84.752502
92.990158
-35.442097
-36.833885
92.750061
92.990608
-27.443108
-36.834480
100.753487
92.990433
-19.442150
-36.834442
108.750031
92.991165
-11.443214
-36.834068
116.752403
92.991264
-3.442585
-36.834755
124.748901
92.992043
4.556858
-36.835609
132.752502
92.991608
12.558014
-36.835831
140.748550
92.991302
20.558205
-36.835739
148.752869
92.991043
28.559258
-36.835976
156.749939
92.991264
36.558735
-36.835892
164.753174
92.990845
44.559055
-36.836121
172.750519
92.991920
52.557964
-36.835175
180.753235
92.991196
60.558426
-36.835510
188.749542
92.991325
68.557877
-36.834732
196.753418
92.991066
76.558388
-36.834930
204.749939
92.991463
84.557663
-36.834846
212.753265
92.990700
92.558456
-36.834991
220.749405
92.990929
100.557648
-36.834747
228.753510
92.990753
108.558174
-36.835091
236.749802
92.991600
116.557579
-36.835144
244.753281
92.992096
124.558090
-36.835999
252.749268
92.992722
132.558334
-36.835876
260.752747
92.992416
140.559509
-36.835854
268.749390
92.992470
148.558533
-36.835587
276.753540
92.992096
156.558929
-36.835281
284.749451
92.992104
164.558075
-36.834740
292.753021
92.991409
172.558746
-36.834953
300.749634
92.991936
180.557983
-36.834648
308.753204
92.991539
188.558548
-36.835152
316.749603
92.991928
196.557785
-36.834633
324.753021
92.991142
204.558411
-36.834969
332.749664
92.991104
212.558197
-36.834641
340.753235
92.990471
220.558746
-36.835037
348.749664
92.991287
228.557251
-36.835129
356.752716
92.991348
236.560074
-36.835526
364.752014
92.991158
244.550522
-36.836975
372.751129
92.997375
252.544662
-36.840454
380.638062
92.919395
-59.408104
-28.853615
68.713333
101.013321
-51.439194
-28.828049
76.756134
100.988457
-43.441269
-28.836174
84.750229
100.991959
-35.443577
-28.833595
92.748924
100.992798
-27.443508
-28.833961
100.751488
100.991928
-19.443455
-28.833939
108.749496
100.993149
-11.443703
-28.833916
116.750786
100.992378
-3.443935
-28.834167
124.748138
100.993866
4.556553
-28.834969
132.751465
100.993362
12.556561
-28.836037
140.748642
100.993774
20.558033
-28.835655
148.751358
100.992271
28.558292
-28.835670
156.750000
100.993965
36.557636
-28.835037
164.752472
100.992447
44.557755
-28.835350
172.749786
100.993530
52.557388
-28.834404
180.751877
100.992218
60.557587
-28.834496
188.750031
100.993347
68.557114
-28.834023
196.752197
100.991844
76.557617
-28.834488
204.750107
100.993286
84.557144
-28.834076
212.752335
100.992157
92.557640
-28.834496
220.750183
100.993362
100.557053
-28.834259
228.752075
100.992210
108.557388
-28.834641
236.750061
100.993454
116.557060
-28.834534
244.752045
100.992233
124.557648
-28.834969
252.750351
100.993706
132.557175
-28.834549
260.752014
100.992409
140.558044
-28.835327
268.750610
100.993591
148.557648
-28.834625
276.752197
100.992699
156.557617
-28.834801
284.750122
100.993568
164.557281
-28.834106
292.752533
100.992233
172.557526
-28.834312
300.750275
100.993172
180.557098
-28.833923
308.752533
100.991859
188.557434
-28.834183
316.750214
100.993141
196.557190
-28.833885
324.752502
100.992149
204.557587
-28.834496
332.750214
100.993637
212.557098
-28.834091
340.752686
100.992340
220.557343
-28.834557
348.750000
100.993324
228.556702
-28.835114
356.751404
100.993011
236.558945
-28.834732
364.751984
100.993401
244.550003
-28.837685
372.750366
100.999298
252.545227
-28.840073
380.637329
100.920708
-59.405598
-20.853348
68.713379
109.012688
-51.439114
-20.828751
76.755196
108.987457
-43.440945
-20.837181
84.750526
108.991096
-35.441761
-20.834717
92.748520
108.991585
-27.442280
-20.835068
100.752686
108.991058
-19.441792
-20.834602
108.748840
108.991974
-11.443344
-20.834442
116.751900
108.991486
-3.442776
-20.834183
124.747681
108.992065
4.556755
-20.835114
132.752090
108.992302
12.557838
-20.835907
140.748047
108.991776
20.558319
-20.835739
148.752411
108.990311
28.559082
-20.835495
156.749115
108.991280
36.557980
-20.834061
164.753494
108.990540
44.558479
-20.834167
172.749649
108.991226
52.557507
-20.833694
180.752960
108.990089
60.558491
-20.833878
188.749435
108.990776
68.557518
-20.833694
196.753418
108.990204
76.558456
-20.833893
204.749573
108.990860
84.557655
-20.833733
212.753464
108.990120
92.558388
-20.833939
220.749420
108.990746
100.557251
-20.833725
228.753326
108.989998
108.558304
-20.833847
236.749725
108.990837
116.557495
-20.833649
244.753555
108.990257
124.558380
-20.834007
252.749603
108.990936
132.557404
-20.834053
260.753601
108.990509
140.558380
-20.833923
268.749481
108.990936
148.557465
-20.833839
276.753571
108.990166
156.558578
-20.833817
284.749512
108.991180
164.557434
-20.833542
292.753479
108.990288
172.558411
-20.833725
300.749756
108.991013
180.557327
-20.833366
308.753326
108.990227
188.558319
-20.833672
316.749634
108.990898
196.557343
-20.833588
324.753265
108.990158
204.558487
-20.833900
332.749756
108.990944
212.557617
-20.833733
340.753418
108.990479
220.558258
-20.834000
348.749786
108.991356
228.556793
-20.834663
356.752502
108.991188
236.560135
-20.835693
364.751801
108.991608
244.551086
-20.837463
372.750366
108.997520
252.545395
-20.840698
380.638306
108.919800
-59.407597
-12.854385
68.712730
117.014389
-51.438683
-12.829109
76.755814
116.989853
-43.440327
-12.838058
84.750603
116.992699
-35.441578
-12.835075
92.750404
116.993523
-27.442158
-12.834732
100.752762
116.992516
-19.442463
-12.834564
108.749550
116.993912
-11.443481
-12.834335
116.751556
116.993156
-3.443840
-12.834351
124.748283
116.994385
4.556286
-12.834747
132.750946
116.993782
12.557095
-12.836060
140.749344
116.993439
20.558029
-12.835548
148.752121
116.992249
28.558189
-12.835052
156.750214
116.993561
36.557144
-12.834305
164.752228
116.991837
44.557640
-12.834419
172.750137
116.993103
52.557148
-12.834030
180.752380
116.992012
60.557472
-12.834465
188.750061
116.993210
68.557098
-12.834015
196.752319
116.991798
76.557770
-12.834473
204.750229
116.993088
84.557144
-12.833900
212.752853
116.991646
92.557274
-12.834152
220.750000
116.993080
100.556427
-12.833694
228.752502
116.991707
108.557251
-12.834076
236.750092
116.993034
116.556816
-12.833656
244.752563
116.991783
124.557411
-12.834114
252.750305
116.993240
132.557007
-12.833908
260.752533
116.991913
140.557510
-12.834320
268.750183
116.993103
148.556946
-12.833748
276.752380
116.991692
156.557602
-12.834244
284.750275
116.992943
164.557190
-12.833557
292.752625
116.991814
172.557587
-12.834068
300.750549
116.992874
180.557037
-12.833588
308.752747
116.991699
188.557297
-12.833946
316.750427
116.992882
196.556854
-12.833595
324.752869
116.991653
204.557220
-12.834122
332.750397
116.992966
212.556976
-12.833893
340.753113
116.991852
220.557373
-12.834412
348.750366
116.993568
228.556427
-12.834778
356.752014
116.993233
236.558487
-12.835884
364.752197
116.993469
244.550522
-12.838051
372.749817
116.998886
252.545837
-12.840248
380.637634
116.921196
-59.405132
-4.853752
68.713181
125.012634
-51.437836
-4.828987
76.756256
124.987122
-43.439674
-4.837212
84.752884
124.990746
-35.440929
-4.834938
92.750084
124.991615
-27.442242
-4.834488
100.753242
124.991486
-19.441872
-4.833855
108.748428
124.992477
-11.444149
-4.833328
116.751976
124.991699
-3.443581
-4.833504
124.747467
124.991508
4.555477
-4.834213
132.750412
124.991005
12.557831
-4.834663
140.748581
124.990929
20.558289
-4.834831
148.752518
124.990524
28.558601
-4.834320
156.749222
124.991386
36.557346
-4.833679
164.753296
124.990456
44.558178
-4.833633
172.749542
124.990753
52.557384
-4.833626
180.753174
124.989998
60.558296
-4.833527
188.749512
124.990707
68.557533
-4.833420
196.753418
124.990074
76.558548
-4.833496
204.750244
124.990646
84.556900
-4.833191
212.753372
124.990097
92.557587
-4.833427
220.748962
124.990700
100.556671
-4.833511
228.752686
124.989983
108.557907
-4.833534
236.748779
124.990494
116.557007
-4.833160
244.753006
124.989723
124.558136
-4.833366
252.749466
124.990685
132.557190
-4.833221
260.753448
124.990044
140.558243
-4.833488
268.749634
124.990677
148.557312
-4.833282
276.753448
124.989937
156.558411
-4.833435
284.749725
124.990547
164.557556
-4.833221
292.753662
124.989853
172.558136
-4.833221
300.750366
124.990440
180.557251
-4.832878
308.754120
124.989937
188.557938
-4.832657
316.749695
124.990349
196.556915
-4.832428
324.753723
124.989853
204.557663
-4.832603
332.749664
124.990578
212.557129
-4.832970
340.753693
124.990166
220.557739
-4.833473
348.750061
124.991333
228.556702
-4.834518
356.752625
124.992226
236.559464
-4.835373
364.751709
124.992180
244.550705
-4.837708
372.749878
124.997307
252.545532
-4.840836
380.637634
124.919983
-59.407303
3.146202
68.712860
133.013458
-51.438454
3.170868
76.756111
132.989319
-43.440399
3.162186
84.751480
132.992889
-35.442535
3.164558
92.749603
132.993744
-27.443184
3.165413
100.751396
132.992661
-19.443024
3.165810
108.748474
132.993591
-11.443783
3.165756
116.750420
132.992966
-3.443886
3.166283
124.748314
132.994492
4.555561
3.165253
132.749207
132.993195
12.556305
3.164169
140.748169
132.992264
20.557804
3.165260
148.751251
132.991486
28.557671
3.165474
156.749832
132.993057
36.557041
3.166222
164.752121
132.991837
44.557274
3.165939
172.750137
132.993103
52.556755
3.166298
180.752441
132.991776
60.557373
3.166016
188.750092
132.992996
68.557083
3.166389
196.752808
132.991791
76.557526
3.165985
204.750549
132.993164
84.556351
3.166336
212.751877
132.992310
92.556580
3.166122
220.748993
132.993256
100.556335
3.166092
228.751160
132.991867
108.557022
3.165840
236.749252
132.992706
116.556763
3.166084
244.751602
132.991089
124.557129
3.166321
252.749619
132.992691
132.556519
3.166512
260.752472
132.991470
140.557434
3.166084
268.750336
132.993042
148.557098
3.166618
276.752380
132.991913
156.557724
3.165794
284.750977
132.992981
164.556885
3.166985
292.752930
132.991409
172.556839
3.166206
300.750793
132.993011
180.555893
3.166313
308.752441
132.991776
188.556335
3.166237
316.748810
132.993256
196.555908
3.166512
324.751312
132.991577
204.556488
3.165787
332.748199
132.992676
212.556198
3.165962
340.751221
132.991302
220.556686
3.166443
348.749115
132.993225
228.556320
3.165771
356.751434
132.994110
236.557922
3.164108
364.751373
132.994171
244.550583
3.161911
372.749329
132.999390
252.545715
3.159492
380.636841
132.920944
-59.405251
11.146423
68.713058
141.012146
-51.438011
11.170593
76.756432
140.987122
-43.439922
11.162994
84.752312
140.990829
-35.441296
11.165337
92.749756
140.991501
-27.442379
11.164917
100.752777
140.991364
-19.441650
11.165474
108.748985
140.991669
-11.442684
11.165405
116.752609
140.990967
-3.441608
11.165794
124.748619
140.991501
4.558178
11.165985
132.751892
140.992401
12.557674
11.165894
140.749588
140.990921
20.558281
11.165024
148.753387
140.989456
28.558243
11.166100
156.748962
140.990646
36.557457
11.166634
164.753326
140.989716
44.558189
11.166695
172.749237
140.990631
52.557106
11.166771
180.753281
140.989807
60.558167
11.166794
188.749435
140.990479
68.557274
11.166763
196.753540
140.990051
76.557816
11.166321
204.749603
140.990982
84.557022
11.166817
212.752853
140.990768
92.558029
11.165642
220.749374
140.991730
100.557426
11.165665
228.752899
140.990997
108.558228
11.165894
236.749344
140.991318
116.557068
11.166199
244.753448
140.990234
124.557693
11.166206
252.748596
140.990189
132.556976
11.166756
260.753174
140.989655
140.558014
11.166718
268.749695
140.990417
148.557388
11.167015
276.753387
140.989990
156.558273
11.166664
284.751160
140.990967
164.556793
11.167267
292.753571
140.990112
172.557343
11.166832
300.749512
140.990967
180.556488
11.166580
308.752655
140.991180
188.557037
11.166275
316.747681
140.990967
196.556702
11.165207
324.752014
140.991333
204.557693
11.165710
332.747986
140.990753
212.557129
11.165451
340.753235
140.989288
220.557968
11.165764
348.747894
140.990753
228.556717
11.165062
356.751373
140.992401
236.560440
11.164337
364.751190
140.992432
244.551407
11.162247
372.751160
140.997116
252.545654
11.159317
380.637909
140.919647
-59.407372
19.145805
68.713081
149.013031
-51.437828
19.171532
76.757233
148.988571
-43.440014
19.162621
84.752289
148.992691
-35.442345
19.164398
92.750259
148.993515
-27.442142
19.163925
100.752426
148.992828
-19.442005
19.164017
108.749939
148.993958
-11.442474
19.164246
116.752792
148.993225
-3.442661
19.164795
124.750137
148.993301
4.558094
19.165924
132.752136
148.992264
12.558205
19.164619
140.750870
148.993774
20.557480
19.166328
148.753067
148.992035
28.557552
19.165329
156.749893
148.993134
36.556889
19.166245
164.752502
148.991547
44.557262
19.166168
172.749695
148.992996
52.556885
19.166519
180.752869
148.991501
60.557152
19.166229
188.750031
148.992767
68.556320
19.166641
196.752869
148.991623
76.556648
19.166695
204.750000
148.993271
84.555801
19.167191
212.752029
148.991730
92.557007
19.166443
220.750488
148.992615
100.557083
19.166763
228.752701
148.991867
108.556999
19.166557
236.749191
148.993164
116.556427
19.166504
244.752747
148.991882
124.556519
19.165863
252.749512
148.992645
132.556641
19.166801
260.751923
148.991608
140.556763
19.166374
268.750366
148.992905
148.556396
19.166893
276.752747
148.991302
156.556671
19.165840
284.751434
148.993637
164.555817
19.167252
292.752960
148.994446
172.555450
19.165970
300.749847
148.994415
180.556274
19.163895
308.751038
148.993500
188.556763
19.164223
316.748352
148.994873
196.557907
19.164139
324.752625
148.994507
204.557709
19.164581
332.750031
148.995728
212.556824
19.164642
340.752838
148.993286
220.557098
19.164444
348.748962
148.994476
228.556854
19.164520
356.750671
148.993256
236.560059
19.164642
364.751892
148.993195
244.550812
19.162262
372.751190
148.998901
252.545410
19.159966
380.637146
148.921341
-59.405228
27.146606
68.713524
157.011932
-51.438263
27.170547
76.756363
156.987061
-43.439926
27.162430
84.751846
156.991272
-35.440861
27.164337
92.749466
156.992157
-27.441879
27.164261
100.752846
156.991699
-19.441322
27.164085
108.749092
156.992111
-11.442230
27.164436
116.752899
156.991302
-3.440975
27.164726
124.749825
156.991913
4.557953
27.165703
132.752625
156.990875
12.558773
27.166191
140.749542
156.991043
20.557175
27.166000
148.753113
156.989777
28.558643
27.166908
156.749481
156.990509
36.557060
27.166618
164.753189
156.989746
44.558102
27.167099
172.749054
156.990112
52.557316
27.167206
180.753998
156.989624
60.557293
27.167656
188.749146
156.990616
68.555580
27.167160
196.752991
156.990112
76.556732
27.167114
204.748703
156.991104
84.555687
27.166931
212.751846
156.990829
92.557266
27.166939
220.748688
156.991028
100.556168
27.166626
228.751724
156.990555
108.556953
27.167030
236.748108
156.991119
116.556412
27.167122
244.752304
156.991043
124.556656
27.167259
252.748230
156.990601
132.556259
27.166664
260.751160
156.989532
140.557465
27.167679
268.748169
156.990768
148.556488
27.167137
276.753479
156.990707
156.556030
27.165581
284.749084
156.991852
164.557098
27.166801
292.751221
156.993561
172.557724
27.164589
300.749756
156.994781
180.556335
27.163940
308.750916
156.993073
188.558655
27.164032
316.747253
156.991943
196.558441
27.164230
324.752502
156.992706
204.558929
27.165062
332.747894
156.993042
212.557358
27.164963
340.752716
156.992737
220.558044
27.164742
348.747406
156.991760
228.558075
27.164536
356.752289
156.991180
236.560791
27.164818
364.752045
156.991364
244.550964
27.163208
372.751831
156.996933
252.545197
27.159653
380.637573
156.920074
-59.407322
35.145599
68.713440
165.013474
-51.438049
35.170685
76.756676
164.989624
-43.440361
35.162285
84.751457
164.993225
-35.442371
35.164452
92.750351
164.993912
-27.442608
35.164337
100.752113
164.993042
-19.442223
35.164337
108.749763
164.994141
-11.442566
35.164505
116.752380
164.992676
-3.442116
35.164688
124.750084
164.993530
4.557728
35.164703
132.752533
164.992035
12.558033
35.165451
140.749664
164.993958
20.557514
35.166435
148.753021
164.992096
28.557095
35.165779
156.749527
164.992462
36.556946
35.166359
164.752548
164.991882
44.557240
35.166069
172.750244
164.992798
52.556187
35.166656
180.751892
164.991730
60.555923
35.166443
188.748932
164.993408
68.555267
35.165993
196.751358
164.993454
76.555466
35.165848
204.748352
164.994110
84.555450
35.165527
212.750397
164.992569
92.555954
35.165710
220.748077
164.993362
100.556320
35.165779
228.750732
164.992462
108.556244
35.166374
236.747849
164.993195
116.556259
35.166100
244.751404
164.993073
124.555939
35.165436
252.748627
164.994629
132.555756
35.165375
260.750458
164.992462
140.556259
35.165909
268.747437
164.993317
148.556183
35.165199
276.751801
164.993561
156.554718
35.164566
284.749817
164.994873
164.556259
35.165085
292.749786
164.993118
172.556946
35.163536
300.748749
164.995468
180.557068
35.164207
308.750916
164.994476
188.557739
35.163177
316.748535
164.995422
196.557526
35.164108
324.751221
164.994263
204.557724
35.164528
332.748505
164.995438
212.556152
35.163994
340.751373
164.992737
220.557983
35.164383
348.749084
164.993286
228.557465
35.164658
356.752106
164.992676
236.559708
35.164948
364.751831
164.993103
244.549988
35.163017
372.751099
164.998810
252.545074
35.160576
380.637115
164.921234
-59.405533
43.146896
68.713707
173.011780
-51.438553
43.171432
76.756531
172.986511
-43.440704
43.163315
84.752113
172.990494
-35.441792
43.165710
92.749519
172.991394
-27.442825
43.165466
100.752808
172.990753
-19.441677
43.165123
108.749474
172.991547
-11.442451
43.165154
116.753311
172.990997
-3.441242
43.164795
124.749245
172.991623
4.557663
43.165283
132.753296
172.990738
12.558456
43.166000
140.748962
172.990814
20.557537
43.166458
148.753632
172.990097
28.558735
43.166779
156.749420
172.990845
36.557259
43.166733
164.753128
172.989883
44.558151
43.166878
172.749481
172.990814
52.556160
43.166924
180.752548
172.990799
60.556721
43.167091
188.747742
172.991760
68.555649
43.165939
196.751190
172.991516
76.557190
43.166008
204.747284
172.991806
84.556274
43.165344
212.750885
172.991608
92.557434
43.165970
220.747284
172.991730
100.556808
43.165169
228.751587
172.990814
108.557747
43.166283
236.748184
172.991119
116.556686
43.165947
244.751740
172.991608
124.557922
43.166443
252.748276
172.992676
132.556686
43.165459
260.751770
172.991928
140.557068
43.166153
268.747009
172.991760
148.557053
43.166069
276.752167
172.992935
156.556793
43.164368
284.748779
172.993073
164.557785
43.165367
292.752136
172.993347
172.557587
43.164398
300.747498
172.993515
180.557343
43.165558
308.751984
172.992950
188.558212
43.166603
316.748718
172.992706
196.558044
43.165039
324.753052
172.991394
204.559082
43.165512
332.748779
172.993225
212.557098
43.166237
340.752197
172.992203
220.558380
43.164810
348.748840
172.991028
228.557785
43.164818
356.751862
172.991211
236.560303
43.165115
364.751221
172.990845
244.550461
43.163948
372.752045
172.996887
252.544861
43.160141
380.637665
172.920044
-59.408039
51.146378
68.713264
181.013702
-51.439346
51.171814
76.756119
180.989151
-43.441811
51.163231
84.750656
180.992798
-35.443886
51.165520
92.749100
180.993317
-27.443516
51.164932
100.751228
180.992340
-19.443008
51.164589
108.749023
180.993378
-11.442787
51.164635
116.751862
180.992523
-3.442204
51.164848
124.749321
180.993347
4.557667
51.165092
132.752670
180.992706
12.557571
51.165344
140.749817
180.993866
20.556664
51.166260
148.751892
180.991791
28.557621
51.165718
156.750473
180.993011
36.556862
51.166321
164.752197
180.991821
44.556732
51.166603
172.749664
180.993378
52.555847
51.166672
180.751587
180.992920
60.555626
51.165688
188.748199
180.994308
68.555908
51.165298
196.750351
180.993225
76.556480
51.164993
204.748108
180.994034
84.556641
51.164696
212.750153
180.993103
92.556931
51.165009
220.748001
180.994232
100.556625
51.165192
228.752167
180.993225
108.556160
51.165222
236.748962
180.993652
116.556091
51.165573
244.750381
180.992813
124.556931
51.165695
252.747803
180.994965
132.556564
51.165428
260.750824
180.994476
140.556488
51.164940
268.747559
180.994659
148.556320
51.164047
276.750977
180.994019
156.556824
51.165230
284.749817
180.995102
164.556763
51.164688
292.751526
180.994385
172.557022
51.163895
300.748230
180.996292
180.557236
51.164482
308.752106
180.994781
188.556915
51.164169
316.748108
180.995239
196.556717
51.164024
324.753265
180.994614
204.555878
51.163300
332.747986
180.993439
212.558441
51.164482
340.751251
180.994263
220.556580
51.164787
348.748657
180.993835
228.556595
51.163582
356.750122
180.992188
236.559525
51.165688
364.751343
180.992828
244.549561
51.163605
372.751038
180.998474
252.544769
51.160942
380.637024
180.921158
-59.405888
59.146835
68.713341
189.012634
-51.439293
59.171410
76.754829
188.987457
-43.440987
59.163170
84.750488
188.991730
-35.442467
59.165512
92.748077
188.992477
-27.443382
59.165039
100.752075
188.991974
-19.442425
59.165123
108.748322
188.991776
-11.443100
59.164856
116.751801
188.990723
-3.441391
59.165527
124.748093
188.990784
4.557907
59.165695
132.752441
188.990204
12.558578
59.166191
140.749283
188.990936
20.557201
59.166824
148.753250
188.989883
28.558014
59.166603
156.749481
188.990585
36.557079
59.166969
164.753479
188.989838
44.557865
59.166618
172.749298
188.991394
52.556446
59.167137
180.751770
188.991730
60.557274
59.166122
188.748627
188.992218
68.556381
59.165421
196.751312
188.991699
76.557602
59.165436
204.747345
188.991608
84.556679
59.165573
212.751495
188.990631
92.558289
59.165604
220.747971
188.991272
100.557159
59.165649
228.752686
188.991486
108.558067
59.165695
236.748474
188.992676
116.556412
59.165329
244.751770
188.992462
124.557724
59.165451
252.747879
188.992798
132.557281
59.165314
260.751404
188.992615
140.557480
59.165550
268.748260
188.991928
148.557312
59.165634
276.752411
188.992310
156.557846
59.164955
284.749695
188.993896
164.556107
59.165070
292.751160
188.993774
172.557922
59.164856
300.747803
188.993530
180.557327
59.164909
308.752655
188.993896
188.558350
59.164909
316.748352
188.992599
196.557510
59.164230
324.752441
188.993378
204.556900
59.165588
332.747742
188.992249
212.557281
59.165047
340.750793
188.991852
220.557861
59.165482
348.746979
188.992477
228.557678
59.165421
356.752747
188.990387
236.560638
59.165436
364.751160
188.990295
244.550339
59.164261
372.752136
188.996429
252.544662
59.160316
380.637604
188.920044
-59.408085
67.146072
68.712700
197.014481
-51.439705
67.171471
76.755440
196.989319
-43.440952
67.162292
84.749207
196.992615
-35.442528
67.165298
92.748718
196.994080
-27.442848
67.164940
100.751015
196.993866
-19.443211
67.164345
108.749016
196.995087
-11.443554
67.164307
116.751251
196.993134
-3.442860
67.164154
124.748444
196.993134
4.557480
67.165520
132.751602
196.991440
12.557602
67.165985
140.749756
196.992889
20.556793
67.166626
148.752289
196.991425
28.557133
67.166344
156.750000
196.992874
36.556461
67.166481
164.752777
196.991852
44.557003
67.166039
172.750244
196.993103
52.557175
67.166321
180.751587
196.992798
60.557304
67.165970
188.749207
196.994293
68.557068
67.165009
196.751434
196.993286
76.557320
67.165047
204.748825
196.994156
84.556808
67.165634
212.751205
196.992630
92.556656
67.165924
220.749054
196.993256
100.556282
67.165649
228.751404
196.991333
108.556984
67.165726
236.748840
196.992706
116.556946
67.166176
244.750793
196.992416
124.556740
67.166031
252.749512
196.993423
132.556366
67.166122
260.752411
196.992371
140.556915
67.165474
268.749878
196.994507
148.556061
67.164673
276.751648
196.994598
156.556107
67.165039
284.747314
196.995605
164.556549
67.163803
292.750610
196.994995
172.557434
67.164238
300.748291
196.996521
180.556671
67.162582
308.750549
196.994507
188.558167
67.164330
316.749084
196.996353
196.556137
67.163094
324.750305
196.995438
204.556213
67.163727
332.747620
196.995102
212.557220
67.163696
340.749146
196.993225
220.556610
67.164764
348.748535
196.992920
228.558197
67.164764
356.752625
196.992310
236.558914
67.165497
364.751923
196.992508
244.549255
67.164032
372.751373
196.998444
252.544128
67.160973
380.636566
196.921234
-59.405735
75.146339
68.712959
205.013763
-51.439487
75.171265
76.755173
204.987946
-43.441231
75.162590
84.750786
204.990875
-35.441608
75.165314
92.747978
204.991013
-27.442211
75.165543
100.751923
204.990906
-19.441082
75.165527
108.748291
204.992203
-11.442715
75.165169
116.751831
204.991470
-3.441383
75.164658
124.749268
204.991364
4.557758
75.165466
132.752289
204.990005
12.558491
75.166435
140.749466
204.990417
20.557117
75.166855
148.753326
204.989563
28.558033
75.166786
156.749329
204.990479
36.556973
75.166679
164.753448
204.990311
44.557899
75.166435
172.749985
204.991318
52.557190
75.167007
180.753052
204.990234
60.558353
75.166199
188.749115
204.990952
68.557846
75.166550
196.752960
204.990662
76.558868
75.166061
204.749191
204.991669
84.557449
75.166519
212.752808
204.990662
92.558281
75.165855
220.748932
204.991989
100.556885
75.166122
228.752731
204.991425
108.557236
75.166222
236.748215
204.990845
116.556587
75.166382
244.752258
204.990173
124.557915
75.166763
252.749573
204.992279
132.555862
75.165543
260.752319
204.992126
140.556458
75.165154
268.747925
204.992142
148.556900
75.165558
276.751801
204.993591
156.557571
75.164482
284.748444
204.993881
164.557037
75.164154
292.750549
204.993515
172.558258
75.163490
300.747070
204.994415
180.557922
75.163834
308.751892
204.993805
188.558502
75.163719
316.747284
204.993958
196.558441
75.163513
324.751831
204.994171
204.557709
75.165276
332.747620
204.993225
212.558075
75.165070
340.752930
204.992447
220.558609
75.165215
348.748108
204.990723
228.556961
75.165009
356.753082
204.990356
236.559769
75.165520
364.752777
204.990768
244.549530
75.164436
372.750122
204.997253
252.543610
75.160660
380.636292
204.919434
-59.407372
83.146011
68.712479
213.014832
-51.438690
83.170891
76.755241
212.990570
-43.440857
83.161842
84.750412
212.994202
-35.442997
83.164505
92.749908
212.994080
-27.442787
83.164612
100.751724
212.992493
-19.442337
83.165138
108.749474
212.993332
-11.442707
83.165588
116.751526
212.992249
-3.441895
83.164841
124.750580
212.993652
4.557446
83.165710
132.752655
212.991791
12.557621
83.166000
140.750244
212.992859
20.556610
83.166519
148.752869
212.991394
28.557232
83.166183
156.750259
212.992950
36.556648
83.166290
164.752350
212.991730
44.557243
83.165901
172.750534
212.993332
52.557133
83.166283
180.752533
212.992264
60.557137
83.166428
188.750015
212.993362
68.556549
83.166428
196.752548
212.991974
76.557129
83.166016
204.749710
212.992630
84.557144
83.166161
212.752213
212.991943
92.557617
83.166428
220.749359
212.993408
100.557312
83.166336
228.752106
212.992615
108.556732
83.166130
236.750275
212.993805
116.556305
83.166466
244.751572
212.993286
124.555618
83.165421
252.748840
212.994125
132.556244
83.164665
260.751251
212.994415
140.556152
83.165146
268.747955
212.994904
148.556732
83.163559
276.750275
212.994370
156.557770
83.164276
284.748657
212.996094
164.557281
83.163559
292.750793
212.995178
172.557663
83.163795
300.748474
212.994797
180.558350
83.163582
308.752411
212.994263
188.557266
83.164238
316.749146
212.994995
196.557587
83.164314
324.751617
212.993469
204.557846
83.164215
332.748932
212.995346
212.557556
83.164841
340.751404
212.995132
220.556503
83.165474
348.750732
212.994034
228.556213
83.164192
356.752045
212.992096
236.558121
83.166046
364.751312
212.993332
244.548981
83.163544
372.749939
212.999557
252.544342
83.159775
380.635742
212.919800
-59.405212
91.147156
68.712715
221.012512
-51.438782
91.171303
76.755432
220.987076
-43.440029
91.163025
84.751709
220.991592
-35.441334
91.165565
92.749176
220.992004
-27.442329
91.165703
100.753426
220.990829
-19.441223
91.166489
108.749763
220.991364
-11.442776
91.167511
116.752953
220.990112
-3.441246
91.166756
124.750641
220.990875
4.557022
91.167084
132.753540
220.989410
12.558475
91.167122
140.750244
220.990631
20.557007
91.167313
148.753967
220.989761
28.558208
91.167084
156.750046
220.990692
36.557030
91.166809
164.753510
220.989899
44.558002
91.166504
172.749832
220.990845
52.557266
91.166855
180.753357
220.990112
60.558445
91.166504
188.749634
220.990997
68.557175
91.166870
196.753296
220.990662
76.558311
91.166260
204.749741
220.991470
84.556702
91.166656
212.753250
220.990311
92.557899
91.166794
220.749542
220.990753
100.556915
91.167488
228.753799
220.990112
108.557274
91.167107
236.749222
220.991425
116.556442
91.166847
244.752533
220.991699
124.557129
91.166595
252.748322
220.992889
132.557037
91.165085
260.751556
220.992081
140.557571
91.165291
268.747406
220.991791
148.558350
91.165016
276.753418
220.992645
156.558609
91.165878
284.748535
220.991821
164.558426
91.165421
292.752930
220.990479
172.559036
91.166115
300.749969
220.991531
180.557587
91.165703
308.753601
220.991516
188.557968
91.165726
316.748871
220.991760
196.556854
91.165665
324.753448
220.992004
204.557373
91.165337
332.748199
220.991333
212.557739
91.166367
340.751465
220.991180
220.558533
91.165703
348.750305
220.994049
228.555832
91.164795
356.753479
220.993561
236.558151
91.164116
364.749878
220.992691
244.551743
91.162308
372.749634
220.998917
252.545395
91.159348
380.636536
220.919403
-59.407520
99.146431
68.713211
229.014084
-51.439045
99.171738
76.756195
228.989624
-43.440979
99.163063
84.750961
228.992706
-35.443062
99.165245
92.749985
228.993378
-27.443039
99.165817
100.751900
228.992203
-19.443130
99.165894
108.748878
228.993057
-11.443047
99.166458
116.751610
228.991547
-3.443455
99.166245
124.749901
228.992828
4.555813
99.166855
132.751923
228.990601
12.556633
99.166489
140.748657
228.992035
20.556961
99.167549
148.751907
228.991135
28.557735
99.166817
156.750244
228.992874
36.556725
99.167000
164.752808
228.991638
44.557186
99.166199
172.750580
228.993027
52.556900
99.166222
180.753052
228.992035
60.557270
99.166061
188.750214
228.993042
68.556747
99.166473
196.752487
228.991730
76.557266
99.166389
204.750259
228.992828
84.556717
99.166725
212.752960
228.991974
92.556351
99.166794
220.749573
228.993500
100.555573
99.166351
228.752472
228.992447
108.555435
99.165871
236.749542
228.994675
116.555374
99.166290
244.750305
228.993088
124.556183
99.164528
252.747833
228.993378
132.557434
99.164711
260.750916
228.993652
140.556946
99.165459
268.749298
228.994019
148.557220
99.165596
276.751312
228.992157
156.556152
99.164711
284.749542
228.992432
164.557526
99.165840
292.752686
228.992523
172.557129
99.165260
300.749390
228.993195
180.557007
99.165909
308.752197
228.991913
188.557159
99.165916
316.749634
228.993256
196.556824
99.165718
324.752014
228.992752
204.557312
99.165497
332.749878
228.994202
212.556458
99.165733
340.751587
228.993103
220.556473
99.165466
348.749329
228.995407
228.556183
99.163834
356.752289
228.996185
236.558075
99.164314
364.750549
228.995636
244.551010
99.161751
372.748779
229.000122
252.545258
99.159668
380.636749
228.919724
-59.405521
107.147110
68.713242
237.012650
-51.439056
107.172005
76.756073
236.987335
-43.440796
107.163544
84.752106
236.991745
-35.442448
107.166969
92.748940
236.992340
-27.443550
107.165794
100.753326
236.992081
-19.442226
107.166710
108.748680
236.991760
-11.442989
107.166878
116.752968
236.990891
-3.442616
107.166763
124.749641
236.991608
4.556343
107.166290
132.753082
236.991608
12.556808
107.166847
140.747284
236.990906
20.557381
107.165596
148.751877
236.988861
28.558750
107.167274
156.749084
236.989899
36.557266
107.166885
164.753723
236.989441
44.558052
107.167137
172.749557
236.990479
52.556976
107.167007
180.753952
236.990326
60.557594
107.166496
188.750031
236.991043
68.556847
107.167404
196.753448
236.990784
76.557571
107.167068
204.748901
236.991623
84.555908
107.167053
212.752808
236.990616
92.556961
107.166962
220.748352
236.992371
100.555527
107.166382
228.753174
236.993408
108.556450
107.166046
236.746857
236.992950
116.556564
107.165359
244.751251
236.992371
124.557632
107.164841
252.747620
236.992554
132.557877
107.165039
260.751770
236.991394
140.559631
107.164986
268.748230
236.991425
148.557968
107.164780
276.754761
236.993835
156.557037
107.165886
284.748352
236.991760
164.556839
107.164688
292.752258
236.990662
172.558014
107.166397
300.748840
236.991119
180.557281
107.166512
308.752869
236.990234
188.558075
107.166321
316.749023
236.990952
196.557022
107.166542
324.752686
236.990356
204.557770
107.166512
332.749268
236.991119
212.556992
107.166435
340.752563
236.991058
220.557205
107.165749
348.748962
236.993256
228.556580
107.164459
356.752808
236.994812
236.559174
107.164062
364.750122
236.993683
244.551849
107.161201
372.749359
236.999924
252.545944
107.159554
380.636963
236.919189
-59.407585
115.146469
68.713516
245.014435
-51.439480
115.171730
76.756927
244.989532
-43.441658
115.163666
84.750816
244.994019
-35.444511
115.165588
92.749023
244.994614
-27.443157
115.165161
100.751717
244.994720
-19.443287
115.164917
108.750221
244.995453
-11.443684
115.164810
116.751984
244.994934
-3.444057
115.164635
124.749321
244.995789
4.556553
115.164612
132.751297
244.994537
12.557190
115.163788
140.748703
244.995712
20.557076
115.165314
148.753189
244.992416
28.557232
115.165215
156.749649
244.992767
36.556290
115.166351
164.752014
244.991425
44.557030
115.166077
172.749542
244.992691
52.556534
115.166283
180.751617
244.991867
60.556740
115.166000
188.749878
244.992981
68.556129
115.166153
196.751694
244.992554
76.556030
115.166466
204.749634
244.994110
84.555313
115.166573
212.751114
244.993576
92.555847
115.165924
220.749176
244.994476
100.555527
115.164627
228.751099
244.994705
108.556374
115.164536
236.748306
244.996033
116.556580
115.163918
244.749908
244.994202
124.557663
115.163254
252.748688
244.994781
132.558273
115.164413
260.751343
244.992889
140.557632
115.165237
268.751282
244.993469
148.557434
115.165947
276.751648
244.992630
156.557556
115.165070
284.750732
244.994324
164.556717
115.165047
292.752319
244.993561
172.556610
115.164284
300.748718
244.993607
180.557434
115.164597
308.751678
244.992279
188.557465
115.165619
316.749817
244.993576
196.556793
115.166023
324.752136
244.992249
204.556732
115.165749
332.749573
244.993347
212.556442
115.165916
340.751770
244.992981
220.556198
115.165146
348.748596
244.994644
228.556183
115.164597
356.751770
244.995850
236.558121
115.164078
364.750977
244.995880
244.551071
115.161377
372.748138
245.000946
252.545471
115.159645
380.636414
244.920303
-59.405510
123.147026
68.714119
253.013733
-51.439445
123.171814
76.757019
252.988693
-43.442104
123.163010
84.751068
252.993835
-35.442722
123.166100
92.747757
252.993988
-27.442684
123.163994
100.752312
252.994720
-19.442265
123.164429
108.748222
252.994629
-11.442802
123.163826
116.752113
252.993835
-3.442028
123.164337
124.747604
252.993927
4.557011
123.164696
132.751343
252.993042
12.559166
123.164215
140.747559
252.992493
20.558952
123.164185
148.753906
252.992676
28.558430
123.164764
156.748322
252.993317
36.556858
123.165520
164.753357
252.991425
44.558170
123.166130
172.748810
252.991196
52.557117
123.166306
180.752869
252.990295
60.558506
123.166779
188.750732
252.991577
68.556831
123.166206
196.752960
252.991928
76.556541
123.166351
204.748230
252.991852
84.557205
123.165253
212.752625
252.992249
92.557556
123.166267
220.748138
252.993408
100.556412
123.165215
228.751724
252.993500
108.558105
123.164780
236.746719
252.992920
116.557907
123.164268
244.751526
252.992096
124.558983
123.165100
252.747437
252.991730
132.557602
123.165047
260.752930
252.990845
140.558838
123.166512
268.749969
252.992432
148.556870
123.166298
276.753967
252.991760
156.557648
123.165894
284.749176
252.992493
164.557297
123.165062
292.752411
252.992371
172.558472
123.165077
300.748169
252.992126
180.557861
123.164978
308.752869
252.990967
188.558655
123.165840
316.748535
252.991379
196.557312
123.166176
324.752380
252.991058
204.557755
123.166283
332.748779
252.991333
212.556488
123.165939
340.752136
252.991028
220.557373
123.165985
348.748230
252.992294
228.556519
123.164597
356.751801
252.993530
236.559448
123.164413
364.750427
252.994125
244.551361
123.161583
372.749023
252.999268
252.545776
123.159744
380.637512
252.919159
-59.407471
131.146027
68.713570
261.015533
-51.439823
131.170471
76.756386
260.992554
-43.441875
131.161896
84.749146
260.996002
-35.443378
131.164581
92.748596
260.996094
-27.443016
131.164032
100.751244
260.995697
-19.442829
131.163559
108.749161
260.996704
-11.442913
131.163696
116.751472
260.995483
-3.442745
131.163834
124.749069
260.996277
4.556984
131.163849
132.750275
260.994568
12.557743
131.163467
140.748901
260.994812
20.556877
131.163513
148.750732
260.992371
28.559029
131.164703
156.749237
260.993896
36.557281
131.165024
164.752777
260.993530
44.556435
131.165802
172.749832
260.993896
52.556393
131.164703
180.750809
260.991119
60.557026
131.165634
188.749725
260.993652
68.556572
131.165192
196.752869
260.993896
76.556824
131.164749
204.748764
260.996552
84.556435
131.165131
212.751465
260.995300
92.556564
131.163910
220.749390
260.996429
100.556808
131.163544
228.750275
260.994812
108.557846
131.163757
236.748322
260.995117
116.557732
131.163757
244.750763
260.993073
124.558441
131.164230
252.749832
260.994965
132.557205
131.165833
260.753204
260.992737
140.556335
131.165878
268.750000
260.993195
148.556244
131.165787
276.752319
260.993530
156.556488
131.164825
284.749573
260.994995
164.556961
131.164215
292.750732
260.993713
172.557495
131.164185
300.748657
260.994537
180.557404
131.164124
308.751434
260.993317
188.557632
131.164093
316.748779
260.994141
196.557571
131.165665
324.751587
260.992401
204.557129
131.164963
332.749512
260.994049
212.556366
131.165314
340.751526
260.992889
220.556870
131.165024
348.749207
260.994171
228.556229
131.164383
356.750977
260.994507
236.558685
131.164062
364.751038
260.995667
244.551743
131.162140
372.749573
261.000946
252.545486
131.159485
380.636993
260.920349
-59.405312
139.147095
68.713989
269.014008
-51.439495
139.171188
76.756134
268.989746
-43.441380
139.162811
84.750061
268.994019
-35.442112
139.164825
92.747948
268.993958
-27.442795
139.164124
100.751953
268.994415
-19.441994
139.164352
108.748627
268.994080
-11.442291
139.164352
116.752510
268.994110
-3.442242
139.164642
124.748344
268.994019
4.557941
139.164459
132.751831
268.993469
12.558426
139.164062
140.748016
268.992676
20.558296
139.164368
148.752838
268.991882
28.558887
139.164612
156.748947
268.992554
36.557503
139.164246
164.752869
268.994446
44.557587
139.165176
172.747925
268.994324
52.557011
139.164490
180.752411
268.992676
60.558319
139.163910
188.748535
268.993256
68.557373
139.164551
196.751862
268.992798
76.558235
139.164948
204.746994
268.992615
84.558952
139.163910
212.753891
268.994324
92.557709
139.164307
220.747925
268.993835
100.558014
139.164154
228.752258
268.992279
108.559593
139.164246
236.748398
268.991730
116.558258
139.165283
244.753342
268.990875
124.558838
139.166718
252.748962
268.991333
132.556564
139.165436
260.754578
268.991425
140.557022
139.166748
268.749359
268.993530
148.556305
139.165283
276.752258
268.993103
156.558060
139.165436
284.747681
268.993378
164.558075
139.164597
292.752869
268.993439
172.558243
139.165009
300.747772
268.992920
180.557877
139.164688
308.752594
268.992004
188.559052
139.164917
316.748535
268.991669
196.557877
139.165451
324.752533
268.990784
204.558426
139.165939
332.748962
268.991852
212.557205
139.165497
340.752747
268.991211
220.558472
139.165497
348.749084
268.991516
228.557312
139.165009
356.752258
268.992096
236.560059
139.165298
364.750885
268.991882
244.551941
139.162170
372.751526
268.998962
252.544891
139.160248
380.637512
268.919189
-59.407234
147.146423
68.713707
277.015564
-51.439735
147.170731
76.755714
276.991760
-43.441769
147.161530
84.749138
276.995239
-35.443192
147.164291
92.748428
276.995728
-27.443085
147.163879
100.750870
276.995453
-19.443031
147.163788
108.749397
276.996460
-11.443279
147.163544
116.751671
276.995239
-3.443508
147.163605
124.747818
276.996277
4.557346
147.163940
132.751068
276.994568
12.557503
147.163300
140.748703
276.994873
20.557907
147.163574
148.752319
276.992981
28.558014
147.163681
156.749741
276.995453
36.556713
147.164078
164.750519
276.995544
44.557739
147.163910
172.749146
276.995972
52.557640
147.163605
180.752441
276.994232
60.557301
147.163635
188.749176
276.994751
68.557007
147.163712
196.752197
276.994019
76.557495
147.163803
204.748016
276.994965
84.557617
147.164032
212.751572
276.994568
92.558174
147.164261
220.750656
276.995483
100.557838
147.163971
228.751205
276.993469
108.558365
147.163834
236.750153
276.993530
116.557899
147.165192
244.752243
276.992767
124.556732
147.165405
252.749908
276.995361
132.555313
147.165359
260.752502
276.994934
140.555923
147.164490
268.748169
276.995605
148.557022
147.164215
276.750854
276.995270
156.557205
147.163666
284.749420
276.995911
164.557343
147.163620
292.751099
276.994995
172.557526
147.163620
300.748962
276.995239
180.557510
147.163773
308.751434
276.994080
188.557358
147.163879
316.749603
276.994049
196.556946
147.164673
324.751526
276.992432
204.556946
147.165359
332.748657
276.994293
212.556717
147.165710
340.752472
276.993408
220.557037
147.164642
348.749878
276.993591
228.556854
147.164612
356.750977
276.993103
236.558640
147.165131
364.751404
276.994446
244.550476
147.161865
372.749084
277.000977
252.545502
147.159821
380.637299
276.921204
-59.405109
155.147491
68.713478
285.013611
-51.439613
155.171326
76.756248
284.989227
-43.441498
155.162613
84.750580
284.993134
-35.442196
155.165329
92.747658
284.993347
-27.442722
155.164490
100.751793
284.993683
-19.442017
155.164444
108.748428
284.994507
-11.443069
155.164337
116.752213
284.994263
-3.442028
155.164307
124.747559
284.994293
4.558006
155.164368
132.751648
284.993439
12.558746
155.163864
140.747650
284.992584
20.557892
155.163834
148.752686
284.992218
28.558601
155.164337
156.748306
284.992950
36.558044
155.163757
164.752472
284.992889
44.559135
155.164856
172.748993
284.993195
52.558529
155.164337
180.753204
284.993103
60.558155
155.163910
188.747910
284.993500
68.557297
155.164307
196.751892
284.993713
76.558075
155.164185
204.748688
284.992462
84.557693
155.163559
212.753372
284.992554
92.559036
155.163849
220.747589
284.993103
100.557655
155.163849
228.752151
284.992188
108.558945
155.165924
236.750488
284.992035
116.556641
155.166443
244.752701
284.991150
124.557480
155.166946
252.748962
284.993225
132.557053
155.164963
260.754333
284.994629
140.557556
155.165207
268.747345
284.994354
148.557846
155.164276
276.753082
284.994202
156.558426
155.164856
284.748352
284.994263
164.557648
155.164307
292.752472
284.994080
172.558350
155.164795
300.748108
284.993042
180.558334
155.164291
308.752563
284.992737
188.558624
155.164917
316.749146
284.993408
196.556549
155.165039
324.753296
284.992188
204.557922
155.165222
332.746765
284.991882
212.557526
155.165222
340.751709
284.991699
220.558289
155.164612
348.749451
284.992920
228.556564
155.164337
356.751282
284.992188
236.559509
155.164474
364.750061
284.992371
244.551117
155.162628
372.749695
284.998383
252.545517
155.159821
380.638611
284.919861
-59.407326
163.146820
68.713127
293.014465
-51.439369
163.171753
76.755379
292.991486
-43.441380
163.162201
84.750137
292.994965
-35.443405
163.164429
92.748322
292.995361
-27.443470
163.163895
100.750473
292.994751
-19.443550
163.163925
108.748306
292.995300
-11.443192
163.163498
116.751228
292.995483
-3.442963
163.164413
124.748413
292.996124
4.557171
163.162811
132.751602
292.994507
12.557404
163.162994
140.748611
292.994781
20.558083
163.163162
148.751740
292.993805
28.557980
163.163452
156.749146
292.995239
36.557568
163.163513
164.751724
292.994263
44.557842
163.163635
172.750122
292.995148
52.557301
163.162933
180.751862
292.995117
60.557091
163.163864
188.749344
292.995056
68.557617
163.164032
196.751038
292.994324
76.557426
163.163696
204.750031
292.995789
84.556473
163.163422
212.750671
292.993317
92.558350
163.164612
220.749298
292.995544
100.557228
163.165100
228.751740
292.992615
108.556252
163.164566
236.750000
292.994690
116.555649
163.165573
244.751678
292.994141
124.556511
163.164673
252.748749
292.995605
132.556213
163.163925
260.751038
292.995209
140.557632
163.163620
268.749542
292.996185
148.557953
163.162827
276.751099
292.995728
156.557404
163.164062
284.749023
292.996490
164.557022
163.163208
292.750824
292.995392
172.557526
163.163589
300.749146
292.995544
180.557907
163.163788
308.751282
292.993652
188.557388
163.163895
316.749176
292.995087
196.557007
163.164444
324.751526
292.994507
204.556747
163.163620
332.748596
292.993805
212.557739
163.164642
340.750061
292.992035
220.557755
163.165146
348.749054
292.994110
228.556656
163.164368
356.750671
292.993500
236.558838
163.165146
364.751038
292.993713
244.550293
163.162994
372.749573
292.999542
252.545502
163.160217
380.637878
292.921143
-59.405174
171.147186
68.713150
301.012573
-51.439167
171.171753
76.754845
300.988220
-43.440659
171.162949
84.751366
300.992950
-35.442310
171.165222
92.747688
300.993225
-27.442970
171.164520
100.751640
300.993439
-19.442570
171.164795
108.747612
300.993256
-11.442963
171.164246
116.752388
300.993530
-3.441872
171.164429
124.747978
300.993652
4.557354
171.164734
132.752136
300.993103
12.557827
171.164307
140.747314
300.991821
20.558315
171.163757
148.752930
300.992035
28.558502
171.164581
156.748383
300.992188
36.558216
171.163986
164.753052
300.992554
44.558830
171.163971
172.749695
300.993561
52.557281
171.164322
180.752869
300.992493
60.558910
171.164780
188.749252
300.993042
68.557289
171.164642
196.751556
300.993378
76.557648
171.164597
204.748154
300.993134
84.557480
171.164688
212.752411
300.991425
92.558311
171.164719
220.747620
300.991638
100.557388
171.165436
228.753143
300.992493
108.556770
171.165115
236.749557
300.994263
116.555489
171.165710
244.751190
300.993286
124.558273
171.165085
252.749023
300.993408
132.558136
171.164001
260.752106
300.994049
140.558075
171.165131
268.747437
300.992737
148.558777
171.164017
276.753906
300.993652
156.558121
171.164825
284.747925
300.993713
164.557877
171.164734
292.751373
300.993469
172.558929
171.164673
300.748199
300.992920
180.557938
171.163391
308.752350
300.993225
188.558426
171.164429
316.747559
300.993225
196.557922
171.163818
324.752136
300.993378
204.558105
171.164490
332.747711
300.991943
212.558411
171.165131
340.752350
300.990662
220.558502
171.165497
348.748840
300.991852
228.556870
171.165039
356.752045
300.991577
236.560043
171.165039
364.750885
300.991638
244.550797
171.163422
372.750122
300.997131
252.545319
171.159821
380.638763
300.919922
-59.407558
179.145889
68.713539
309.013947
-51.438591
179.171753
76.755554
308.989960
-43.441139
179.162552
84.750259
308.994263
-35.443138
179.164871
92.749146
308.995239
-27.443478
179.164352
100.750626
308.994415
-19.443176
179.164246
108.748482
308.995667
-11.443878
179.163940
116.750343
308.994629
-3.443455
179.163879
124.748833
308.995941
4.556328
179.162994
132.749481
308.994843
12.557327
179.163116
140.748199
308.995300
20.557873
179.163544
148.750961
308.993500
28.557735
179.163742
156.749512
308.994141
36.557251
179.164246
164.752167
308.993622
44.557472
179.164032
172.750275
308.996216
52.556473
179.163452
180.751907
308.994568
60.556141
179.163452
188.747864
308.995361
68.556908
179.163864
196.749298
308.994293
76.557510
179.163300
204.747787
308.994781
84.557358
179.164185
212.751678
308.993744
92.556702
179.164917
220.748291
308.993835
100.556580
179.165024
228.751648
308.993530
108.556412
179.164490
236.748688
308.995941
116.556702
179.164078
244.750778
308.995422
124.557419
179.163177
252.748474
308.996063
132.557739
179.162766
260.751404
308.994995
140.558075
179.162720
268.749329
308.996094
148.557297
179.162643
276.751129
308.995361
156.557236
179.162811
284.748322
308.996216
164.557663
179.162781
292.751587
308.995056
172.557510
179.162750
300.747955
308.996643
180.557205
179.163788
308.751373
308.995239
188.558243
179.162018
316.748291
308.995697
196.558182
179.163574
324.750519
308.994690
204.558105
179.163773
332.749908
308.994965
212.558212
179.164154
340.751892
308.992981
220.557312
179.165314
348.749207
308.993958
228.556702
179.165009
356.751831
308.993011
236.558960
179.165283
364.751434
308.993347
244.550171
179.163086
372.750000
308.998779
252.545105
179.160095
380.637634
308.920898
-59.405182
187.146454
68.714165
317.012482
-51.438148
187.171661
76.755539
316.987396
-43.440571
187.163177
84.751419
316.992249
-35.442123
187.165771
92.748589
316.992920
-27.443111
187.164780
100.751854
316.993164
-19.442497
187.165344
108.747581
316.993042
-11.443001
187.164688
116.751976
316.993591
-3.442692
187.164719
124.746971
316.993713
4.556835
187.164764
132.750732
316.992554
12.558701
187.165237
140.748215
316.991821
20.558224
187.164108
148.753174
316.991577
28.558121
187.165359
156.748840
316.991577
36.557426
187.164703
164.752350
316.992065
44.557644
187.164215
172.748718
316.993835
52.557098
187.164215
180.751953
316.994080
60.558205
187.164612
188.746750
316.993530
68.557541
187.164459
196.751282
316.992249
76.558472
187.165085
204.747711
316.992004
84.557358
187.164948
212.752106
316.991455
92.558090
187.165283
220.748032
316.991882
100.556870
187.164459
228.752319
316.992645
108.557907
187.164337
236.748459
316.993927
116.557404
187.163666
244.751740
316.993256
124.559227
187.163544
252.748169
316.993103
132.558548
187.163208
260.752502
316.992981
140.559113
187.163147
268.748962
316.993317
148.558243
187.163116
276.752991
316.993164
156.559570
187.163330
284.748596
316.993378
164.558395
187.163742
292.752136
316.992310
172.559235
187.163788
300.748993
316.992859
180.557983
187.163177
308.752197
316.992828
188.559555
187.164337
316.748901
316.992554
196.558380
187.163849
324.752869
316.991394
204.559753
187.164841
332.749695
316.992065
212.557556
187.165253
340.753052
316.990814
220.558533
187.165512
348.748810
316.991577
228.557068
187.165558
356.752472
316.991089
236.560211
187.165192
364.751373
316.991425
244.550720
187.163605
372.751007
316.997009
252.545029
187.159668
380.638275
316.919861
-59.406933
195.145752
68.714134
325.013733
-51.437996
195.171295
76.756081
324.989380
-43.440788
195.163010
84.750298
324.993652
-35.442905
195.165329
92.749527
324.995087
-27.443581
195.164490
100.750671
324.994568
-19.443352
195.164566
108.748398
324.995361
-11.443626
195.164246
116.750557
324.994263
-3.443336
195.164185
124.748169
324.994995
4.556828
195.164383
132.750519
324.994049
12.556854
195.164047
140.748367
324.995239
20.556778
195.164246
148.751160
324.993317
28.557037
195.163574
156.748932
324.993835
36.557308
195.164734
164.751617
324.993835
44.556355
195.163940
172.749268
324.995178
52.556828
195.163849
180.750580
324.994904
60.557102
195.163773
188.747696
324.995026
68.557350
195.164307
196.750824
324.993530
76.557289
195.164429
204.748505
324.994324
84.556824
195.164780
212.751022
324.992920
92.556915
195.164841
220.749084
324.993713
100.556534
195.164856
228.751831
324.993195
108.557449
195.164429
236.749252
324.995453
116.557236
195.163330
244.751404
324.993591
124.558411
195.163574
252.749603
324.994598
132.557831
195.163269
260.752350
324.994293
140.557724
195.163361
268.749390
324.995056
148.558441
195.163086
276.751282
324.993958
156.558609
195.163086
284.749725
324.994690
164.558472
195.163574
292.752106
324.994324
172.557404
195.163742
300.749786
324.995056
180.557571
195.164078
308.751251
324.993408
188.558746
195.164001
316.750641
324.993988
196.558258
195.164185
324.752472
324.993347
204.558258
195.164978
332.750275
324.994202
212.558197
195.165146
340.752441
324.992981
220.557465
195.165146
348.749817
324.993286
228.556885
195.165070
356.751892
324.992859
236.559128
195.165649
364.751648
324.993042
244.550049
195.163147
372.750732
324.998810
252.544998
195.160339
380.637512
324.921021
-59.404732
203.146606
68.713959
333.012024
-51.437862
203.171082
76.756348
332.987183
-43.440434
203.163483
84.751915
332.991333
-35.441784
203.166077
92.748703
332.992676
-27.443348
203.165146
100.752213
332.992767
-19.442303
203.165283
108.747864
332.993286
-11.443142
203.164719
116.751709
332.993134
-3.442360
203.165192
124.747421
332.993103
4.557014
203.164871
132.751526
332.992584
12.557999
203.165100
140.746979
332.992340
20.557076
203.164825
148.751923
332.991577
28.557514
203.165222
156.748978
332.991333
36.557327
203.165344
164.752380
332.991943
44.558029
203.164673
172.748734
332.993591
52.556683
203.164276
180.750809
332.992920
60.558533
203.164948
188.747467
332.992310
68.557510
203.164673
196.751770
332.991516
76.558182
203.165207
204.747894
332.991760
84.556992
203.165375
212.752151
332.991150
92.557739
203.165695
220.748581
332.991852
100.556335
203.165039
228.752014
332.991119
108.558319
203.164276
236.747894
332.992798
116.557701
203.164764
244.752502
332.991821
124.559303
203.164444
252.748734
332.992310
132.558136
203.164734
260.753174
332.992035
140.558868
203.164810
268.749451
332.992218
148.557953
203.164963
276.753021
332.991089
156.559265
203.165283
284.749451
332.991638
164.557816
203.165512
292.753113
332.990753
172.558014
203.165314
300.749390
332.991302
180.558105
203.165024
308.753387
332.991150
188.558655
203.164734
316.749451
332.991669
196.557907
203.165039
324.754150
332.990936
204.558823
203.165070
332.749207
332.991241
212.558136
203.165619
340.753815
332.990540
220.558624
203.165802
348.749603
332.991608
228.556976
203.165726
356.752747
332.990967
236.560333
203.165344
364.751587
332.990997
244.550720
203.163940
372.751678
332.996887
252.544907
203.159882
380.638336
332.919861
-59.407284
211.146057
68.713852
341.013123
-51.438263
211.171417
76.756187
340.989624
-43.440521
211.163330
84.751465
340.992859
-35.442635
211.165619
92.749527
340.994110
-27.443169
211.165253
100.750999
340.994202
-19.443180
211.164764
108.748734
340.995178
-11.443535
211.164337
116.750610
340.994354
-3.443176
211.164337
124.748116
340.995331
4.556538
211.164215
132.750458
340.994080
12.556843
211.164490
140.747894
340.994629
20.556812
211.164322
148.750717
340.993530
28.556259
211.164108
156.748795
340.994263
36.556469
211.164581
164.751068
340.993683
44.556366
211.164154
172.748184
340.995880
52.556900
211.164001
180.750580
340.994171
60.557594
211.164215
188.748032
340.994141
68.557373
211.164673
196.751221
340.993011
76.557251
211.165039
204.748871
340.993835
84.556923
211.165070
212.751465
340.992676
92.557007
211.164917
220.748718
340.994263
100.556458
211.164642
228.751648
340.993134
108.557495
211.164581
236.748260
340.993988
116.557556
211.163864
244.752380
340.992645
124.557861
211.164520
252.749634
340.993286
132.558105
211.165070
260.752441
340.992249
140.558289
211.164902
268.750916
340.993835
148.557495
211.165039
276.752563
340.992126
156.558044
211.165131
284.750732
340.993286
164.556641
211.165436
292.752838
340.992645
172.557114
211.164932
300.749359
340.993713
180.557175
211.165207
308.752197
340.992493
188.557724
211.164627
316.749756
340.994263
196.556580
211.164749
324.752258
340.992981
204.557144
211.164886
332.749756
340.993164
212.557724
211.165619
340.752014
340.992310
220.557419
211.166138
348.749878
340.993286
228.556686
211.165436
356.752136
340.992432
236.559097
211.166168
364.752075
340.992706
244.549896
211.163498
372.751221
340.998718
252.544861
211.160599
380.637543
340.920959
-59.405228
219.147369
68.713829
349.011505
-51.438255
219.171478
76.755844
348.986908
-43.440212
219.163712
84.753143
348.990845
-35.441319
219.165619
92.749260
348.991577
-27.442993
219.165649
100.752380
348.992065
-19.442093
219.165329
108.748268
348.992676
-11.443157
219.164886
116.751709
348.992310
-3.442127
219.165161
124.747505
348.992676
4.557037
219.164841
132.751526
348.992523
12.557816
219.165131
140.747284
348.992493
20.556843
219.165039
148.751740
348.991974
28.557453
219.165237
156.747925
348.992340
36.556660
219.165390
164.750977
348.992035
44.557751
219.164581
172.747711
348.992432
52.557526
219.164810
180.751343
348.991455
60.558655
219.164764
188.748276
348.991699
68.557480
219.165558
196.752319
348.990967
76.558380
219.165436
204.748749
348.991516
84.557098
219.165756
212.752365
348.990845
92.558311
219.165466
220.748154
348.991364
100.557434
219.165176
228.752838
348.991150
108.558380
219.165421
236.749084
348.991730
116.557343
219.164291
244.753525
348.990967
124.558739
219.165146
252.749512
348.991119
132.558060
219.165588
260.752808
348.990112
140.558487
219.165543
268.750366
348.991028
148.557098
219.165833
276.753326
348.990479
156.558228
219.165939
284.748993
348.991058
164.556915
219.165634
292.752228
348.991211
172.558319
219.165634
300.749451
348.991211
180.557877
219.165649
308.752808
348.990692
188.558487
219.165558
316.748932
348.991150
196.557343
219.165253
324.753143
348.991333
204.558197
219.165588
332.748932
348.991547
212.558014
219.165649
340.753174
348.990204
220.558548
219.165894
348.749634
348.991119
228.556900
219.166275
356.752991
348.990662
236.560211
219.165619
364.751709
348.990845
244.550629
219.163940
372.751923
348.996948
252.544815
219.160034
380.638184
348.919708
-59.407406
227.146469
68.713715
357.013306
-51.438465
227.171478
76.755859
356.989136
-43.440258
227.163315
84.752151
356.992645
-35.442345
227.165649
92.750443
356.993408
-27.442921
227.165527
100.751564
356.993103
-19.442825
227.165741
108.748955
356.994568
-11.443260
227.165192
116.751366
356.993774
-3.442982
227.165176
124.748451
356.994812
4.556595
227.164902
132.750748
356.993835
12.556992
227.165070
140.748047
356.994629
20.556725
227.165054
148.750916
356.993622
28.556587
227.165100
156.747971
356.994568
36.556690
227.164520
164.750824
356.993652
44.557274
227.164398
172.747772
356.994232
52.557667
227.164566
180.751602
356.992859
60.557777
227.165161
188.748978
356.993774
68.557343
227.165375
196.752197
356.992523
76.557434
227.165619
204.749283
356.993591
84.557053
227.165466
212.751984
356.992554
92.557159
227.165771
220.749039
356.993378
100.557236
227.164978
228.752472
356.992188
108.557861
227.165085
236.749588
356.994263
116.557838
227.164932
244.752243
356.993530
124.558273
227.164642
252.750381
356.994019
132.557922
227.165344
260.752625
356.992371
140.556870
227.165375
268.750427
356.993683
148.556686
227.165405
276.752441
356.992950
156.556427
227.165222
284.748077
356.994080
164.556931
227.165283
292.751892
356.992371
172.557587
227.165588
300.749481
356.993134
180.557480
227.165588
308.752533
356.992126
188.557281
227.165375
316.749847
356.994080
196.557007
227.165085
324.752197
356.992218
204.558044
227.165039
332.749451
356.993042
212.557770
227.164917
340.752747
356.992188
220.557693
227.165741
348.749359
356.993378
228.556671
227.165665
356.752228
356.992462
236.558914
227.166229
364.751862
356.992706
244.550140
227.163391
372.751465
356.998962
252.544830
227.160828
380.637390
356.920898
-59.407017
235.147614
68.713249
365.011993
-51.440662
235.171234
76.757507
364.987457
-43.442989
235.163895
84.753845
364.990295
-35.444229
235.165756
92.751183
364.991272
-27.445103
235.166061
100.753685
364.990906
-19.444431
235.166504
108.749939
364.991730
-11.445705
235.166611
116.753479
364.991516
-3.444538
235.166138
124.749496
364.992249
4.554169
235.166092
132.752716
364.991791
12.555382
235.165955
140.748871
364.991821
20.554482
235.165680
148.752823
364.992188
28.555504
235.165390
156.749054
364.992188
36.554928
235.165436
164.752609
364.991241
44.556126
235.165283
172.749924
364.991394
52.555084
235.166016
180.753448
364.990631
60.556217
235.166000
188.750519
364.991302
68.554756
235.166550
196.753815
364.990631
76.555923
235.166122
204.750549
364.991302
84.554565
235.166687
212.753586
364.990570
92.555779
235.166321
220.750641
364.991272
100.553734
235.166016
228.754578
364.990417
108.555809
235.165710
236.750122
364.991058
116.555077
235.165344
244.753571
364.990540
124.556732
235.165588
252.750931
364.991211
132.555054
235.166473
260.754272
364.990540
140.555695
235.165375
268.750336
364.991638
148.555389
235.165497
276.753723
364.991760
156.556030
235.164948
284.750183
364.991669
164.555298
235.165100
292.753784
364.990479
172.556320
235.165939
300.750793
364.990662
180.555130
235.166046
308.753876
364.990265
188.556274
235.165985
316.750702
364.991150
196.554993
235.165787
324.754822
364.990814
204.556412
235.165802
332.750549
364.991302
212.554962
235.165634
340.753998
364.990662
220.555923
235.166473
348.750793
364.991028
228.554443
235.166077
356.753784
364.990753
236.557434
235.165649
364.752869
364.990906
244.548676
235.163376
372.753418
364.996338
252.545654
235.159790
380.637390
364.918762
-59.410149
243.137970
68.722450
373.013519
-51.435692
243.167496
76.756187
372.993347
-43.438560
243.162537
84.752693
372.994415
-35.439495
243.163452
92.752243
372.994080
-27.439793
243.163239
100.753471
372.993439
-19.439560
243.163498
108.751373
372.994049
-11.440155
243.163391
116.753044
372.994202
-3.439602
243.163223
124.751244
372.994568
4.559921
243.162231
132.752701
372.993988
12.560818
243.162750
140.751404
372.994843
20.560078
243.162231
148.752472
372.994080
28.561092
243.162933
156.751144
372.994110
36.560787
243.162598
164.753632
372.993774
44.560905
243.163406
172.751526
372.993958
52.560520
243.163177
180.753769
372.993317
60.560585
243.164047
188.751648
372.993774
68.560173
243.163574
196.753815
372.993195
76.560463
243.164246
204.751770
372.993683
84.559967
243.163589
212.753571
372.993103
92.560455
243.164032
220.751877
372.994110
100.559608
243.162201
228.753983
372.994415
108.560493
243.162811
236.750854
372.994537
116.560295
243.162781
244.753510
372.993408
124.560852
243.163361
252.752258
372.994080
132.559891
243.163086
260.753357
372.993774
140.560150
243.163055
268.750946
372.994324
148.560455
243.162476
276.753540
372.993286
156.561752
243.162628
284.752045
372.993866
164.560944
243.162231
292.754028
372.993652
172.560699
243.162689
300.751221
372.993927
180.560608
243.162582
308.753998
372.993042
188.560745
243.162872
316.751953
372.994263
196.560303
243.162628
324.753601
372.993591
204.561020
243.163391
332.751282
372.993835
212.560364
243.162872
340.753723
372.993317
220.560638
243.163986
348.751892
372.993774
228.559753
243.163055
356.753479
372.993408
236.562195
243.165710
364.755798
372.993805
244.556946
243.165100
372.755920
372.998627
252.551422
243.168732
380.636353
372.919952
-59.419811
251.076309
68.673836
380.990570
-51.411102
251.063446
76.640236
380.984009
-43.411991
251.058670
84.632538
380.992096
-35.412426
251.061188
92.631500
380.990723
-27.413193
251.060074
100.632538
380.990814
-19.412682
251.061295
108.630539
380.990417
-11.413128
251.060272
116.631668
380.990387
-3.412563
251.061768
124.630669
380.990601
4.586956
251.060638
132.632095
380.990631
12.587719
251.061737
140.631012
380.990692
20.587025
251.060638
148.632385
380.990417
28.587509
251.061523
156.631378
380.990479
36.586899
251.060532
164.631973
380.990112
44.587498
251.061462
172.631409
380.990326
52.586597
251.060791
180.632187
380.989929
60.587345
251.061493
188.631256
380.990143
68.586517
251.060852
196.632156
380.989899
76.587334
251.061462
204.631348
380.990082
84.586411
251.060699
212.631927
380.989990
92.587372
251.061356
220.631104
380.990601
100.586952
251.060455
228.632568
380.990692
108.587921
251.061401
236.631134
380.990540
116.586884
251.059616
244.632782
380.991119
124.587402
251.060837
252.631165
380.991150
132.586990
251.060150
260.631958
380.990997
140.587799
251.060822
268.631622
380.991089
148.586578
251.060287
276.632935
380.991486
156.587311
251.060287
284.631714
380.991119
164.587616
251.059341
292.632751
380.991394
172.587769
251.060684
300.631531
380.990601
180.586533
251.060303
308.631897
380.990570
188.587433
251.061218
316.631348
380.990417
196.586563
251.060577
324.632629
380.990234
204.587387
251.061432
332.631348
380.990021
212.586548
251.060562
340.632202
380.990021
220.587372
251.061737
348.631348
380.989990
228.586517
251.061035
356.632202
380.990204
236.587845
251.062134
364.632263
380.990692
244.585327
251.068451
372.642517
380.992432
252.557281
251.079590
380.604370
380.943481
-120.735977
-119.824387
137.651199
135.831116
-104.735626
-119.816010
153.648331
135.829178
-88.732681
-119.812622
169.648773
135.830292
-72.732559
-119.812653
185.648788
135.830322
-56.732193
-119.812096
201.648544
135.830261
-40.732285
-119.812157
217.648788
135.830383
-24.732056
-119.812065
233.648422
135.830414
-8.732224
-119.812187
249.648605
135.830521
7.268005
-119.812088
265.648315
135.830414
23.267914
-119.812103
281.648529
135.830536
39.268188
-119.812004
297.648376
135.830261
55.267975
-119.811966
313.648621
135.830215
71.268005
-119.811813
329.648438
135.830215
87.267868
-119.811966
345.648621
135.830353
103.268082
-119.812050
361.648499
135.830292
119.267715
-119.812126
377.648743
135.830414
135.267715
-119.812157
393.648376
135.830231
151.267517
-119.811829
409.649109
135.830276
167.267151
-119.813698
425.649902
135.830139
183.263428
-119.824692
441.652039
135.828537
-120.740356
-103.833427
137.650085
151.827911
-104.742691
-103.825607
153.651413
151.825378
-88.737274
-103.824860
169.655228
151.824860
-72.737015
-103.824921
185.655701
151.824280
-56.736481
-103.824455
201.655350
151.824127
-40.736557
-103.824478
217.655518
151.824280
-24.736572
-103.824448
233.655197
151.824310
-8.736649
-103.824707
249.655411
151.824387
7.263474
-103.824615
265.655243
151.824249
23.263245
-103.824646
281.655426
151.824280
39.263443
-103.824593
297.655396
151.824081
55.263504
-103.824669
313.655701
151.824097
71.263458
-103.824303
329.655365
151.824020
87.263397
-103.824394
345.655579
151.824280
103.263580
-103.824326
361.655304
151.824127
119.263443
-103.824684
377.655701
151.824127
135.263428
-103.824371
393.655304
151.824066
151.263397
-103.824249
409.654724
151.824432
167.264694
-103.825607
425.657837
151.822937
183.269363
-103.827606
441.659210
151.822739
-120.738235
-87.834732
137.649582
167.825150
-104.740646
-87.824829
153.652695
167.823578
-88.737259
-87.822968
169.656158
167.824066
-72.737244
-87.822556
185.656189
167.823059
-56.736633
-87.821915
201.656158
167.822968
-40.736816
-87.822021
217.656357
167.823181
-24.736618
-87.822044
233.656219
167.823120
-8.736847
-87.821930
249.656342
167.823059
7.263382
-87.821960
265.656311
167.822968
23.263092
-87.822098
281.656311
167.823029
39.263412
-87.821823
297.656342
167.822906
55.263168
-87.822037
313.656433
167.822830
71.263489
-87.822136
329.656342
167.822968
87.263199
-87.822144
345.656464
167.822968
103.263550
-87.822021
361.656311
167.823013
119.263184
-87.822037
377.656433
167.822968
135.263275
-87.822105
393.656372
167.822891
151.262451
-87.821510
409.655853
167.823090
167.263596
-87.822067
425.658173
167.821823
183.269470
-87.825760
441.661438
167.823578
-120.738770
-71.835091
137.649551
183.824768
-104.741165
-71.824532
153.653549
183.823669
-88.738113
-71.823929
169.657333
183.823822
-72.737976
-71.823608
185.657196
183.822906
-56.737396
-71.822983
201.657043
183.822540
-40.737427
-71.823265
217.657318
183.822662
-24.737396
-71.823196
233.656967
183.822449
-8.737610
-71.823395
249.657272
183.822510
7.262619
-71.823242
265.657166
183.822388
23.262360
-71.823532
281.657196
183.822433
39.262650
-71.823174
297.657074
183.822372
55.262527
-71.823326
313.657318
183.822571
71.262756
-71.823166
329.657104
183.822281
87.262421
-71.823364
345.657318
183.822449
103.262650
-71.823219
361.657288
183.822266
119.262512
-71.823135
377.657623
183.822327
135.262436
-71.822968
393.657349
183.822250
151.262115
-71.822243
409.657043
183.822708
167.262695
-71.822884
425.658508
183.821014
183.269775
-71.826614
441.661926
183.823486
-120.738312
-55.835121
137.649582
199.824814
-104.741180
-55.824829
153.653046
199.823364
-88.737915
-55.824112
169.656448
199.823792
-72.737915
-55.823776
185.656509
199.822784
-56.737259
-55.823074
201.656555
199.822830
-40.737534
-55.823235
217.656631
199.822723
-24.737213
-55.823212
233.656693
199.822540
-8.737625
-55.823280
249.656876
199.822571
7.262756
-55.823082
265.656860
199.822433
23.262497
-55.823174
281.656708
199.822357
39.262756
-55.823021
297.656555
199.822418
55.262512
-55.823227
313.656616
199.822571
71.262863
-55.823067
329.656799
199.822586
87.262390
-55.823303
345.656860
199.822357
103.262787
-55.823181
361.656738
199.822174
119.262756
-55.823303
377.657104
199.822433
135.263062
-55.823273
393.656921
199.822510
151.262070
-55.822548
409.656494
199.822662
167.263229
-55.822815
425.658386
199.821198
183.269592
-55.826881
441.661438
199.823410
-120.738556
-39.835037
137.649414
215.824829
-104.741226
-39.824844
153.653305
215.823364
-88.738098
-39.824020
169.656784
215.823669
-72.737976
-39.823822
185.657043
215.822815
-56.737503
-39.823166
201.656891
215.822540
-40.737457
-39.823334
217.657196
215.822693
-24.737305
-39.823166
233.656982
215.822327
-8.737427
-39.823395
249.657333
215.822357
7.262619
-39.823242
265.657166
215.822144
23.262695
-39.823273
281.657257
215.822388
39.262695
-39.823128
297.656921
215.822266
55.262619
-39.823303
313.657043
215.822495
71.262619
-39.823174
329.656860
215.822205
87.262665
-39.823318
345.657104
215.822296
103.262573
-39.823090
361.656982
215.821899
119.262695
-39.822983
377.657349
215.822235
135.262375
-39.823128
393.657043
215.822098
151.262344
-39.822487
409.657166
215.822784
167.263153
-39.822990
425.658630
215.821075
183.269897
-39.827110
441.661835
215.823593
-120.738419
-23.835030
137.649704
231.824951
-104.741241
-23.824753
153.653122
231.823486
-88.737778
-23.824181
169.656616
231.823853
-72.737930
-23.823616
185.656601
231.822876
-56.737366
-23.822998
201.656494
231.822754
-40.737366
-23.823326
217.656769
231.822754
-24.737091
-23.823097
233.656967
231.822464
-8.737549
-23.823288
249.656799
231.822357
7.262878
-23.823196
265.656830
231.822388
23.262726
-23.823273
281.656860
231.822540
39.262955
-23.823143
297.656677
231.822510
55.262634
-23.823456
313.656738
231.822525
71.262863
-23.823212
329.656799
231.822479
87.262543
-23.823402
345.656891
231.822403
103.262894
-23.823135
361.656799
231.822235
119.262726
-23.823395
377.657043
231.822540
135.262772
-23.823219
393.656677
231.822433
151.262329
-23.822144
409.656769
231.822906
167.263138
-23.822800
425.658752
231.821243
183.269608
-23.827118
441.661591
231.823700
-120.738693
-7.835060
137.649429
247.824692
-104.741241
-7.824783
153.653229
247.823471
-88.738098
-7.824142
169.656586
247.823669
-72.737946
-7.823898
185.656860
247.822906
-56.737457
-7.823181
201.656845
247.822510
-40.737366
-7.823372
217.657257
247.822571
-24.737427
-7.823090
233.657150
247.822144
-8.737457
-7.823235
249.657379
247.822235
7.262619
-7.823158
265.657166
247.822220
23.262619
-7.823250
281.657349
247.822601
39.262604
-7.823090
297.657257
247.822357
55.262589
-7.823357
313.657288
247.822388
71.262619
-7.823181
329.657166
247.822189
87.262436
-7.823143
345.657166
247.822205
103.262650
-7.823158
361.657104
247.822311
119.262619
-7.823357
377.657318
247.822388
135.262497
-7.823639
393.656921
247.822220
151.262100
-7.822861
409.657104
247.822906
167.262939
-7.822586
425.659149
247.821365
183.269699
-7.826935
441.662048
247.823486
-120.738495
8.164841
137.649490
263.824768
-104.741180
8.175285
153.653076
263.823578
-88.737808
8.175713
169.656509
263.823975
-72.737915
8.176193
185.656464
263.823059
-56.737305
8.176682
201.656464
263.822662
-40.737427
8.176514
217.656738
263.822571
-24.737106
8.176842
233.656937
263.822357
-8.737457
8.176758
249.656906
263.822449
7.262955
8.176949
265.656860
263.822632
23.262589
8.176735
281.656952
263.822632
39.263046
8.177032
297.657043
263.822632
55.262497
8.176811
313.656982
263.822449
71.263016
8.176826
329.656830
263.822510
87.262665
8.176544
345.656769
263.822632
103.262787
8.176674
361.656738
263.822693
119.262711
8.176369
377.656677
263.822601
135.262787
8.176300
393.656982
263.822479
151.262085
8.177399
409.656738
263.822815
167.263199
8.177132
425.659058
263.821594
183.269547
8.172714
441.661743
263.823517
-120.738739
24.164764
137.649551
279.824738
-104.741226
24.175186
153.653595
279.823486
-88.738159
24.176086
169.656982
279.823730
-72.738098
24.176598
185.657028
279.822906
-56.737595
24.177452
201.656937
279.822327
-40.737534
24.177048
217.657257
279.822388
-24.737488
24.177200
233.657135
279.822144
-8.737366
24.176712
249.657303
279.822266
7.262802
24.177017
265.657257
279.822205
23.262558
24.176956
281.657379
279.822449
39.262650
24.177017
297.657288
279.822205
55.262421
24.176956
313.657104
279.822296
71.262833
24.176865
329.657196
279.822266
87.262558
24.176735
345.657379
279.822449
103.262527
24.176788
361.657043
279.822266
119.262497
24.176666
377.657318
279.822266
135.262650
24.176430
393.657043
279.822144
151.261719
24.177292
409.657043
279.822754
167.262772
24.177071
425.658691
279.821045
183.269791
24.172989
441.662048
279.823547
-120.738419
40.164848
137.649750
295.824768
-104.741165
40.175133
153.653244
295.823303
-88.737625
40.175751
169.656799
295.823883
-72.737701
40.176361
185.656525
295.822784
-56.737076
40.176849
201.656479
295.822784
-40.737198
40.176865
217.656662
295.822784
-24.736847
40.176895
233.656830
295.822540
-8.737213
40.176979
249.657074
295.822540
7.262939
40.177040
265.657013
295.822388
23.262604
40.177048
281.657074
295.822388
39.262878
40.177101
297.656738
295.822357
55.262863
40.176819
313.656921
295.822571
71.263138
40.177101
329.657196
295.822662
87.262787
40.176880
345.657166
295.822510
103.263077
40.176758
361.656860
295.822662
119.262863
40.176949
377.656921
295.822693
135.262955
40.176758
393.656891
295.822510
151.261978
40.177437
409.656494
295.822693
167.263107
40.176666
425.658569
295.821045
183.269531
40.173225
441.661499
295.823364
-120.738602
56.165100
137.649673
311.824585
-104.741196
56.175323
153.653412
311.823303
-88.737946
56.176140
169.656891
311.823669
-72.737976
56.176369
185.657028
311.822815
-56.737457
56.176842
201.656891
311.822418
-40.737289
56.176834
217.657394
311.822327
-24.737335
56.177185
233.657150
311.822083
-8.737396
56.177094
249.657532
311.822083
7.262680
56.177155
265.657288
311.822083
23.262543
56.176819
281.657135
311.822327
39.262756
56.176872
297.656982
311.822266
55.262756
56.176689
313.657471
311.822693
71.262711
56.177315
329.657593
311.822357
87.262512
56.177086
345.657257
311.822296
103.262711
56.177002
361.657227
311.822174
119.262802
56.176834
377.657410
311.822510
135.262711
56.176598
393.657074
311.822266
151.262100
56.177368
409.657135
311.822510
167.262863
56.176605
425.658081
311.820862
183.269760
56.173180
441.661743
311.823181
-120.738373
72.164925
137.649567
327.824707
-104.741272
72.174889
153.653259
327.823364
-88.737808
72.175797
169.656876
327.823944
-72.737976
72.176323
185.656570
327.822754
-56.737167
72.176994
201.656784
327.822601
-40.737183
72.176910
217.657013
327.822601
-24.737015
72.177254
233.656754
327.822388
-8.737274
72.177040
249.657150
327.822723
7.263016
72.176926
265.656921
327.822540
23.262726
72.176620
281.656891
327.822479
39.263153
72.177017
297.657043
327.822662
55.262573
72.176842
313.657104
327.822632
71.262955
72.176941
329.657135
327.822571
87.262726
72.176727
345.656860
327.822418
103.262909
72.177071
361.656799
327.822662
119.262924
72.176926
377.657104
327.822723
135.262955
72.176826
393.657074
327.822510
151.262161
72.177681
409.656647
327.822784
167.263184
72.176758
425.658508
327.821228
183.269623
72.173119
441.661255
327.823486
-120.738708
88.164810
137.649643
343.824646
-104.741318
88.174942
153.653595
343.823242
-88.738068
88.175842
169.656891
343.823578
-72.737900
88.176003
185.656708
343.822754
-56.737366
88.176620
201.656921
343.822449
-40.737305
88.176872
217.657501
343.822266
-24.737656
88.176743
233.656860
343.822235
-8.737457
88.176834
249.657547
343.822510
7.262695
88.177261
265.657410
343.822113
23.262543
88.176826
281.657288
343.822327
39.262741
88.177017
297.657349
343.822449
55.262589
88.176765
313.657227
343.822235
71.262527
88.176697
329.657043
343.822113
87.262619
88.176727
345.657349
343.822327
103.262665
88.176994
361.657013
343.822205
119.262726
88.176903
377.657654
343.822479
135.262573
88.176620
393.657379
343.822205
151.262161
88.177399
409.657318
343.822571
167.262939
88.177109
425.658569
343.821167
183.269730
88.173172
441.661621
343.823364
-120.738434
104.164886
137.649673
359.824921
-104.741226
104.175011
153.653244
359.823303
-88.737671
104.175720
169.656647
359.824036
-72.737885
104.175827
185.656479
359.822845
-56.736908
104.176605
201.656662
359.822632
-40.737259
104.176888
217.656982
359.822632
-24.737091
104.176636
233.656876
359.822388
-8.737518
104.176453
249.656860
359.822571
7.263184
104.177002
265.656982
359.822723
23.262680
104.176956
281.656982
359.822510
39.262863
104.176941
297.656921
359.822571
55.262573
104.176620
313.656677
359.822418
71.263062
104.176720
329.656921
359.822449
87.262680
104.176605
345.656738
359.822510
103.263184
104.176506
361.656799
359.822693
119.262863
104.176628
377.656921
359.822632
135.263062
104.176643
393.657227
359.822479
151.262253
104.177513
409.656982
359.822937
167.263351
104.176888
425.658569
359.821350
183.269684
104.173103
441.661407
359.823517
-120.738708
120.165016
137.649475
375.824829
-104.741302
120.174858
153.653381
375.823364
-88.738251
120.175774
169.656693
375.823822
-72.738098
120.175896
185.656952
375.822754
-56.737457
120.176483
201.656799
375.822327
-40.737396
120.176773
217.657242
375.822571
-24.737549
120.176582
233.656754
375.822144
-8.737549
120.176384
249.657043
375.822205
7.262695
120.176804
265.657104
375.822327
23.262634
120.176659
281.657349
375.822571
39.262405
120.176727
297.656921
375.822113
55.262497
120.176498
313.657288
375.822388
71.262558
120.176895
329.656952
375.822296
87.262283
120.176430
345.657043
375.822571
103.262344
120.176407
361.657104
375.822174
119.262466
120.176331
377.657410
375.822174
135.262283
120.176422
393.657166
375.822205
151.261887
120.177536
409.657196
375.822784
167.262787
120.177086
425.658752
375.820892
183.269684
120.173134
441.661774
375.823364
-120.738449
136.165161
137.649643
391.824799
-104.741623
136.174744
153.653366
391.823303
-88.738159
136.175400
169.656647
391.823730
-72.738266
136.175751
185.656815
391.822815
-56.737503
136.176315
201.656906
391.822601
-40.737610
136.176285
217.657135
391.822693
-24.737473
136.176407
233.657013
391.822235
-8.737854
136.176208
249.657028
391.822540
7.262695
136.176498
265.656921
391.822601
23.262314
136.176331
281.657166
391.822479
39.262512
136.176422
297.657013
391.822479
55.262268
136.176208
313.657104
391.822510
71.262512
136.176285
329.656738
391.822510
87.262344
136.176163
345.656738
391.822449
103.262344
136.176254
361.656738
391.822327
119.262314
136.176270
377.657074
391.822327
135.262375
136.175919
393.657104
391.822449
151.261810
136.177078
409.656860
391.822662
167.262985
136.176971
425.658569
391.821136
183.269501
136.172974
441.661377
391.823395
-120.738937
152.165482
137.649384
407.824829
-104.742249
152.175262
153.653915
407.823303
-88.739136
152.176147
169.656540
407.823151
-72.738953
152.176544
185.657104
407.822449
-56.738541
152.177048
201.656921
407.821960
-40.738495
152.176910
217.657349
407.822205
-24.738556
152.177200
233.656921
407.821808
-8.738419
152.176880
249.657242
407.822083
7.261658
152.177200
265.656921
407.821930
23.261475
152.176971
281.657135
407.822174
39.261597
152.177185
297.657043
407.821808
55.261581
152.176956
313.656982
407.822021
71.261642
152.176941
329.656891
407.821930
87.261612
152.176697
345.656921
407.821991
103.261597
152.177002
361.656982
407.821716
119.261520
152.176941
377.657196
407.821899
135.261307
152.176727
393.657043
407.821747
151.261261
152.177734
409.656921
407.821838
167.262131
152.177002
425.657623
407.820831
183.268723
152.173157
441.661316
407.824036
-120.737152
168.165604
137.649872
423.824951
-104.741104
168.173370
153.653076
423.821930
-88.737900
168.173828
169.655121
423.823486
-72.738495
168.174408
185.654968
423.822968
-56.737747
168.174454
201.654999
423.822784
-40.738190
168.174316
217.655228
423.822876
-24.737762
168.174515
233.655258
423.822784
-8.738220
168.174301
249.655090
423.822906
7.262177
168.174438
265.655029
423.822815
23.261795
168.174408
281.655151
423.822845
39.262115
168.174408
297.654938
423.822784
55.261734
168.174225
313.654999
423.822876
71.262070
168.174393
329.654968
423.822754
87.261765
168.174210
345.654968
423.822754
103.262146
168.174377
361.654968
423.822662
119.261795
168.174347
377.655151
423.822815
135.262177
168.174118
393.654907
423.822662
151.261169
168.175446
409.654572
423.822418
167.262634
168.175217
425.656555
423.821625
183.267807
168.172821
441.660492
423.824188
-120.739273
184.166809
137.654678
439.824860
-104.739502
184.168396
153.657059
439.820740
-88.740372
184.165466
169.659546
439.820740
-72.740479
184.165390
185.659256
439.820557
-56.740509
184.165298
201.659302
439.820099
-40.740417
184.165100
217.659592
439.820282
-24.740479
184.165039
233.659286
439.820160
-8.740402
184.165009
249.659531
439.820312
7.259552
184.164978
265.659302
439.820160
23.259659
184.164978
281.659454
439.820343
39.259521
184.165039
297.659363
439.820068
55.259537
184.164917
313.659546
439.820374
71.259476
184.165100
329.659332
439.820099
87.259644
184.165009
345.659607
439.820374
103.259537
184.165131
361.659424
439.820190
119.259644
184.165054
377.659546
439.820496
135.259613
184.165009
393.659515
439.820129
151.259384
184.165833
409.659454
439.820374
167.260315
184.167847
425.659241
439.818756
183.266861
184.167938
441.662659
439.820801
-239.746857
-238.915741
272.036438
273.852905
-207.733261
-238.903610
304.037872
273.859772
-175.735336
-238.903793
336.037292
273.860962
-143.735077
-238.903625
368.037262
273.861053
-111.735611
-238.901947
400.038025
273.861053
-79.735703
-238.903229
432.037689
273.861694
-47.736053
-238.902969
464.037781
273.861694
-15.736130
-238.903061
496.038300
273.861359
16.264771
-238.901245
528.037842
273.859863
48.260712
-238.892181
560.026306
273.861969
-239.739594
-206.902802
272.039337
305.843414
-207.723816
-206.889969
304.036865
305.844147
-175.723877
-206.889648
336.036377
305.844696
-143.724060
-206.889999
368.036438
305.845154
-111.724915
-206.888062
400.037140
305.845520
-79.724823
-206.888748
432.036560
305.846039
-47.724518
-206.887939
464.036316
305.846436
-15.723938
-206.887146
496.036621
305.846283
16.276505
-206.887054
528.037292
305.842743
48.277084
-206.885498
560.037598
305.851746
-239.738831
-174.905045
272.042969
337.843414
-207.720016
-174.893097
304.041687
337.843201
-175.719452
-174.893005
336.040955
337.843903
-143.718643
-174.892990
368.041412
337.843750
-111.719009
-174.891052
400.042664
337.844055
-79.718567
-174.891769
432.041840
337.844177
-47.718292
-174.890610
464.041687
337.843842
-15.718048
-174.890808
496.041840
337.844269
16.281464
-174.889404
528.042419
337.840820
48.279282
-174.887589
560.040161
337.850037
-239.739014
-142.904999
272.043793
369.845062
-207.720612
-142.893005
304.041870
369.844788
-175.719696
-142.892029
336.041046
369.845581
-143.719208
-142.892334
368.041138
369.844208
-111.719284
-142.890472
400.042419
369.844116
-79.718903
-142.891602
432.041473
369.844513
-47.718979
-142.889862
464.041138
369.844147
-15.718506
-142.889633
496.041962
369.844055
16.280945
-142.888809
528.041992
369.840851
48.279343
-142.887787
560.040100
369.849915
-239.739441
-110.904449
272.043060
401.843445
-207.721573
-110.893631
304.042542
401.842987
-175.720856
-110.892822
336.042053
401.843872
-143.721008
-110.892960
368.041870
401.842896
-111.721146
-110.891052
400.042480
401.843170
-79.720718
-110.891861
432.042023
401.843719
-47.720261
-110.890381
464.041840
401.843323
-15.719986
-110.889954
496.041992
401.842987
16.280167
-110.889206
528.042969
401.840149
48.279968
-110.888000
560.040283
401.849609
-239.739685
-78.904083
272.042389
433.842529
-207.721893
-78.894165
304.042786
433.842041
-175.721283
-78.892914
336.042328
433.842499
-143.721436
-78.892868
368.041992
433.842072
-111.721497
-78.891129
400.042725
433.842163
-79.720978
-78.891937
432.042114
433.842346
-47.720673
-78.890656
464.041626
433.841980
-15.720139
-78.890747
496.041595
433.841675
16.279434
-78.889664
528.043213
433.837921
48.279800
-78.887833
560.040649
433.848297
-239.739334
-46.903458
272.042847
465.842163
-207.721756
-46.894684
304.042664
465.841339
-175.720352
-46.893234
336.041870
465.841614
-143.720871
-46.893280
368.041260
465.841370
-111.720886
-46.892166
400.042664
465.841125
-79.720428
-46.893021
432.041595
465.841461
-47.720337
-46.891846
464.041931
465.840668
-15.719742
-46.891327
496.042633
465.840302
16.280212
-46.890305
528.043579
465.837616
48.279327
-46.888046
560.042236
465.847809
-239.738937
-14.903183
272.042114
497.842163
-207.721695
-14.893539
304.042328
497.839874
-175.720215
-14.891418
336.041321
497.840851
-143.720337
-14.891922
368.040894
497.840332
-111.720505
-14.890900
400.042236
497.840210
-79.720367
-14.891525
432.041229
497.840546
-47.719833
-14.890320
464.041779
497.839813
-15.718781
-14.890015
496.041809
497.839203
16.281311
-14.888580
528.043701
497.837280
48.280853
-14.887665
560.041748
497.848145
-239.739365
17.097931
272.040314
529.840698
-207.722855
17.107513
304.042145
529.838867
-175.721756
17.108765
336.041992
529.839111
-143.721649
17.108765
368.042297
529.838867
-111.721878
17.109802
400.043243
529.838989
-79.722183
17.109344
432.042053
529.839355
-47.721680
17.110718
464.042480
529.838623
-15.721069
17.109924
496.042450
529.838379
16.279755
17.110962
528.043701
529.837158
48.280762
17.112213
560.043335
529.848022
-239.730362
49.104111
272.045746
561.845703
-207.724380
49.111420
304.053192
561.843994
-175.723114
49.110352
336.053314
561.845947
-143.723053
49.110321
368.054138
561.845459
-111.723114
49.111435
400.054382
561.845215
-79.722992
49.111191
432.053986
561.845154
-47.722641
49.110657
464.054504
561.844116
-15.722534
49.110458
496.054810
561.843750
16.276749
49.112015
528.055603
561.843323
48.276154
49.116364
560.061768
561.848145
