-59.430664
-60.895241
68.697571
68.942490
-51.414719
-60.864685
76.742844
68.932289
-43.416431
-60.869827
84.744614
68.933212
-35.414249
-60.869102
92.742676
68.934944
-27.415005
-60.869781
100.744507
68.934212
-19.414246
-60.869385
108.742409
68.934883
-11.415070
-60.869675
116.744598
68.934052
-3.414028
-60.869400
124.742393
68.934830
4.584713
-60.869865
132.744156
68.933990
12.585918
-60.869530
140.742538
68.934776
20.585068
-60.869621
148.744476
68.934067
28.585876
-60.869354
156.742538
68.934921
36.584984
-60.869759
164.744659
68.934082
44.585915
-60.869514
172.742508
68.934868
52.584934
-60.869789
180.744568
68.934044
60.585880
-60.869507
188.742493
68.934853
68.584976
-60.869766
196.744568
68.934074
76.585930
-60.869514
204.742493
68.934875
84.584938
-60.869766
212.744568
68.934052
92.585899
-60.869499
220.742523
68.934837
100.584961
-60.869766
228.744537
68.934067
108.585915
-60.869553
236.742477
68.934891
116.584969
-60.869827
244.744522
68.934082
124.585899
-60.869598
252.742462
68.934891
132.584991
-60.869904
260.744537
68.934120
140.585876
-60.869659
268.742401
68.934914
148.584946
-60.869965
276.744446
68.934105
156.585953
-60.869759
284.742371
68.934906
164.584976
-60.870041
292.744446
68.934120
172.585938
-60.869789
300.742432
68.934959
180.584961
-60.870033
308.744507
68.934090
188.585907
-60.869781
316.742432
68.934944
196.584930
-60.870140
324.744385
68.934120
204.585892
-60.869881
332.742432
68.934952
212.584961
-60.870132
340.744476
68.934135
220.585922
-60.869804
348.742493
68.934929
228.584991
-60.870293
356.744751
68.934494
236.585129
-60.869133
364.740112
68.932098
244.580048
-60.878174
372.748444
68.942093
252.583282
-60.894478
380.670135
68.930779
-59.404152
-52.847015
68.711823
77.011284
-51.439308
-52.835976
76.747910
76.992996
-43.443420
-52.847183
84.747910
76.991440
-35.444565
-52.846359
92.744484
76.992180
-27.445026
-52.845718
100.748940
76.991806
-19.444477
-52.846054
108.744614
76.991982
-11.444870
-52.845589
116.749077
76.991829
-3.444584
-52.846024
124.744545
76.991974
4.555248
-52.845558
132.749054
76.991623
12.555519
-52.845909
140.745178
76.991882
20.555164
-52.845436
148.749023
76.991669
28.555504
-52.845932
156.744659
76.991882
36.555218
-52.845459
164.749252
76.991760
44.555569
-52.845848
172.744827
76.991867
52.555180
-52.845451
180.749207
76.991753
60.555542
-52.845901
188.744858
76.991875
68.555267
-52.845398
196.749268
76.991768
76.555557
-52.845894
204.744843
76.991867
84.555206
-52.845421
212.749176
76.991745
92.555603
-52.845924
220.744858
76.991905
100.555237
-52.845444
228.749252
76.991760
108.555595
-52.845840
236.744873
76.991837
116.555244
-52.845352
244.749252
76.991730
124.555618
-52.845795
252.744904
76.991829
132.555237
-52.845337
260.749329
76.991692
140.555603
-52.845810
268.744904
76.991814
148.555298
-52.845314
276.749298
76.991730
156.555634
-52.845718
284.744873
76.991783
164.555283
-52.845268
292.749329
76.991684
172.555634
-52.845680
300.744934
76.991737
180.555252
-52.845215
308.749390
76.991592
188.555557
-52.845673
316.744873
76.991699
196.555283
-52.845200
324.749329
76.991631
204.555634
-52.845627
332.745026
76.991615
212.555237
-52.845154
340.749268
76.991547
220.555618
-52.845673
348.744934
76.991531
228.555069
-52.845581
356.749146
76.991882
236.556488
-52.846527
364.746490
76.993256
244.549500
-52.847946
372.743591
76.993286
252.547546
-52.851654
380.633728
76.913033
-59.408005
-44.854431
68.712662
85.013618
-51.439228
-44.832108
76.756363
84.991425
-43.441143
-44.839485
84.749329
84.995361
-35.442471
-44.838806
92.748337
84.995483
-27.443195
-44.837486
100.749886
84.995026
-19.442478
-44.838974
108.748245
84.995346
-11.443237
-44.837509
116.750107
84.994865
-3.442360
-44.838806
124.748260
84.995476
4.556816
-44.837296
132.750061
84.994720
12.557648
-44.838951
140.748840
84.995361
20.556824
-44.837280
148.750061
84.994980
28.557682
-44.838966
156.748444
84.995422
36.556892
-44.837410
164.750275
84.994995
44.557674
-44.838921
172.748474
84.995453
52.556820
-44.837410
180.750153
84.995003
60.557690
-44.838898
188.748535
84.995476
68.556839
-44.837341
196.750183
84.995026
76.557693
-44.838882
204.748535
84.995506
84.556816
-44.837326
212.750153
84.995003
92.557724
-44.838852
220.748581
84.995453
100.556892
-44.837364
228.750122
84.995026
108.557732
-44.838898
236.748535
84.995491
116.556923
-44.837372
244.750137
84.995056
124.557739
-44.838890
252.748581
84.995483
132.556992
-44.837418
260.750183
84.995132
140.557770
-44.838905
268.748535
84.995552
148.556976
-44.837425
276.750183
84.995079
156.557800
-44.838913
284.748596
84.995514
164.557037
-44.837418
292.750214
84.995125
172.557846
-44.838966
300.748627
84.995537
180.556992
-44.837448
308.750122
84.995163
188.557678
-44.838936
316.748474
84.995544
196.557068
-44.837532
324.750275
84.995155
204.557831
-44.839027
332.748657
84.995567
212.557007
-44.837639
340.750092
84.995171
220.557831
-44.838966
348.748627
84.995506
228.556824
-44.838028
356.750122
84.995514
236.559235
-44.838394
364.751068
84.995102
244.550308
-44.839531
372.747986
85.000313
252.545792
-44.841599
380.637115
84.922371
-59.404945
-36.852798
68.713379
93.011414
-51.438301
-36.828941
76.756538
92.986603
-43.440228
-36.836372
84.752457
92.990173
-35.441681
-36.834068
92.749779
92.990677
-27.442673
-36.833992
100.753365
92.990128
-19.441856
-36.834114
108.749619
92.990585
-11.442657
-36.833870
116.753380
92.990036
-3.441761
-36.834122
124.749580
92.990547
4.557529
-36.833809
132.753448
92.990112
12.558155
-36.834122
140.749893
92.990555
20.557446
-36.833817
148.753464
92.990128
28.558266
-36.834053
156.749802
92.990654
36.557541
-36.833847
164.753555
92.990250
44.558331
-36.834068
172.749817
92.990715
52.557518
-36.833817
180.753525
92.990204
60.558262
-36.834091
188.749771
92.990646
68.557449
-36.833740
196.753540
92.990196
76.558243
-36.834038
204.749908
92.990677
84.557465
-36.833763
212.753571
92.990204
92.558281
-36.834038
220.749878
92.990746
100.557465
-36.833832
228.753586
92.990189
108.558212
-36.834084
236.749847
92.990707
116.557465
-36.833817
244.753601
92.990242
124.558243
-36.834106
252.749817
92.990715
132.557510
-36.833817
260.753540
92.990273
140.558289
-36.834152
268.749847
92.990746
148.557587
-36.833817
276.753662
92.990326
156.558319
-36.834198
284.749817
92.990761
164.557556
-36.833763
292.753571
92.990349
172.558380
-36.834198
300.749939
92.990776
180.557587
-36.833817
308.753540
92.990356
188.558380
-36.834145
316.749756
92.990883
196.557663
-36.833832
324.753662
92.990425
204.558319
-36.834396
332.749878
92.990906
212.557587
-36.833778
340.753479
92.990311
220.558456
-36.834412
348.750122
92.990913
228.557297
-36.834541
356.753082
92.990875
236.560287
-36.834793
364.752075
92.990784
244.550766
-36.836250
372.751984
92.996811
252.544708
-36.840302
380.637939
92.919678
-59.407116
-28.853737
68.713028
101.012833
-51.438187
-28.828407
76.756325
100.989090
-43.440567
-28.835899
84.751640
100.991982
-35.442619
-28.833832
92.750168
100.992882
-27.443188
-28.833496
100.752190
100.991753
-19.442764
-28.833870
108.749832
100.993004
-11.443245
-28.833488
116.752312
100.991638
-3.442688
-28.833817
124.749886
100.992897
4.556850
-28.833382
132.752380
100.991638
12.557289
-28.833801
140.750046
100.993034
20.556763
-28.833336
148.752335
100.991676
28.557266
-28.833794
156.750031
100.992989
36.556847
-28.833405
164.752411
100.991699
44.557354
-28.833786
172.750000
100.992928
52.556870
-28.833397
180.752396
100.991600
60.557373
-28.833672
188.750061
100.992889
68.556839
-28.833237
196.752396
100.991554
76.557343
-28.833611
204.750183
100.992882
84.556763
-28.833206
212.752396
100.991531
92.557350
-28.833633
220.750122
100.992851
100.556892
-28.833206
228.752472
100.991608
108.557220
-28.833557
236.750107
100.992828
116.556633
-28.833176
244.752319
100.991638
124.557144
-28.833519
252.750031
100.992989
132.556686
-28.833420
260.752319
100.991730
140.557251
-28.833641
268.750000
100.992950
148.556839
-28.833267
276.752380
100.991760
156.557236
-28.833694
284.750061
100.992996
164.556946
-28.833260
292.752258
100.991806
172.557434
-28.833771
300.750214
100.993057
180.557068
-28.833435
308.752319
100.991806
188.557434
-28.833771
316.750061
100.992958
196.556976
-28.833511
324.752502
100.991783
204.557388
-28.833817
332.750153
100.992943
212.556976
-28.833534
340.752380
100.991737
220.557281
-28.833786
348.750031
100.992989
228.556656
-28.834244
356.752045
100.992363
236.559067
-28.834023
364.751984
100.992691
244.549774
-28.836487
372.751343
100.998680
252.544876
-28.839500
380.637268
100.920921
-59.404938
-20.852737
68.713150
109.011337
-51.438221
-20.828499
76.756195
108.986374
-43.440220
-20.835541
84.752419
108.989861
-35.441734
-20.833183
92.749634
108.990471
-27.442913
-20.833160
100.753242
108.989754
-19.441895
-20.833214
108.749413
108.990395
-11.442856
-20.833084
116.753357
108.989754
-3.441822
-20.833206
124.749596
108.990456
4.557175
-20.833008
132.753357
108.989738
12.558140
-20.833130
140.749557
108.990501
20.557217
-20.832954
148.753510
108.989830
28.558178
-20.833199
156.749496
108.990616
36.557236
-20.833038
164.753479
108.989876
44.558254
-20.833260
172.749573
108.990570
52.557266
-20.833031
180.753418
108.989799
60.558266
-20.833176
188.749634
108.990448
68.557266
-20.832932
196.753510
108.989761
76.558228
-20.833153
204.749619
108.990440
84.557297
-20.832886
212.753662
108.989815
92.558311
-20.833061
220.749878
108.990555
100.557281
-20.832634
228.753510
108.990021
108.557663
-20.833389
236.749329
108.990417
116.557121
-20.833092
244.753143
108.989830
124.558014
-20.833344
252.749054
108.990700
132.556763
-20.833054
260.753265
108.990021
140.557907
-20.833351
268.749451
108.990540
148.557251
-20.832947
276.753357
108.989975
156.558197
-20.833466
284.749664
108.990585
164.557373
-20.833221
292.753387
108.989861
172.558456
-20.833290
300.749756
108.990913
180.557373
-20.833046
308.753601
108.989952
188.558304
-20.833351
316.749634
108.990585
196.557388
-20.833038
324.753540
108.989983
204.558319
-20.833504
332.749695
108.990776
212.557297
-20.833061
340.753357
108.990021
220.558258
-20.833656
348.749756
108.990967
228.556976
-20.833847
356.752899
108.990631
236.560257
-20.834358
364.751801
108.990753
244.550690
-20.835968
372.752258
108.996834
252.544769
-20.840012
380.638123
108.919670
-59.407131
-12.853729
68.713120
117.012840
-51.438110
-12.828369
76.756401
116.988937
-43.440598
-12.835899
84.751678
116.991997
-35.442654
-12.833733
92.750275
116.992851
-27.443172
-12.833519
100.752335
116.991676
-19.442760
-12.833755
108.749908
116.992874
-11.443241
-12.833458
116.752464
116.991531
-3.442596
-12.833824
124.750168
116.992882
4.556835
-12.833412
132.752502
116.991592
12.557274
-12.833633
140.750031
116.992851
20.556835
-12.833359
148.752625
116.991570
28.557335
-12.833740
156.750107
116.992928
36.556889
-12.833427
164.752625
116.991631
44.557327
-12.833710
172.750061
116.992859
52.556885
-12.833374
180.752655
116.991554
60.557381
-12.833702
188.750183
116.992836
68.556870
-12.833313
196.752563
116.991501
76.557343
-12.833641
204.750244
116.992752
84.556847
-12.833229
212.752655
116.991447
92.557114
-12.833588
220.750214
116.992554
100.556396
-12.833115
228.752197
116.991470
108.556870
-12.833511
236.749817
116.992996
116.557129
-12.833450
244.752838
116.991501
124.557327
-12.833046
252.749481
116.992828
132.556305
-12.833244
260.752625
116.991692
140.556564
-12.833504
268.750122
116.992462
148.557037
-12.833557
276.752289
116.991241
156.557648
-12.833511
284.750488
116.992859
164.556961
-12.833351
292.752716
116.991470
172.557526
-12.833893
300.750275
116.992714
180.557098
-12.833412
308.752808
116.991768
188.557343
-12.833771
316.750305
116.992905
196.557068
-12.833481
324.752686
116.991760
204.557312
-12.833801
332.750061
116.992928
212.557083
-12.833511
340.752686
116.991760
220.557266
-12.833824
348.750000
116.992958
228.556747
-12.834244
356.752197
116.992348
236.559158
-12.833984
364.752197
116.992714
244.549973
-12.836678
372.751617
116.998772
252.544846
-12.839485
380.637360
116.920998
-59.404957
-4.852768
68.713173
125.011322
-51.438137
-4.828461
76.756279
124.986382
-43.440247
-4.835541
84.752411
124.989777
-35.441658
-4.833153
92.749657
124.990440
-27.442883
-4.833069
100.753334
124.989738
-19.441914
-4.833221
108.749420
124.990440
-11.442924
-4.833061
116.753281
124.989738
-3.441799
-4.833260
124.749649
124.990494
4.557259
-4.832947
132.753357
124.989815
12.558128
-4.833046
140.749512
124.990517
20.557186
-4.833000
148.753510
124.989799
28.558250
-4.833176
156.749512
124.990509
36.557255
-4.833023
164.753510
124.989845
44.558250
-4.833191
172.749573
124.990547
52.557228
-4.833054
180.753387
124.989799
60.558250
-4.833168
188.749634
124.990479
68.557312
-4.832932
196.753479
124.989883
76.558098
-4.833115
204.749557
124.990509
84.557205
-4.832970
212.753479
124.989853
92.557892
-4.833176
220.749481
124.990631
100.556458
-4.832581
228.752304
124.989632
108.557869
-4.833344
236.749283
124.990631
116.557205
-4.832993
244.753357
124.989601
124.558350
-4.833267
252.749313
124.990211
132.557037
-4.832565
260.753357
124.990112
140.557617
-4.833511
268.749084
124.990761
148.557159
-4.833351
276.753174
124.989937
156.558258
-4.833618
284.749207
124.990692
164.557343
-4.833511
292.753967
124.990082
172.558441
-4.833618
300.749512
124.990814
180.557281
-4.833054
308.753296
124.990128
188.558365
-4.833420
316.749756
124.990761
196.557312
-4.833069
324.753418
124.990089
204.558273
-4.833511
332.749664
124.990768
212.557419
-4.833099
340.753418
124.990036
220.558319
-4.833565
348.749695
124.990845
228.557129
-4.833740
356.752991
124.990501
236.560303
-4.834419
364.751862
124.990768
244.550781
-4.836029
372.752258
124.996857
252.544891
-4.839973
380.638123
124.919815
-59.407127
3.146286
68.713127
133.012787
-51.438076
3.171646
76.756432
132.988937
-43.440575
3.164139
84.751762
132.991913
-35.442642
3.166245
92.750328
132.992767
-27.443169
3.166496
100.752289
132.991653
-19.442730
3.166183
108.749954
132.992874
-11.443241
3.166527
116.752365
132.991547
-3.442646
3.166168
124.750229
132.992859
4.556870
3.166626
132.752441
132.991577
12.557270
3.166451
140.750031
132.992798
20.556831
3.166687
148.752640
132.991516
28.557339
3.166252
156.750092
132.992844
36.556889
3.166565
164.752502
132.991608
44.557369
3.166275
172.750122
132.992859
52.556858
3.166611
180.752502
132.991547
60.557301
3.166321
188.750107
132.992798
68.556915
3.166656
196.752472
132.991577
76.557251
3.166344
204.750061
132.992889
84.556862
3.166710
212.752441
132.991455
92.557121
3.166298
220.750198
132.992828
100.556190
3.166656
228.751587
132.991577
108.556717
3.166306
236.749329
132.992889
116.557083
3.166466
244.752960
132.991882
124.557083
3.166985
252.749695
132.992722
132.556564
3.166306
260.752502
132.992065
140.556549
3.166351
268.749542
132.992920
148.557083
3.166168
276.752594
132.991760
156.557571
3.165939
284.749786
132.993347
164.556641
3.166222
292.752747
132.991852
172.557465
3.165970
300.750031
132.993088
180.556976
3.166367
308.752380
132.991730
188.557434
3.166183
316.750244
132.992905
196.557098
3.166443
324.752563
132.991730
204.557419
3.166161
332.750183
132.992920
212.557022
3.166428
340.752625
132.991791
220.557312
3.166153
348.750153
132.992950
228.556763
3.165749
356.752197
132.992371
236.559082
3.165894
364.752197
132.992706
244.550003
3.163452
372.751587
132.998672
252.544891
3.160522
380.637360
132.920990
-59.404945
11.147247
68.713196
141.011307
-51.438122
11.171501
76.756264
140.986359
-43.440258
11.164421
84.752457
140.989868
-35.441704
11.166801
92.749657
140.990479
-27.442890
11.166862
100.753250
140.989777
-19.441914
11.166771
108.749443
140.990402
-11.442886
11.166962
116.753235
140.989685
-3.441853
11.166779
124.749710
140.990417
4.557251
11.167068
132.753357
140.989807
12.558117
11.166924
140.749527
140.990448
20.557220
11.166977
148.753464
140.989807
28.558262
11.166756
156.749603
140.990479
36.557289
11.166908
164.753448
140.989822
44.558266
11.166794
172.749603
140.990570
52.557236
11.166985
180.753418
140.989838
60.558216
11.166786
188.749619
140.990555
68.557236
11.167068
196.753326
140.989899
76.558159
11.166893
204.749588
140.990509
84.557228
11.167076
212.753342
140.989777
92.557999
11.166664
220.749664
140.990601
100.556732
11.167130
228.752518
140.989899
108.557663
11.166580
236.748993
140.990585
116.557770
11.166855
244.753525
140.990112
124.558174
11.166916
252.749557
140.990723
132.556763
11.167183
260.753418
140.989929
140.558167
11.166809
268.749634
140.990601
148.557297
11.166840
276.753418
140.989685
156.558411
11.166725
284.749512
140.990601
164.557129
11.166649
292.753418
140.989960
172.558472
11.166641
300.749695
140.990723
180.557281
11.166817
308.753387
140.989990
188.558411
11.166603
316.749817
140.990692
196.557404
11.166916
324.753510
140.990036
204.558350
11.166496
332.749725
140.990692
212.557373
11.166916
340.753418
140.989990
220.558319
11.166420
348.749725
140.990829
228.557037
11.166191
356.752960
140.990540
236.560303
11.165649
364.751831
140.990753
244.550720
11.164009
372.752411
140.996841
252.544891
11.160057
380.638031
140.919815
-59.407139
19.146278
68.713188
149.012787
-51.438057
19.171722
76.756424
148.988953
-43.440628
19.164101
84.751701
148.991959
-35.442627
19.166260
92.750320
148.992813
-27.443165
19.166473
100.752274
148.991653
-19.442707
19.166183
108.749992
148.992889
-11.443172
19.166527
116.752388
148.991547
-3.442684
19.166153
124.750244
148.992889
4.556835
19.166603
132.752487
148.991577
12.557175
19.166336
140.750076
148.992844
20.556824
19.166641
148.752625
148.991516
28.557400
19.166199
156.750244
148.992874
36.556847
19.166580
164.752518
148.991547
44.557327
19.166275
172.750076
148.992828
52.556820
19.166611
180.752502
148.991486
60.557308
19.166313
188.750153
148.992767
68.556862
19.166634
196.752426
148.991516
76.557320
19.166245
204.750153
148.992783
84.556908
19.166656
212.752533
148.991608
92.557129
19.166077
220.750000
148.992798
100.556290
19.166458
228.751648
148.991592
108.556915
19.166183
236.749603
148.992950
116.557411
19.166496
244.752640
148.991760
124.557343
19.166573
252.750290
148.992554
132.556396
19.166504
260.752594
148.991669
140.556854
19.166588
268.750031
148.992310
148.557053
19.166595
276.753082
148.991364
156.557190
19.166420
284.749542
148.992920
164.556488
19.166306
292.752625
148.991531
172.557495
19.166153
300.749969
148.992996
180.556961
19.166451
308.752441
148.991669
188.557449
19.166176
316.750244
148.992935
196.557037
19.166473
324.752533
148.991760
204.557465
19.166153
332.750244
148.992905
212.557037
19.166458
340.752594
148.991760
220.557343
19.166275
348.750183
148.992920
228.556702
19.165833
356.752289
148.992279
236.559067
19.165894
364.752197
148.992645
244.549927
19.163483
372.751648
148.998611
252.544861
19.160568
380.637329
148.920990
-59.404976
27.147232
68.713211
157.011322
-51.438137
27.171486
76.756256
156.986420
-43.440247
27.164421
84.752373
156.989883
-35.441689
27.166794
92.749725
156.990509
-27.442879
27.166855
100.753220
156.989777
-19.441891
27.166733
108.749458
156.990479
-11.442902
27.166924
116.753281
156.989746
-3.441872
27.166794
124.749649
156.990479
4.557159
27.167099
132.753357
156.989777
12.558098
27.166878
140.749451
156.990585
20.557148
27.167015
148.753296
156.989838
28.558178
27.166710
156.749512
156.990646
36.557186
27.166901
164.753220
156.989929
44.558182
27.166672
172.749435
156.990631
52.557163
27.166801
180.753174
156.989899
60.558144
27.166611
188.749435
156.990601
68.557297
27.166824
196.753326
156.989929
76.558167
27.166725
204.749451
156.990570
84.557098
27.167122
212.753067
156.989777
92.558136
27.166611
220.749756
156.990540
100.556679
27.167122
228.752838
156.989655
108.558044
27.166458
236.749451
156.990738
116.557564
27.166954
244.753510
156.990036
124.558228
27.166748
252.749756
156.990662
132.556778
27.167282
260.753235
156.989990
140.558044
27.166496
268.749725
156.990707
148.557007
27.166969
276.753235
156.989655
156.558121
27.166710
284.749207
156.990631
164.556793
27.166679
292.753448
156.989883
172.558380
27.166626
300.749359
156.990707
180.557190
27.166840
308.753357
156.989990
188.558182
27.166519
316.749542
156.990570
196.557220
27.166847
324.753296
156.989899
204.558228
27.166443
332.749634
156.990585
212.557343
27.166893
340.753265
156.989883
220.558289
27.166344
348.749603
156.990662
228.557068
27.166176
356.752869
156.990540
236.560242
27.165642
364.751892
156.990753
244.550690
27.164078
372.752167
156.996826
252.544861
27.160065
380.638000
156.919739
-59.407154
35.146294
68.713120
165.012817
-51.438133
35.171684
76.756424
164.988922
-43.440586
35.164116
84.751717
164.991913
-35.442604
35.166260
92.750275
164.992798
-27.443172
35.166504
100.752281
164.991623
-19.442738
35.166145
108.749977
164.992889
-11.443169
35.166557
116.752426
164.991547
-3.442768
35.166145
124.750107
164.992874
4.556786
35.166565
132.752380
164.991608
12.557335
35.166183
140.749969
164.992920
20.556900
35.166473
148.752441
164.991623
28.557411
35.166122
156.750153
164.992981
36.556904
35.166466
164.752533
164.991699
44.557392
35.166168
172.750153
164.992981
52.556885
35.166519
180.752579
164.991638
60.557373
35.166229
188.750214
164.992889
68.556717
35.166664
196.752563
164.991699
76.557472
35.166092
204.750626
164.993057
84.556839
35.166611
212.752502
164.991531
92.557121
35.166206
220.750320
164.992676
100.556625
35.166473
228.752411
164.991592
108.556946
35.166054
236.749969
164.992981
116.557091
35.166443
244.753113
164.991516
124.556992
35.166496
252.750031
164.992828
132.556427
35.166634
260.752258
164.991470
140.557404
35.166397
268.750000
164.992966
148.556854
35.166435
276.752350
164.991577
156.557297
35.166428
284.749756
164.992615
164.556595
35.166336
292.752625
164.991669
172.557312
35.166222
300.749664
164.992828
180.556808
35.166344
308.752319
164.991730
188.557281
35.166084
316.749878
164.993011
196.556824
35.166382
324.752136
164.991760
204.557266
35.166008
332.749878
164.993134
212.556915
35.166313
340.752319
164.991852
220.557190
35.166107
348.749817
164.992996
228.556564
35.165619
356.751923
164.992279
236.559189
35.165680
364.751923
164.992752
244.549896
35.163254
372.751282
164.998749
252.545166
35.160469
380.637207
164.921066
-59.405022
43.147217
68.713264
173.011322
-51.438210
43.171516
76.756210
172.986420
-43.440296
43.164398
84.752296
172.989838
-35.441711
43.166740
92.749619
172.990509
-27.442917
43.166893
100.753235
172.989777
-19.441921
43.166733
108.749352
172.990463
-11.442894
43.166908
116.753227
172.989807
-3.441860
43.166672
124.749420
172.990509
4.557148
43.166885
132.753174
172.989746
12.558014
43.166725
140.749359
172.990387
20.557224
43.167038
148.753387
172.989624
28.558216
43.166931
156.749573
172.990372
36.557190
43.167175
164.753357
172.989655
44.558197
43.166893
172.749390
172.990356
52.557304
43.167137
180.753510
172.989716
60.558071
43.167023
188.749496
172.990295
68.556969
43.167412
196.752930
172.989822
76.557724
43.166351
204.749619
172.990387
84.557175
43.166855
212.752960
172.989624
92.557976
43.167000
220.749588
172.990295
100.556824
43.167236
228.752777
172.989777
108.557877
43.166115
236.749237
172.990921
116.557137
43.166695
244.753143
172.990036
124.557632
43.166328
252.749512
172.990616
132.557388
43.167023
260.753052
172.990036
140.558304
43.166496
268.749756
172.990570
148.557434
43.167160
276.753540
172.990051
156.558228
43.166725
284.749481
172.990631
164.557098
43.166817
292.753448
172.990097
172.558380
43.166382
300.749268
172.990921
180.557297
43.166779
308.753326
172.990158
188.558380
43.166214
316.749908
172.990921
196.557266
43.166702
324.753357
172.990204
204.558334
43.166229
332.749817
172.990936
212.557281
43.166817
340.753418
172.990143
220.558289
43.166283
348.749939
172.990936
228.556976
43.166115
356.752991
172.990631
236.560120
43.165634
364.752014
172.990814
244.550476
43.163986
372.752472
172.996765
252.544647
43.160080
380.637878
172.920135
-59.407051
51.146294
68.712936
181.012848
-51.438099
51.171524
76.756134
180.988922
-43.440617
51.163811
84.751526
180.992004
-35.442513
51.166092
92.750076
180.992889
-27.443256
51.166306
100.752052
180.991699
-19.442726
51.166046
108.749847
180.992950
-11.443241
51.166351
116.752151
180.991608
-3.442432
51.166084
124.750153
180.992920
4.556908
51.166649
132.752289
180.991653
12.557369
51.166412
140.750198
180.992813
20.556717
51.166687
148.752640
180.991547
28.557312
51.166214
156.749969
180.993011
36.556717
51.166710
164.752487
180.991669
44.557354
51.166397
172.750198
180.992783
52.556675
51.166679
180.752579
180.991608
60.557251
51.165962
188.749939
180.992645
68.556824
51.166336
196.751801
180.991745
76.557114
51.166183
204.750229
180.993378
84.556610
51.166473
212.752686
180.991302
92.557526
51.166039
220.749817
180.992783
100.556969
51.166245
228.751953
180.991928
108.557114
51.166115
236.749817
180.992981
116.556961
51.166298
244.753326
180.991821
124.557823
51.166046
252.750275
180.993073
132.557129
51.166229
260.752350
180.991516
140.557739
51.166176
268.750732
180.992950
148.556702
51.166687
276.752502
180.991623
156.556992
51.166451
284.749664
180.992676
164.556915
51.166748
292.752716
180.991547
172.557159
51.166382
300.750122
180.992584
180.557083
51.166397
308.752899
180.991562
188.557449
51.166687
316.750336
180.992737
196.557037
51.166573
324.753235
180.991638
204.557343
51.166382
332.750488
180.992889
212.556961
51.166321
340.753082
180.991760
220.557266
51.166344
348.750519
180.993011
228.556412
51.165672
356.752716
180.992386
236.558990
51.165993
364.752319
180.992737
244.549637
51.163635
372.751770
180.998520
252.544556
51.160683
380.637207
180.920975
-59.404762
59.147430
68.713127
189.011368
-51.437813
59.171417
76.756493
188.986572
-43.440102
59.164474
84.752724
188.989929
-35.441490
59.166763
92.750107
188.990479
-27.442902
59.166977
100.753540
188.989746
-19.441940
59.166740
108.749626
188.990448
-11.442879
59.166954
116.753479
188.989761
-3.441895
59.166931
124.749619
188.990387
4.557167
59.167343
132.753464
188.989746
12.558273
59.166771
140.749878
188.990616
20.557095
59.167191
148.753479
188.989868
28.558243
59.166855
156.749741
188.990463
36.557297
59.167252
164.753845
188.989716
44.558041
59.166901
172.749634
188.990570
52.556923
59.167122
180.753143
188.989868
60.558010
59.167038
188.749939
188.990463
68.557251
59.167374
196.752884
188.989075
76.558273
59.166893
204.749756
188.990204
84.557724
59.167152
212.754028
188.990234
92.557831
59.166664
220.749268
188.990677
100.556976
59.167389
228.753113
188.989197
108.558289
59.166519
236.749863
188.990295
116.557632
59.167427
244.753326
188.989655
124.558487
59.166412
252.749771
188.990601
132.557312
59.167175
260.753235
188.989883
140.558212
59.166718
268.749756
188.990585
148.557175
59.167274
276.753113
188.989960
156.558334
59.166840
284.749817
188.990509
164.557465
59.167412
292.753448
188.989578
172.557602
59.166855
300.749603
188.990143
180.557037
59.167358
308.753479
188.989197
188.558411
59.167007
316.749603
188.990021
196.557144
59.167778
324.753235
188.989304
204.558121
59.166992
332.749542
188.990143
212.556900
59.167656
340.753174
188.989044
220.557861
59.166946
348.749329
188.989746
228.556595
59.166908
356.752533
188.989548
236.559692
59.166046
364.751160
188.989929
244.550171
59.164047
372.752075
188.996460
252.545227
59.160118
380.637817
188.919601
-59.407005
67.146523
68.713493
197.012695
-51.437695
67.172447
76.756767
196.988739
-43.440361
67.164330
84.752510
196.991760
-35.442245
67.166618
92.750870
196.992706
-27.443115
67.166557
100.752777
196.991501
-19.442657
67.166481
108.750000
196.992889
-11.443214
67.166595
116.752869
196.991440
-3.443092
67.166473
124.750092
196.992874
4.556450
67.166893
132.752304
196.991333
12.556992
67.166924
140.750031
196.992386
20.556614
67.166992
148.752640
196.991211
28.557041
67.166893
156.750122
196.992630
36.556396
67.166687
164.752655
196.991440
44.556557
67.166557
172.749817
196.992706
52.556786
67.166351
180.752472
196.991470
60.557384
67.166168
188.750168
196.992889
68.557060
67.166496
196.752792
196.992096
76.557106
67.166069
204.750275
196.993301
84.556503
67.166687
212.752472
196.991776
92.556801
67.166428
220.749817
196.992981
100.556335
67.166023
228.752106
196.992065
108.556885
67.166473
236.749329
196.993042
116.556992
67.166397
244.752640
196.991760
124.557144
67.166176
252.749924
196.992966
132.556870
67.166626
260.752350
196.991806
140.556824
67.166359
268.749847
196.992828
148.557037
67.166656
276.752655
196.991394
156.557541
67.166420
284.750549
196.992554
164.557053
67.166763
292.753204
196.992096
172.556534
67.166290
300.749603
196.993240
180.557220
67.166168
308.753723
196.991821
188.557129
67.166153
316.750031
196.993286
196.556519
67.166489
324.752747
196.992096
204.556885
67.166206
332.750244
196.993225
212.556732
67.166473
340.753021
196.992508
220.556732
67.166428
348.749939
196.993774
228.555679
67.165520
356.751923
196.992981
236.558136
67.165878
364.751678
196.993240
244.549072
67.163307
372.751221
196.998840
252.544739
67.160530
380.636993
196.921265
-59.404999
75.147751
68.713760
205.011246
-51.438297
75.172028
76.756165
204.985840
-43.439995
75.165085
84.752739
204.989319
-35.441463
75.166901
92.750305
204.990265
-27.442726
75.167564
100.753723
204.989380
-19.441521
75.166840
108.749596
204.990356
-11.442810
75.167542
116.753616
204.989716
-3.441925
75.166641
124.749718
204.990631
4.556999
75.167603
132.753540
204.989777
12.557774
75.166794
140.749603
204.990662
20.556576
75.167618
148.753159
204.989853
28.557491
75.166786
156.749130
204.990509
36.556183
75.167297
164.752716
204.989716
44.557499
75.166718
172.748856
204.990433
52.557434
75.166847
180.753387
204.989868
60.557896
75.166351
188.749268
204.990540
68.557449
75.166939
196.753387
204.989838
76.558395
75.166611
204.749695
204.990845
84.557159
75.166817
212.753052
204.990402
92.557343
75.166931
220.748993
204.990784
100.556847
75.166565
228.752823
204.990768
108.557648
75.166252
236.748962
204.990387
116.557213
75.166595
244.752899
204.989868
124.558357
75.166382
252.750031
204.990784
132.557327
75.166573
260.753540
204.990326
140.558151
75.166344
268.749756
204.990952
148.557236
75.166603
276.753418
204.990082
156.557922
75.166443
284.749817
204.990601
164.556931
75.166985
292.752991
204.989883
172.558243
75.166946
300.748535
204.990936
180.557205
75.167015
308.754150
204.989990
188.558182
75.166260
316.749176
204.990997
196.556183
75.167572
324.752686
204.990143
204.557205
75.167160
332.748993
204.990204
212.556213
75.167580
340.752258
204.989624
220.557098
75.167381
348.748444
204.990631
228.555771
75.167137
356.751862
204.990494
236.558777
75.166275
364.750610
204.990448
244.549515
75.164581
372.751068
204.996643
252.544434
75.160507
380.637817
204.919739
-59.407135
83.146530
68.713875
213.013397
-51.438560
83.172348
76.756538
212.988556
-43.440605
83.163956
84.752182
212.991928
-35.442726
83.166801
92.750748
212.992767
-27.443321
83.166626
100.753113
212.991791
-19.443123
83.166985
108.750259
212.992477
-11.443577
83.166855
116.752983
212.991425
-3.443264
83.167130
124.750107
212.992569
4.556320
83.166786
132.752594
212.991730
12.556427
83.167107
140.749634
212.992676
20.556194
83.166862
148.752228
212.991699
28.556183
83.167236
156.749084
212.992981
36.555878
83.166321
164.751862
212.992111
44.556812
83.166122
172.749207
212.992523
52.557079
83.166069
180.752319
212.991531
60.557499
83.166100
188.750107
212.993042
68.557007
83.166313
196.752426
212.991699
76.557373
83.165977
204.750046
212.992752
84.557205
83.166138
212.752930
212.992126
92.556610
83.166855
220.748627
212.993286
100.557007
83.165688
228.752670
212.992493
108.556404
83.165672
236.749863
212.992538
116.557014
83.166344
244.752258
212.991394
124.557442
83.166115
252.750183
212.992798
132.556931
83.166756
260.752869
212.992004
140.557129
83.166061
268.750549
212.993103
148.556763
83.166443
276.752502
212.991974
156.557007
83.165977
284.750000
212.993484
164.555847
83.166122
292.752319
212.992050
172.556839
83.166595
300.748840
212.992645
180.556915
83.166214
308.753357
212.991455
188.556732
83.167236
316.748749
212.993011
196.556046
83.166428
324.751526
212.991989
204.556000
83.166580
332.748352
212.993164
212.555878
83.166328
340.750793
212.992157
220.555786
83.166649
348.747772
212.992798
228.555435
83.165886
356.750488
212.992020
236.557632
83.166466
364.750214
212.992538
244.548798
83.163750
372.749603
212.998795
252.544876
83.160545
380.636871
212.920685
-59.405022
91.147690
68.714012
221.011749
-51.438583
91.172218
76.756432
220.986435
-43.440483
91.165108
84.752792
220.989777
-35.442001
91.166992
92.749908
220.990723
-27.443504
91.167831
100.753326
220.989853
-19.442654
91.167282
108.749283
220.990601
-11.444054
91.168007
116.752731
220.989975
-3.443050
91.167458
124.748871
220.990723
4.555679
91.167816
132.752136
220.990051
12.556824
91.167290
140.748413
220.990723
20.555885
91.167610
148.752014
220.990112
28.556824
91.166870
156.747833
220.990921
36.556458
91.167358
164.752365
220.990219
44.557693
91.166534
172.749344
220.990417
52.557541
91.166664
180.752960
220.989807
60.558418
91.166473
188.749649
220.990601
68.557434
91.166443
196.753174
220.990082
76.558418
91.166367
204.750153
220.990952
84.557121
91.166977
212.753387
220.990021
92.557922
91.167053
220.748535
220.990967
100.556725
91.166725
228.752747
220.990845
108.557327
91.167000
236.749573
220.990967
116.555939
91.166519
244.751862
220.989990
124.557999
91.166771
252.748093
220.990662
132.556778
91.166908
260.752747
220.989700
140.558365
91.167152
268.749054
220.990921
148.556717
91.166985
276.752869
220.990051
156.558258
91.166870
284.749329
220.990906
164.556122
91.166336
292.752502
220.990112
172.558334
91.166527
300.749146
220.990707
180.557007
91.167130
308.753265
220.990372
188.557343
91.166473
316.748840
220.991028
196.556137
91.167480
324.751434
220.990036
204.557480
91.166817
332.748322
220.990845
212.556335
91.167442
340.751556
220.989990
220.557404
91.166916
348.748474
220.990814
228.555908
91.166832
356.751404
220.990417
236.559158
91.165985
364.750427
220.990906
244.549774
91.164589
372.750214
220.996597
252.544693
91.160034
380.638000
220.919434
-59.407166
99.146652
68.713867
229.013336
-51.438763
99.172424
76.756287
228.988586
-43.440773
99.164230
84.751678
228.992126
-35.443275
99.166977
92.749931
228.992981
-27.443729
99.166542
100.751907
228.992218
-19.444035
99.166832
108.748680
228.993164
-11.444038
99.166595
116.751259
228.992218
-3.444355
99.166779
124.748169
228.993103
4.555695
99.166351
132.750824
228.992401
12.555328
99.166695
140.747650
228.992981
20.555595
99.165817
148.750946
228.992096
28.555630
99.166161
156.748230
228.992371
36.557129
99.165619
164.751770
228.991791
44.556870
99.166214
172.749542
228.992874
52.557686
99.165665
180.752838
228.991577
60.557507
99.165718
188.749603
228.993011
68.557053
99.166481
196.752533
228.991364
76.557739
99.165863
204.750427
228.993073
84.556732
99.166237
212.752792
228.992416
92.556137
99.166267
220.748627
228.993713
100.556381
99.165955
228.752518
228.992859
108.556152
99.164864
236.749451
228.994537
116.555450
99.165573
244.750214
228.993103
124.556473
99.165527
252.748993
228.993652
132.556244
99.166031
260.751617
228.991058
140.557159
99.166130
268.748840
228.992737
148.556915
99.166695
276.752197
228.991730
156.557281
99.166351
284.749359
228.993118
164.556549
99.166199
292.752625
228.991058
172.557983
99.166389
300.749542
228.992447
180.557251
99.166130
308.752594
228.992004
188.556961
99.166634
316.748993
228.992691
196.556488
99.166122
324.751678
228.992035
204.556641
99.166626
332.749146
228.992859
212.556610
99.166252
340.751953
228.992004
220.556580
99.166443
348.748932
228.992950
228.556274
99.165604
356.751556
228.992584
236.558319
99.166061
364.750854
228.992981
244.549530
99.164131
372.750610
228.998383
252.544617
99.160629
380.637329
228.920654
-59.405037
107.147552
68.714081
237.011841
-51.438591
107.171982
76.756210
236.986572
-43.440334
107.164719
84.752472
236.990082
-35.441837
107.166443
92.749565
236.991211
-27.443329
107.167213
100.752708
236.990295
-19.442314
107.166481
108.748840
236.991089
-11.443665
107.167236
116.752243
236.990341
-3.442593
107.166550
124.748260
236.990997
4.556145
107.166855
132.751740
236.990341
12.557175
107.166130
140.748199
236.990967
20.556744
107.166290
148.752106
236.990173
28.558128
107.165955
156.748993
236.990707
36.557274
107.166588
164.752563
236.990112
44.558758
107.166000
172.749573
236.990784
52.557629
107.166321
180.753387
236.990265
60.558502
107.166092
188.749252
236.990814
68.557510
107.166748
196.753571
236.989929
76.558418
107.166260
204.749817
236.990906
84.556854
107.167038
212.753067
236.990509
92.557671
107.167137
220.748413
236.991547
100.556320
107.165779
228.752411
236.991730
108.557327
107.166153
236.747742
236.991714
116.557137
107.165421
244.751556
236.991318
124.558205
107.165344
252.747681
236.991760
132.557388
107.165245
260.752716
236.991013
140.558350
107.165985
268.748596
236.990891
148.556305
107.166466
276.753113
236.988983
156.558838
107.166168
284.749329
236.991302
164.557709
107.166924
292.754150
236.990280
172.558990
107.165756
300.749420
236.990982
180.557693
107.166695
308.753632
236.990082
188.558334
107.166206
316.749634
236.990997
196.557129
107.167030
324.753174
236.990051
204.558365
107.166344
332.749878
236.990799
212.557266
107.167099
340.753296
236.990051
220.558243
107.166405
348.749908
236.990875
228.556961
107.166557
356.752869
236.990494
236.560120
107.165771
364.751709
236.990753
244.550766
107.164612
372.751953
236.996506
252.544632
107.160194
380.638336
236.919586
-59.407173
115.146461
68.713936
245.013428
-51.438717
115.172234
76.756485
244.988464
-43.440651
115.163864
84.751930
244.991928
-35.442726
115.166809
92.750534
244.992767
-27.443085
115.166466
100.752716
244.992096
-19.443054
115.166603
108.749969
244.992874
-11.443363
115.166199
116.752632
244.992157
-3.443497
115.166542
124.749512
244.993103
4.556263
115.165886
132.751892
244.992157
12.557243
115.165916
140.749664
244.993088
20.557327
115.165627
148.752350
244.992325
28.557766
115.165558
156.750610
244.993698
36.557068
115.165344
164.752472
244.992676
44.557671
115.165535
172.749969
244.993378
52.556904
115.165649
180.752319
244.992035
60.557560
115.165962
188.749985
244.992981
68.556976
115.166275
196.752350
244.991791
76.557144
115.166138
204.750275
244.993240
84.556854
115.165878
212.752579
244.992798
92.556686
115.166183
220.748871
244.994141
100.556381
115.164558
228.751343
244.993774
108.556564
115.164696
236.748413
244.994766
116.556793
115.163818
244.750305
244.993378
124.557724
115.164406
252.748779
244.994110
132.557770
115.164932
260.752045
244.992188
140.557602
115.164780
268.749268
244.993271
148.555756
115.165359
276.752319
244.992889
156.557022
115.165512
284.749115
244.993347
164.557419
115.166290
292.752350
244.991943
172.557526
115.166382
300.750519
244.992828
180.557068
115.166840
308.752686
244.991730
188.557358
115.166496
316.750244
244.992706
196.556976
115.166626
324.753113
244.991577
204.557404
115.166801
332.750488
244.992584
212.557053
115.166588
340.753204
244.991669
220.557281
115.166794
348.750427
244.992569
228.556732
115.165901
356.752838
244.992249
236.559082
115.166527
364.752319
244.992386
244.550003
115.163986
372.751953
244.998199
252.544586
115.160912
380.637451
244.920761
-59.405235
123.147491
68.714088
253.011993
-51.438644
123.171890
76.756439
252.986664
-43.440605
123.164795
84.752853
252.990021
-35.441959
123.166702
92.750198
252.990860
-27.443241
123.167412
100.753685
252.989929
-19.442142
123.166748
108.750206
252.990555
-11.443344
123.167511
116.753502
252.989929
-3.441811
123.166573
124.749619
252.991028
4.557346
123.166840
132.753052
252.990417
12.558594
123.166069
140.749893
252.991119
20.557613
123.166435
148.753098
252.990067
28.558491
123.166130
156.749573
252.990875
36.557735
123.166618
164.753418
252.990082
44.558525
123.166267
172.749542
252.990875
52.557178
123.166458
180.753372
252.989990
60.558327
123.166428
188.749481
252.990753
68.557037
123.166557
196.753159
252.990097
76.557861
123.166397
204.749512
252.991119
84.557121
123.166191
212.753174
252.990860
92.557953
123.165771
220.748840
252.991898
100.557686
123.165207
228.752518
252.992126
108.557983
123.164406
236.748199
252.991867
116.558167
123.164825
244.752350
252.991638
124.559464
123.164757
252.749481
252.991348
132.557785
123.164917
260.753052
252.990875
140.557678
123.165306
268.748962
252.992310
148.556442
123.165802
276.752045
252.991486
156.557983
123.165703
284.748291
252.991455
164.557266
123.166260
292.752930
252.990234
172.558441
123.166367
300.749939
252.991028
180.557053
123.167175
308.753540
252.990021
188.558289
123.166489
316.750244
252.990799
196.557205
123.167336
324.753845
252.989975
204.558258
123.166382
332.750214
252.990906
212.557144
123.167213
340.753784
252.990082
220.558197
123.166336
348.750244
252.990921
228.556885
123.166550
356.753357
252.990524
236.560196
123.165672
364.752289
252.990646
244.550629
123.164200
372.752747
252.996902
252.544769
123.160294
380.638153
252.919846
-59.407684
131.147003
68.713852
261.013489
-51.439560
131.172821
76.756134
260.988220
-43.441395
131.164581
84.751373
260.991882
-35.443905
131.167343
92.749657
260.992737
-27.444172
131.166946
100.752090
260.991943
-19.444309
131.167023
108.749321
260.992828
-11.444614
131.166229
116.752045
260.991760
-3.443138
131.166290
124.749557
260.993042
4.557049
131.166138
132.752686
260.991821
12.557560
131.165894
140.750122
260.992920
20.557308
131.166443
148.752701
260.991699
28.557453
131.165894
156.750168
260.992981
36.556881
131.166534
164.752502
260.991577
44.557396
131.166077
172.750214
260.992920
52.557049
131.166351
180.752365
260.991608
60.557255
131.166092
188.749710
260.992859
68.557014
131.166260
196.752350
260.991699
76.557190
131.165741
204.749756
260.993256
84.556747
131.165634
212.752289
260.992493
92.557297
131.165405
220.750076
260.993561
100.557190
131.164734
228.752502
260.993469
108.557762
131.164825
236.749817
260.994293
116.557877
131.164749
244.751984
260.992523
124.558334
131.164597
252.750671
260.994202
132.556931
131.165115
260.751831
260.992706
140.556656
131.165436
268.748322
260.994232
148.556656
131.165497
276.751160
260.992401
156.557434
131.164917
284.749786
260.992950
164.557220
131.166229
292.752075
260.991394
172.557831
131.166504
300.750366
260.992523
180.557053
131.166565
308.753082
260.991577
188.557281
131.166656
316.750610
260.992676
196.556763
131.166534
324.753265
260.991669
204.557068
131.166611
332.750366
260.992706
212.556793
131.166534
340.753235
260.991699
220.557053
131.166687
348.750427
260.992676
228.556458
131.165833
356.752869
260.992249
236.558884
131.166336
364.752411
260.992462
244.549820
131.163666
372.752075
260.998627
252.544724
131.160980
380.637421
260.921082
-59.406109
139.147888
68.713516
269.012390
-51.440212
139.172668
76.754990
268.986816
-43.442387
139.165070
84.750366
268.990295
-35.443695
139.167313
92.747353
268.991302
-27.445126
139.167282
100.750923
268.990417
-19.443840
139.166962
108.747223
268.991394
-11.445076
139.166855
116.751328
268.989899
-3.442490
139.166779
124.748383
268.990204
4.556950
139.166718
132.752869
268.989960
12.558186
139.166626
140.749451
268.990692
20.557541
139.166779
148.753510
268.989929
28.558289
139.166901
156.749573
268.990631
36.557137
139.166946
164.753494
268.989807
44.558201
139.166626
172.749237
268.990479
52.557449
139.166702
180.753479
268.989929
60.558395
139.166519
188.749405
268.990540
68.557648
139.166901
196.753754
268.990082
76.558350
139.166061
204.750168
268.990753
84.557457
139.165970
212.753952
268.990448
92.558487
139.165527
220.750580
268.991333
100.557076
139.165466
228.753235
268.990509
108.558777
139.165131
236.750183
268.991272
116.557907
139.165802
244.753067
268.990601
124.558533
139.166092
252.749969
268.991699
132.557159
139.166565
260.753815
268.991211
140.557907
139.166016
268.748413
268.991913
148.557373
139.165924
276.752502
268.991028
156.558563
139.165009
284.749329
268.991333
164.557663
139.166351
292.752777
268.989868
172.558533
139.166199
300.750397
268.990723
180.557175
139.167236
308.754059
268.989807
188.558014
139.166779
316.750031
268.990662
196.556732
139.167648
324.753754
268.989868
204.557617
139.166809
332.749573
268.990601
212.556641
139.167511
340.753296
268.989685
220.557617
139.166718
348.749603
268.990509
228.556503
139.166870
356.752991
268.990173
236.559753
139.166061
364.751831
268.990356
244.550293
139.164307
372.752563
268.996826
252.544739
139.160370
380.637970
268.919861
-59.408230
147.147034
68.712532
277.014160
-51.440399
147.172867
76.754410
276.989319
-43.442307
147.164124
84.749100
276.992859
-35.445019
147.167130
92.747246
276.993347
-27.444809
147.166565
100.749771
276.992554
-19.444946
147.166962
108.746788
276.993317
-11.444668
147.166779
116.750801
276.992371
-3.444794
147.166473
124.747795
276.992676
4.555923
147.165863
132.750198
276.991333
12.557175
147.166046
140.749115
276.992981
20.557095
147.166290
148.752243
276.991638
28.557346
147.166168
156.749893
276.993042
36.556793
147.166382
164.752304
276.991699
44.557312
147.165970
172.749802
276.992798
52.556931
147.166306
180.752258
276.991394
60.557632
147.166107
188.749786
276.992432
68.557022
147.166580
196.752625
276.991028
76.557373
147.166351
204.750641
276.992218
84.556961
147.166626
212.753143
276.991302
92.557175
147.166351
220.750366
276.992981
100.556564
147.165817
228.752518
276.991821
108.557266
147.165588
236.749756
276.992554
116.557098
147.166077
244.751862
276.991180
124.556915
147.166061
252.749832
276.992798
132.556854
147.165970
260.752441
276.992493
140.557053
147.165482
268.748779
276.993622
148.557556
147.165268
276.751526
276.992554
156.557526
147.165009
284.750244
276.993256
164.557159
147.166046
292.752319
276.991608
172.557037
147.167114
300.750488
276.992554
180.556213
147.167206
308.753082
276.991486
188.556244
147.167236
316.749725
276.992737
196.555847
147.166840
324.751923
276.991913
204.555984
147.166916
332.748993
276.992828
212.555984
147.166595
340.752014
276.991821
220.556046
147.166901
348.749176
276.992737
228.555756
147.165955
356.751892
276.992188
236.558014
147.166595
364.751465
276.992462
244.549133
147.163589
372.751282
276.998688
252.544601
147.160873
380.637054
276.920898
-59.406353
155.147369
68.712326
285.012756
-51.440193
155.172729
76.754143
284.986969
-43.442097
155.164749
84.750259
284.990967
-35.443577
155.167587
92.746964
284.991333
-27.444881
155.166992
100.750587
284.990967
-19.443539
155.167450
108.746445
284.991241
-11.444595
155.166412
116.750191
284.990753
-3.443066
155.166107
124.747101
284.991272
4.556633
155.166382
132.751221
284.989685
12.558575
155.166077
140.749176
284.989929
20.557434
155.166763
148.753311
284.989746
28.558292
155.166473
156.749649
284.990753
36.557167
155.166641
164.753464
284.990234
44.558247
155.166321
172.749695
284.991241
52.557037
155.166504
180.753204
284.990448
60.557732
155.166565
188.749893
284.990417
68.556831
155.166626
196.753815
284.989716
76.557404
155.166260
204.749603
284.990875
84.556549
155.166367
212.752823
284.990662
92.557663
155.165314
220.748596
284.992126
100.557289
155.165588
228.752380
284.991699
108.558250
155.165131
236.748657
284.991760
116.557465
155.165741
244.753021
284.990601
124.558212
155.165756
252.749084
284.991455
132.557419
155.166092
260.753052
284.991119
140.558197
155.166031
268.749268
284.991394
148.557709
155.166077
276.752930
284.990570
156.558044
155.166412
284.749084
284.991150
164.556259
155.167282
292.752136
284.989838
172.556686
155.167450
300.748444
284.990570
180.555664
155.167755
308.752045
284.990234
188.556458
155.167328
316.747803
284.991302
196.555359
155.167480
324.751434
284.990387
204.556686
155.167007
332.747925
284.990845
212.555649
155.167435
340.751648
284.989990
220.556854
155.166885
348.748230
284.990845
228.555573
155.166779
356.751526
284.990540
236.558899
155.166107
364.750732
284.990692
244.549515
155.164093
372.751221
284.997162
252.544617
155.160202
380.637756
284.919769
-59.407890
163.146851
68.712204
293.014191
-51.440144
163.172913
76.754356
292.989563
-43.441864
163.164062
84.749413
292.993256
-35.444538
163.166870
92.747818
292.993591
-27.444374
163.166489
100.749825
292.993073
-19.444614
163.166901
108.746887
292.993713
-11.444302
163.166245
116.750114
292.992615
-3.444145
163.166336
124.747810
292.992218
4.557697
163.165863
132.752197
292.991028
12.557838
163.166382
140.750153
292.992920
20.557098
163.166992
148.752716
292.991241
28.557327
163.166687
156.750244
292.992706
36.556400
163.167114
164.752686
292.991333
44.556950
163.166702
172.750275
292.992432
52.556534
163.166733
180.752655
292.991241
60.556850
163.166534
188.750183
292.992859
68.555733
163.166901
196.751892
292.992065
76.555923
163.166351
204.748520
292.994110
84.555542
163.166016
212.750916
292.992493
92.556931
163.165802
220.748978
292.993347
100.556641
163.165924
228.751984
292.991852
108.557877
163.165588
236.750320
292.993164
116.556953
163.166046
244.752045
292.992004
124.557526
163.166183
252.750381
292.993408
132.557129
163.165924
260.752594
292.992310
140.557693
163.165787
268.750153
292.993591
148.557648
163.166229
276.752380
292.992615
156.557129
163.166260
284.749786
292.994263
164.555222
163.166412
292.750854
292.993256
172.554825
163.166641
300.747437
292.993378
180.555237
163.166504
308.750214
292.992004
188.554932
163.166962
316.746979
292.992798
196.555496
163.166702
324.750641
292.992004
204.555389
163.166962
332.747772
292.992981
212.555573
163.166626
340.750854
292.992004
220.555450
163.166779
348.747864
292.992920
228.555389
163.165985
356.750732
292.992523
236.557281
163.166412
364.750305
292.992676
244.548767
163.163879
372.749969
292.998779
252.544342
163.160782
380.636902
292.920654
-59.405930
171.147461
68.712532
301.012573
-51.439941
171.172531
76.754181
300.986969
-43.441738
171.164825
84.750671
300.990997
-35.442894
171.166916
92.747627
300.991547
-27.444263
171.166687
100.750610
300.991089
-19.442730
171.167084
108.747154
300.991638
-11.444157
171.166718
116.751068
300.991302
-3.443119
171.165909
124.748367
300.990875
4.557270
171.166183
132.751984
300.989594
12.559116
171.165924
140.750198
300.990753
20.557522
171.167236
148.753326
300.989960
28.557861
171.167358
156.749146
300.990601
36.556198
171.167603
164.753082
300.990326
44.556801
171.167358
172.748413
300.990906
52.555725
171.167480
180.752045
300.990173
60.556587
171.167450
188.748047
300.990570
68.555473
171.166916
196.750977
300.990448
76.556679
171.166702
204.746643
300.991394
84.556213
171.166489
212.751343
300.990326
92.556976
171.166962
220.747711
300.990509
100.556183
171.166962
228.752045
300.989655
108.557373
171.167038
236.747803
300.990356
116.556503
171.167084
244.752075
300.989441
124.557800
171.166718
252.748962
300.990448
132.557007
171.166916
260.753601
300.990234
140.557831
171.166840
268.749939
300.990723
148.557449
171.167053
276.753540
300.990051
156.557983
171.167221
284.748169
300.991669
164.555084
171.166855
292.750397
300.990997
172.556488
171.167160
300.747009
300.991516
180.555328
171.167023
308.750824
300.990723
188.556519
171.167023
316.746857
300.991058
196.555511
171.166977
324.750946
300.990417
204.556793
171.166840
332.747162
300.991028
212.555603
171.166992
340.751068
300.990356
220.556778
171.166809
348.747528
300.991089
228.555283
171.166428
356.750854
300.990784
236.558655
171.165955
364.750000
300.991211
244.549286
171.164154
372.749878
300.997131
252.544678
171.159988
380.637787
300.919556
-59.407627
179.146912
68.712631
309.014038
-51.439926
179.173065
76.754837
308.989258
-43.441696
179.164093
84.749863
308.992798
-35.444210
179.166565
92.748657
308.993439
-27.443630
179.165771
100.751076
308.992615
-19.443577
179.166931
108.747986
308.993286
-11.444057
179.166534
116.750664
308.992371
-3.443962
179.166229
124.749115
308.992981
4.557434
179.165680
132.752136
308.991364
12.558079
179.166275
140.750122
308.992859
20.557037
179.166565
148.753098
308.991974
28.557304
179.166595
156.749893
308.993530
36.556816
179.166321
164.752014
308.993195
44.556953
179.165939
172.749252
308.994385
52.556862
179.165344
180.751541
308.993622
60.557144
179.165405
188.749268
308.994720
68.556534
179.165649
196.750687
308.992889
76.557625
179.166077
204.748154
308.993652
84.557297
179.165314
212.752350
308.992249
92.557716
179.165131
220.748932
308.994263
100.557053
179.165756
228.751801
308.992676
108.557564
179.165451
236.749664
308.993958
116.556992
179.166107
244.752380
308.992310
124.557465
179.166138
252.750153
308.993073
132.556915
179.166412
260.752991
308.991882
140.557434
179.166641
268.750427
308.993347
148.556488
179.166992
276.752625
308.992371
156.555969
179.166779
284.748352
308.994049
164.555206
179.166382
292.750000
308.993103
172.555359
179.166840
300.747253
308.993286
180.555573
179.166382
308.750275
308.992432
188.555542
179.166809
316.747437
308.993225
196.555740
179.166412
324.750549
308.992371
204.555710
179.166840
332.747681
308.993073
212.555725
179.166519
340.750549
308.992279
220.555496
179.166885
348.747711
308.993164
228.555389
179.165985
356.750366
308.992706
236.557220
179.166382
364.749878
308.992950
244.549011
179.164001
372.749329
308.998749
252.544479
179.160614
380.636932
308.920532
-59.406059
187.147491
68.712891
317.012573
-51.439972
187.172394
76.754532
316.986755
-43.441422
187.164688
84.750984
316.990570
-35.442493
187.167480
92.748390
316.991394
-27.444019
187.167053
100.752037
316.990112
-19.442631
187.167191
108.747757
316.991058
-11.444229
187.167358
116.751541
316.990509
-3.443062
187.165970
124.748383
316.990906
4.557575
187.166565
132.753052
316.989594
12.558487
187.165955
140.749863
316.990631
20.557060
187.167542
148.753647
316.989868
28.558117
187.167145
156.749542
316.990417
36.557091
187.167847
164.753510
316.989502
44.558556
187.167389
172.750153
316.990173
52.557365
187.167816
180.753403
316.989563
60.558815
187.167435
188.749985
316.989929
68.557831
187.167847
196.753220
316.989105
76.558807
187.167572
204.749741
316.990814
84.557098
187.167114
212.753342
316.989655
92.557938
187.166824
220.748871
316.989502
100.557640
187.167725
228.753799
316.988678
108.558655
187.167587
236.749786
316.989563
116.557648
187.167725
244.753708
316.988831
124.558624
187.167175
252.750397
316.990021
132.557465
187.167526
260.754150
316.989349
140.558624
187.166702
268.749939
316.990906
148.556915
187.167542
276.753143
316.991119
156.557480
187.166840
284.748047
316.991882
164.555344
187.166656
292.751099
316.991150
172.556763
187.167252
300.747559
316.991333
180.555481
187.166840
308.750916
316.990936
188.556656
187.166931
316.747192
316.991241
196.555557
187.166809
324.751099
316.990784
204.556763
187.166870
332.747345
316.991272
212.555588
187.166946
340.750946
316.990784
220.556595
187.166870
348.747375
316.991333
228.555298
187.166351
356.750732
316.991211
236.558426
187.165955
364.749573
316.991455
244.549332
187.164398
372.749390
316.997070
252.544586
187.160049
380.637848
316.919434
-59.407906
195.146957
68.712418
325.014160
-51.440300
195.173111
76.754822
324.988953
-43.441719
195.164139
84.750107
324.992493
-35.444168
195.166931
92.748077
324.992767
-27.444084
195.166351
100.751190
324.993317
-19.444969
195.166534
108.747437
324.993134
-11.444729
195.165955
116.750191
324.992310
-3.444057
195.166138
124.749130
324.992310
4.557175
195.166107
132.753021
324.991547
12.557518
195.166321
140.750610
324.993164
20.556572
195.166214
148.752945
324.992126
28.556919
195.166428
156.750519
324.993011
36.556694
195.166229
164.753113
324.992249
44.556969
195.166199
172.750275
324.993439
52.556793
195.165802
180.752899
324.992798
60.557137
195.165955
188.750427
324.994049
68.556488
195.166000
196.752563
324.993347
76.556793
195.166031
204.749008
324.993774
84.556389
195.165405
212.753113
324.992737
92.557137
195.165756
220.750061
324.994110
100.556686
195.165695
228.752655
324.993164
108.557068
195.165741
236.750244
324.994019
116.556503
195.165863
244.752914
324.992645
124.557129
195.165955
252.750549
324.993469
132.556824
195.165939
260.753296
324.992310
140.557159
195.166595
268.750458
324.993042
148.556946
195.166641
276.752258
324.991669
156.556900
195.167679
284.749115
324.993591
164.555618
195.166931
292.751251
324.993164
172.555511
195.166779
300.747803
324.993378
180.555695
195.166290
308.750275
324.992615
188.555405
195.166779
316.747681
324.993256
196.555710
195.166397
324.750397
324.992554
204.555527
195.166809
332.747620
324.993286
212.555740
195.166473
340.750427
324.992493
220.555527
195.166946
348.747589
324.993286
228.555450
195.166046
356.750183
324.993011
236.557190
195.166351
364.749634
324.993134
244.549133
195.164124
372.749237
324.998871
252.544495
195.160583
380.637024
324.920502
-59.405968
203.147278
68.712761
333.012726
-51.439713
203.172607
76.754654
332.987244
-43.441944
203.164276
84.751289
332.991211
-35.443283
203.167053
92.747101
332.991272
-27.444290
203.166565
100.750687
332.990967
-19.443504
203.166992
108.746674
332.990967
-11.444904
203.166870
116.750633
332.990173
-3.442799
203.166351
124.749298
332.990417
4.557110
203.166779
132.752747
332.989746
12.557922
203.166321
140.749542
332.990997
20.556721
203.167206
148.753296
332.990295
28.557793
203.166870
156.749557
332.990967
36.556446
203.167175
164.753052
332.990051
44.557838
203.166916
172.749329
332.990723
52.556698
203.167450
180.753265
332.989685
60.558067
203.167175
188.749680
332.990509
68.556541
203.167816
196.752838
332.989868
76.557556
203.167496
204.749298
332.990509
84.555923
203.167343
212.753265
332.989929
92.557487
203.166809
220.749130
332.990326
100.556541
203.167053
228.752930
332.989563
108.557922
203.166931
236.749359
332.990479
116.556641
203.167511
244.753296
332.989532
124.558113
203.166718
252.749649
332.990723
132.557159
203.167099
260.753662
332.990326
140.558441
203.166336
268.750244
332.991241
148.557190
203.167496
276.753754
332.990173
156.557953
203.167343
284.748840
332.991333
164.555893
203.167389
292.751953
332.991241
172.556702
203.167084
300.747620
332.991516
180.555328
203.166870
308.750946
332.990875
188.556519
203.167145
316.747131
332.991150
196.555450
203.166916
324.750793
332.990784
204.556564
203.166992
332.747070
332.991333
212.555405
203.166946
340.750885
332.990692
220.556656
203.166916
348.747223
332.991150
228.555313
203.166458
356.750641
332.991058
236.558533
203.166122
364.749634
332.991394
244.549545
203.164505
372.749451
332.997070
252.544571
203.160049
380.637939
332.919373
-59.407772
211.147125
68.712624
341.013824
-51.440239
211.172974
76.754425
340.988800
-43.441982
211.164398
84.749573
340.992767
-35.444515
211.166992
92.748398
340.993286
-27.444176
211.166458
100.750168
340.992920
-19.444820
211.166855
108.747543
340.993164
-11.444416
211.166473
116.750114
340.992249
-3.444412
211.165588
124.748627
340.992889
4.556618
211.165497
132.751663
340.991730
12.557560
211.165833
140.749664
340.993439
20.556858
211.165955
148.752716
340.992645
28.556824
211.166046
156.749893
340.993896
36.556301
211.165649
164.752533
340.992432
44.556675
211.166168
172.749512
340.993225
52.556164
211.165909
180.752197
340.992157
60.556282
211.166534
188.749176
340.992981
68.556061
211.166443
196.751709
340.992279
76.556244
211.166901
204.748856
340.993530
84.555328
211.165588
212.750793
340.992310
92.555984
211.166473
220.748474
340.993042
100.555649
211.166229
228.751678
340.992065
108.555908
211.166534
236.748703
340.993164
116.555908
211.165924
244.751648
340.991974
124.556763
211.166031
252.749435
340.993195
132.556671
211.165833
260.752502
340.992188
140.557083
211.166275
268.750488
340.992737
148.556915
211.166199
276.753357
340.991974
156.556946
211.167023
284.749207
340.993134
164.556244
211.167053
292.751587
340.992981
172.555771
211.167084
300.748474
340.993805
180.555542
211.166397
308.750519
340.992981
188.555237
211.166763
316.747437
340.993439
196.555557
211.166382
324.750214
340.992706
204.555420
211.166763
332.747253
340.993469
212.555603
211.166504
340.750427
340.992676
220.555389
211.166916
348.747559
340.993378
228.555328
211.166092
356.750214
340.992889
236.557144
211.166473
364.749512
340.993042
244.549210
211.164185
372.749237
340.998840
252.544403
211.160568
380.637024
340.920471
-59.406284
219.147446
68.712959
349.012848
-51.440182
219.172531
76.753845
348.986938
-43.442062
219.164490
84.750397
348.990692
-35.443081
219.166992
92.747337
348.991425
-27.444534
219.166656
100.750603
348.990875
-19.443291
219.166809
108.746887
348.991272
-11.444748
219.166840
116.750282
348.990265
-3.443634
219.166290
124.748009
348.990997
4.556404
219.166779
132.752106
348.989014
12.557884
219.166412
140.748825
348.990082
20.556847
219.167572
148.753174
348.988922
28.558060
219.166794
156.748993
348.990417
36.556965
219.167206
164.752838
348.990173
44.558136
219.166138
172.748901
348.991638
52.557011
219.166168
180.752869
348.991150
60.558083
219.165466
188.748810
348.991943
68.557137
219.166077
196.752533
348.991364
76.558273
219.165497
204.748856
348.992676
84.556717
219.165939
212.752289
348.991302
92.558235
219.165054
220.748169
348.991821
100.557205
219.165802
228.752380
348.991577
108.557983
219.165344
236.748337
348.992493
116.556702
219.165894
244.752533
348.990753
124.558174
219.165833
252.748962
348.990845
132.557129
219.166977
260.753357
348.989655
140.558472
219.166245
268.750122
348.990723
148.556946
219.167328
276.753845
348.989990
156.557907
219.167068
284.749481
348.990601
164.556625
219.168106
292.752716
348.990662
172.557068
219.167374
300.748138
348.991577
180.555237
219.167084
308.750916
348.991119
188.556610
219.166931
316.747070
348.991364
196.555328
219.166931
324.750641
348.990845
204.556641
219.166992
332.746918
348.991150
212.555450
219.166931
340.750854
348.990906
220.556717
219.166809
348.747192
348.991486
228.555206
219.166260
356.750488
348.991333
236.558502
219.165955
364.749512
348.991455
244.549561
219.164276
372.749359
348.997131
252.544556
219.160004
380.637817
348.919373
-59.408119
227.147247
68.712746
357.014221
-51.440334
227.173355
76.754456
356.989014
-43.441776
227.164337
84.749802
356.992920
-35.444561
227.167450
92.748032
356.993347
-27.444382
227.166565
100.750191
356.992767
-19.444668
227.167297
108.747520
356.993164
-11.444229
227.166443
116.750412
356.992432
-3.444359
227.166046
124.747787
356.993195
4.556988
227.165344
132.752167
356.992340
12.557564
227.165100
140.749100
356.994110
20.556538
227.165588
148.752289
356.992859
28.556881
227.165863
156.749725
356.993988
36.556316
227.165833
164.752182
356.992493
44.556931
227.166443
172.749496
356.993195
52.556667
227.166077
180.752319
356.992004
60.557053
227.166550
188.750000
356.992950
68.556961
227.166245
196.752502
356.991913
76.557388
227.166168
204.749573
356.992920
84.557281
227.165955
212.752457
356.991943
92.557350
227.166412
220.749725
356.993042
100.556885
227.166245
228.752258
356.991394
108.557434
227.166794
236.749786
356.992157
116.557312
227.166595
244.752945
356.991180
124.557663
227.166733
252.750092
356.992920
132.556946
227.166611
260.752563
356.991699
140.556976
227.166565
268.749878
356.992828
148.556854
227.166580
276.753357
356.991943
156.556732
227.167160
284.749817
356.992981
164.556213
227.167267
292.751678
356.992645
172.555511
227.167328
300.748352
356.993713
180.555374
227.166779
308.750610
356.993042
188.555359
227.167023
316.747314
356.993378
196.555603
227.166519
324.750427
356.992676
204.555450
227.167175
332.747345
356.993378
212.555679
227.166565
340.750427
356.992676
220.555496
227.167130
348.747498
356.993317
228.555496
227.166061
356.750305
356.993042
236.557281
227.166748
364.749512
356.993042
244.549301
227.164200
372.749451
356.998962
252.544403
227.160828
380.637054
356.920532
-59.408436
235.148010
68.712555
365.013184
-51.442593
235.172852
76.755493
364.988159
-43.444447
235.165283
84.751831
364.991089
-35.445869
235.167908
92.748512
364.991486
-27.447151
235.167847
100.751762
364.990967
-19.445858
235.167770
108.748459
364.991211
-11.447304
235.167343
116.751564
364.990540
-3.445473
235.166595
124.748909
364.990417
4.554955
235.166473
132.753525
364.989777
12.556152
235.166458
140.750275
364.990601
20.554768
235.166809
148.754272
364.989807
28.555786
235.166687
156.750381
364.990326
36.554520
235.167175
164.754181
364.990021
44.555656
235.166870
172.750885
364.990845
52.554630
235.166901
180.754333
364.990570
60.555748
235.166351
188.750763
364.991486
68.554733
235.166321
196.754181
364.991211
76.555862
235.166092
204.750504
364.991821
84.554535
235.166595
212.753860
364.991180
92.555931
235.165970
220.750275
364.991547
100.554939
235.166443
228.753876
364.990875
108.555878
235.166321
236.750427
364.991455
116.554710
235.166351
244.754257
364.990784
124.555725
235.166214
252.750793
364.991119
132.554520
235.167053
260.754181
364.990265
140.555573
235.167145
268.750732
364.990601
148.554382
235.167587
276.754395
364.989929
156.555664
235.167297
284.750671
364.990753
164.553818
235.168396
292.753052
364.990845
172.554642
235.167755
300.749359
364.991516
180.552979
235.167999
308.752014
364.991302
188.554382
235.167786
316.748901
364.991486
196.553055
235.167664
324.751831
364.991028
204.554260
235.167801
332.748474
364.991272
212.552979
235.167679
340.751831
364.990906
220.554245
235.167694
348.748840
364.991333
228.552872
235.167068
356.751556
364.991241
236.555893
235.166733
364.750824
364.991516
244.547791
235.164413
372.751038
364.996368
252.545319
235.159592
380.637146
364.918335
-59.410961
243.138657
68.720406
373.014832
-51.437729
243.168701
76.754318
372.994202
-43.439865
243.162903
84.750809
372.995361
-35.441364
243.164459
92.749702
372.994049
-27.441074
243.163666
100.751556
372.993835
-19.441322
243.164124
108.749344
372.993896
-11.440819
243.162903
116.751846
372.993256
-3.439831
243.164139
124.750984
372.993042
4.560837
243.163818
132.753647
372.992462
12.561054
243.164276
140.751785
372.993408
20.560287
243.163712
148.753845
372.992584
28.560917
243.164307
156.752045
372.993317
36.560074
243.163773
164.753601
372.992645
44.560841
243.164215
172.752228
372.993378
52.560280
243.163681
180.753784
372.992706
60.560886
243.163956
188.752197
372.993469
68.560349
243.163635
196.753815
372.992828
76.560928
243.163803
204.752289
372.993408
84.560150
243.163757
212.753784
372.992798
92.560760
243.164307
220.752716
372.993469
100.560257
243.164093
228.753876
372.992706
108.560791
243.164551
236.752045
372.993073
116.560150
243.163864
244.753967
372.992676
124.560623
243.164261
252.752365
372.993256
132.559967
243.163849
260.753845
372.993011
140.560242
243.164581
268.752075
372.993469
148.560104
243.164047
276.754333
372.993073
156.559998
243.164795
284.751984
372.993256
164.559631
243.164215
292.753235
372.993225
172.559387
243.165161
300.750946
372.993805
180.559479
243.163849
308.753052
372.993713
188.559494
243.164490
316.750793
372.993927
196.559586
243.163483
324.752869
372.993866
204.559235
243.164474
332.750336
372.994049
212.559280
243.163696
340.752563
372.993774
220.559052
243.164520
348.750244
372.993896
228.558945
243.162964
356.751953
372.993958
236.560959
243.166046
364.753784
372.994171
244.556503
243.165558
372.754089
372.998413
252.550827
243.168610
380.636230
372.919098
-59.420731
251.075958
68.672386
380.991150
-51.411343
251.062714
76.637474
380.984314
-43.412048
251.058075
84.630936
380.991760
-35.412609
251.061249
92.629669
380.990173
-27.413372
251.060211
100.630867
380.990021
-19.412663
251.061401
108.630028
380.990295
-11.413246
251.060822
116.631248
380.989563
-3.412266
251.061768
124.632187
380.990265
4.586540
251.061096
132.632782
380.989868
12.587231
251.061584
140.631470
380.989807
20.586426
251.060959
148.632263
380.989563
28.587646
251.061951
156.631744
380.989624
36.586491
251.061096
164.632263
380.989502
44.587032
251.061951
172.631165
380.989655
52.586666
251.061218
180.632645
380.989563
60.587170
251.062042
188.631439
380.989563
68.586563
251.061157
196.632568
380.989655
76.587189
251.062042
204.631500
380.989655
84.586403
251.061218
212.632294
380.989441
92.587051
251.061859
220.631119
380.989716
100.586571
251.061203
228.632477
380.989624
108.587143
251.061981
236.631256
380.989594
116.586411
251.061035
244.632523
380.989685
124.587006
251.061676
252.631424
380.989960
132.586746
251.061005
260.632233
380.989716
140.587387
251.061646
268.631226
380.990021
148.586700
251.060913
276.632263
380.990082
156.587311
251.061707
284.631134
380.990173
164.586548
251.061066
292.631409
380.989685
172.587357
251.061844
300.630249
380.989807
180.586655
251.061432
308.631348
380.989471
188.587219
251.062378
316.630707
380.989960
196.586487
251.061371
324.631470
380.989685
204.587219
251.062256
332.630432
380.990082
212.586258
251.061050
340.631256
380.989807
220.587021
251.061966
348.630280
380.990356
228.586197
251.060547
356.630920
380.990021
236.587967
251.062042
364.631104
380.990784
244.585754
251.068344
372.641479
380.992004
252.557587
251.079285
380.604919
380.943115
-120.735962
-119.824409
137.651154
135.831146
-104.735580
-119.815987
153.648346
135.829208
-88.732666
-119.812721
169.648666
135.830414
-72.732498
-119.812683
185.648773
135.830383
-56.732056
-119.812256
201.648529
135.830414
-40.732224
-119.812248
217.648697
135.830505
-24.731995
-119.812172
233.648499
135.830429
-8.732208
-119.812233
249.648712
135.830505
7.268005
-119.812172
265.648499
135.830414
23.267807
-119.812225
281.648682
135.830475
39.268005
-119.812141
297.648499
135.830414
55.267807
-119.812218
313.648682
135.830460
71.268005
-119.812149
329.648529
135.830414
87.267792
-119.812233
345.648682
135.830460
103.268005
-119.812157
361.648529
135.830383
119.267761
-119.812218
377.648651
135.830444
135.267822
-119.812149
393.648376
135.830276
151.267624
-119.811852
409.649078
135.830261
167.267181
-119.813690
425.649872
135.830093
183.263458
-119.824661
441.652039
135.828491
-120.740463
-103.833321
137.649963
151.828003
-104.742645
-103.825539
153.651352
151.825424
-88.737259
-103.824791
169.655029
151.824799
-72.737167
-103.824844
185.655579
151.824326
-56.736557
-103.824493
201.655304
151.824219
-40.736633
-103.824661
217.655579
151.824249
-24.736435
-103.824463
233.655350
151.824188
-8.736542
-103.824631
249.655563
151.824265
7.263565
-103.824455
265.655334
151.824188
23.263443
-103.824669
281.655579
151.824249
39.263550
-103.824486
297.655365
151.824188
55.263443
-103.824661
313.655579
151.824280
71.263580
-103.824478
329.655334
151.824158
87.263458
-103.824661
345.655579
151.824249
103.263580
-103.824463
361.655334
151.824173
119.263397
-103.824722
377.655640
151.824158
135.263306
-103.824379
393.655243
151.824173
151.263412
-103.824265
409.654755
151.824402
167.264740
-103.825577
425.657867
151.822968
183.269379
-103.827698
441.659119
151.822784
-120.738327
-87.834404
137.649414
167.825333
-104.740707
-87.824783
153.652618
167.823700
-88.737320
-87.822861
169.656067
167.824158
-72.737244
-87.822403
185.656128
167.823135
-56.736725
-87.821968
201.656097
167.822937
-40.736847
-87.821960
217.656281
167.822983
-24.736557
-87.821899
233.656250
167.822922
-8.736786
-87.821968
249.656357
167.822968
7.263443
-87.821892
265.656281
167.822937
23.263229
-87.821968
281.656403
167.822968
39.263428
-87.822006
297.656250
167.822906
55.263184
-87.822052
313.656372
167.822968
71.263443
-87.822006
329.656250
167.822906
87.263199
-87.822014
345.656403
167.822937
103.263428
-87.821899
361.656311
167.822906
119.263214
-87.822006
377.656494
167.822937
135.263245
-87.822067
393.656372
167.822861
151.262421
-87.821388
409.655945
167.823074
167.263687
-87.822006
425.658234
167.821854
183.269516
-87.825867
441.661438
167.823517
-120.738754
-71.835052
137.649231
183.825012
-104.741364
-71.824661
153.653122
183.823792
-88.738022
-71.823975
169.656967
183.823822
-72.738052
-71.823807
185.656998
183.822891
-56.737549
-71.823219
201.656982
183.822372
-40.737595
-71.823380
217.657272
183.822510
-24.737396
-71.823158
233.657135
183.822357
-8.737564
-71.823334
249.657288
183.822510
7.262604
-71.823158
265.657135
183.822357
23.262451
-71.823357
281.657288
183.822510
39.262527
-71.823181
297.657104
183.822311
55.262482
-71.823242
313.657257
183.822479
71.262650
-71.823158
329.657135
183.822327
87.262451
-71.823318
345.657288
183.822495
103.262665
-71.823250
361.657166
183.822403
119.262527
-71.823357
377.657471
183.822510
135.262451
-71.823318
393.657196
183.822311
151.261993
-71.822693
409.656982
183.822754
167.262833
-71.822952
425.658630
183.821167
183.269806
-71.826721
441.661926
183.823517
-120.738419
-55.834915
137.649292
199.825073
-104.741379
-55.824745
153.652802
199.823593
-88.737854
-55.824165
169.656494
199.823944
-72.737961
-55.823853
185.656464
199.822754
-56.737381
-55.823212
201.656555
199.822510
-40.737549
-55.823326
217.656708
199.822540
-24.737244
-55.823151
233.656738
199.822510
-8.737503
-55.823280
249.656754
199.822525
7.262756
-55.823128
265.656769
199.822495
23.262466
-55.823303
281.656799
199.822540
39.262726
-55.823196
297.656708
199.822479
55.262512
-55.823219
313.656799
199.822495
71.262817
-55.823051
329.656677
199.822540
87.262436
-55.823204
345.656738
199.822571
103.262787
-55.823074
361.656799
199.822433
119.262497
-55.823265
377.656921
199.822418
135.262650
-55.823410
393.656799
199.822372
151.261978
-55.822685
409.656555
199.822708
167.263092
-55.822960
425.658600
199.821289
183.269608
-55.827011
441.661591
199.823502
-120.738678
-39.834961
137.649155
215.824997
-104.741364
-39.824760
153.653061
215.823624
-88.738083
-39.823982
169.656738
215.823700
-72.737961
-39.823814
185.656952
215.822723
-56.737518
-39.823120
201.656891
215.822235
-40.737488
-39.823326
217.657196
215.822418
-24.737350
-39.823174
233.657028
215.822220
-8.737411
-39.823357
249.657257
215.822403
7.262634
-39.823265
265.657104
215.822235
23.262619
-39.823326
281.657288
215.822449
39.262650
-39.823105
297.657043
215.822189
55.262527
-39.823357
313.657257
215.822342
71.262756
-39.823082
329.657104
215.822235
87.262589
-39.823196
345.657227
215.822495
103.262711
-39.823105
361.657166
215.822250
119.262589
-39.823303
377.657410
215.822357
135.262451
-39.823456
393.657043
215.822174
151.261963
-39.822739
409.656982
215.822662
167.262878
-39.822899
425.658691
215.821060
183.269730
-39.827110
441.661896
215.823425
-120.738464
-23.834946
137.649277
231.825027
-104.741379
-23.824799
153.652908
231.823578
-88.737823
-23.824142
169.656601
231.823914
-72.737915
-23.823799
185.656616
231.822830
-56.737320
-23.823181
201.656647
231.822556
-40.737488
-23.823303
217.656799
231.822601
-24.737122
-23.823196
233.656815
231.822540
-8.737442
-23.823296
249.656784
231.822571
7.262833
-23.823212
265.656830
231.822433
23.262558
-23.823273
281.656799
231.822525
39.262863
-23.822929
297.656738
231.822495
55.262558
-23.823235
313.656830
231.822510
71.262848
-23.823196
329.656799
231.822571
87.262650
-23.823364
345.656860
231.822601
103.262817
-23.823227
361.656799
231.822510
119.262665
-23.823296
377.656982
231.822479
135.262695
-23.823608
393.656769
231.822296
151.262085
-23.822807
409.656586
231.822693
167.263168
-23.823029
425.658691
231.821320
183.269638
-23.827087
441.661652
231.823456
-120.738708
-7.834976
137.649200
247.825012
-104.741455
-7.824913
153.653030
247.823578
-88.738129
-7.824120
169.656677
247.823730
-72.738007
-7.823982
185.656952
247.822754
-56.737534
-7.823242
201.656876
247.822281
-40.737518
-7.823364
217.657135
247.822479
-24.737427
-7.823135
233.656982
247.822205
-8.737549
-7.823364
249.657104
247.822418
7.262527
-7.823135
265.656921
247.822159
23.262573
-7.823364
281.657227
247.822418
39.262680
-7.822960
297.656921
247.822372
55.262543
-7.823227
313.657166
247.822495
71.262604
-7.823120
329.657166
247.822189
87.262512
-7.823219
345.657379
247.822388
103.262558
-7.823051
361.657043
247.822174
119.262527
-7.823219
377.657257
247.822372
135.262497
-7.823334
393.657104
247.822144
151.262024
-7.822601
409.656891
247.822662
167.262909
-7.822952
425.658661
247.821075
183.269867
-7.827202
441.661926
247.823441
-120.738510
8.165024
137.649368
263.825104
-104.741425
8.175323
153.652786
263.823547
-88.737869
8.175903
169.656494
263.823914
-72.737991
8.176254
185.656479
263.822815
-56.737381
8.176849
201.656509
263.822449
-40.737488
8.176750
217.656693
263.822540
-24.737228
8.176910
233.656662
263.822479
-8.737427
8.176712
249.656693
263.822571
7.262863
8.176834
265.656921
263.822510
23.262512
8.176697
281.656860
263.822540
39.262787
8.176773
297.656799
263.822601
55.262634
8.176842
313.656860
263.822632
71.262726
8.177048
329.656738
263.822449
87.262619
8.176796
345.656860
263.822540
103.262833
8.176880
361.656769
263.822510
119.262650
8.176773
377.656921
263.822601
135.262848
8.176636
393.656860
263.822479
151.261993
8.177322
409.656677
263.822815
167.263229
8.177040
425.658661
263.821350
183.269638
8.172913
441.661621
263.823608
-120.738678
24.164986
137.649231
279.824982
-104.741333
24.175201
153.653091
279.823547
-88.738068
24.175995
169.656631
279.823730
-72.737900
24.176216
185.656876
279.822754
-56.737488
24.176895
201.656830
279.822266
-40.737488
24.176682
217.657135
279.822449
-24.737259
24.176826
233.657013
279.822327
-8.737488
24.176819
249.657181
279.822449
7.262772
24.176918
265.657104
279.822266
23.262421
24.176575
281.657227
279.822388
39.262634
24.176704
297.657043
279.822266
55.262650
24.176651
313.657318
279.822479
71.262726
24.176788
329.657013
279.822205
87.262543
24.176796
345.657288
279.822388
103.262711
24.177055
361.656982
279.822174
119.262711
24.176666
377.657440
279.822357
135.262497
24.176521
393.657104
279.822144
151.262054
24.177147
409.656830
279.822632
167.262924
24.176994
425.658691
279.820984
183.269775
24.172989
441.661926
279.823334
-120.738419
40.164970
137.649277
295.824951
-104.741379
40.175232
153.652847
295.823425
-88.737823
40.175804
169.656570
295.823883
-72.737961
40.176216
185.656586
295.822723
-56.737244
40.176956
201.656647
295.822510
-40.737381
40.176750
217.656860
295.822601
-24.737228
40.176956
233.656708
295.822571
-8.737457
40.176720
249.656830
295.822632
7.262833
40.176880
265.656921
295.822540
23.262421
40.176590
281.656799
295.822418
39.262772
40.176819
297.656738
295.822449
55.262558
40.176605
313.656921
295.822632
71.263046
40.176941
329.656799
295.822571
87.262512
40.176773
345.656433
295.822510
103.262970
40.177078
361.656738
295.822571
119.262558
40.176994
377.656860
295.822540
135.262695
40.176636
393.656891
295.822388
151.262115
40.177544
409.656738
295.822693
167.263199
40.177078
425.658752
295.821289
183.269684
40.173019
441.661499
295.823486
-120.738617
56.165016
137.649200
311.824890
-104.741379
56.175323
153.653107
311.823547
-88.738159
56.176102
169.656693
311.823730
-72.737961
56.176392
185.657043
311.822784
-56.737549
56.176979
201.656952
311.822449
-40.737534
56.176788
217.657318
311.822571
-24.737381
56.176895
233.657104
311.822296
-8.737488
56.176712
249.657349
311.822479
7.262604
56.176910
265.657196
311.822266
23.262527
56.176651
281.657349
311.822266
39.262634
56.176750
297.657074
311.822144
55.262482
56.176926
313.657379
311.822601
71.262619
56.176849
329.657104
311.822296
87.262589
56.176636
345.657318
311.822388
103.262589
56.176765
361.657074
311.822266
119.262650
56.176712
377.657196
311.822357
135.262512
56.176704
393.657166
311.822174
151.262024
56.177345
409.656982
311.822632
167.262909
56.177139
425.658691
311.821106
183.269791
56.173050
441.661774
311.823425
-120.738464
72.165054
137.649368
327.824890
-104.741379
72.175140
153.652969
327.823425
-88.737900
72.175735
169.656464
327.823883
-72.737915
72.176331
185.656494
327.822845
-56.737350
72.176865
201.656448
327.822632
-40.737503
72.176620
217.656891
327.822754
-24.737076
72.176727
233.656876
327.822571
-8.737427
72.176682
249.656830
327.822601
7.262924
72.176941
265.656891
327.822479
23.262543
72.176872
281.656952
327.822388
39.262939
72.176750
297.656830
327.822388
55.262589
72.176559
313.656860
327.822723
71.262894
72.176788
329.656647
327.822601
87.262680
72.176796
345.656891
327.822693
103.262924
72.176956
361.656830
327.822662
119.262604
72.176712
377.656738
327.822510
135.262741
72.176636
393.656860
327.822388
151.262100
72.177399
409.656586
327.822754
167.263153
72.177109
425.658630
327.821289
183.269592
72.172958
441.661621
327.823517
-120.738770
88.165115
137.649261
343.824768
-104.741318
88.175331
153.653229
343.823547
-88.738052
88.175941
169.656769
343.823669
-72.737946
88.176247
185.657074
343.822876
-56.737473
88.176910
201.656784
343.822357
-40.737701
88.176498
217.657013
343.822449
-24.737427
88.176819
233.657196
343.822144
-8.737427
88.176712
249.657364
343.822327
7.262665
88.177094
265.656982
343.822113
23.262680
88.176956
281.657410
343.822327
39.262833
88.176949
297.657135
343.822205
55.262619
88.176750
313.657349
343.822449
71.262680
88.176674
329.657104
343.822144
87.262527
88.176521
345.657227
343.822449
103.262695
88.176849
361.657104
343.822388
119.262695
88.176636
377.657227
343.822388
135.262619
88.176552
393.657043
343.822144
151.262009
88.177322
409.656860
343.822632
167.262863
88.177109
425.658600
343.820984
183.269745
88.172966
441.661987
343.823456
-120.738449
104.165085
137.649384
359.824890
-104.741348
104.175323
153.653152
359.823547
-88.737869
104.175873
169.656662
359.823944
-72.737915
104.176331
185.656647
359.823059
-56.737198
104.176956
201.656601
359.822662
-40.737595
104.176529
217.656570
359.822571
-24.737274
104.176788
233.656754
359.822449
-8.737427
104.176590
249.656906
359.822571
7.262894
104.176895
265.656921
359.822571
23.262527
104.176674
281.656921
359.822693
39.262863
104.176796
297.656860
359.822632
55.262680
104.176849
313.656982
359.822632
71.263062
104.176956
329.656860
359.822510
87.262482
104.176643
345.656738
359.822510
103.262909
104.176720
361.656921
359.822632
119.262680
104.176765
377.656982
359.822479
135.262848
104.176582
393.656860
359.822357
151.262192
104.177338
409.656616
359.822723
167.263245
104.177040
425.658630
359.821259
183.269608
104.172974
441.661652
359.823547
-120.738739
120.165199
137.649323
375.824768
-104.741364
120.175278
153.653198
375.823486
-88.738205
120.176010
169.656601
375.823700
-72.738129
120.176331
185.656982
375.822968
-56.737671
120.176941
201.656845
375.822449
-40.737701
120.176544
217.656830
375.822449
-24.737686
120.176857
233.656754
375.822296
-8.737656
120.176811
249.657028
375.822479
7.262421
120.177109
265.656891
375.822327
23.262329
120.176743
281.657074
375.822540
39.262344
120.176880
297.656738
375.822327
55.262314
120.176849
313.657043
375.822479
71.262527
120.177040
329.657104
375.822327
87.262344
120.176628
345.657227
375.822266
103.262390
120.176949
361.657043
375.822266
119.262527
120.176872
377.657471
375.822479
135.262390
120.176781
393.657166
375.822235
151.262039
120.177460
409.656982
375.822693
167.262787
120.177086
425.658569
375.820923
183.269669
120.173065
441.661987
375.823456
-120.738632
136.165207
137.649521
391.824768
-104.741501
136.174896
153.653412
391.823456
-88.738098
136.175629
169.656799
391.823822
-72.738388
136.176178
185.656738
391.822815
-56.737671
136.176834
201.656876
391.822571
-40.737961
136.176361
217.656967
391.822449
-24.737625
136.176483
233.657043
391.822479
-8.738022
136.176270
249.657028
391.822632
7.262222
136.176392
265.656860
391.822571
23.262024
136.176300
281.656799
391.822571
39.262268
136.176361
297.656708
391.822510
55.262054
136.176407
313.656799
391.822571
71.262360
136.176849
329.656952
391.822571
87.262070
136.176559
345.657104
391.822449
103.262405
136.176575
361.657166
391.822449
119.262238
136.176666
377.657440
391.822571
135.262390
136.176422
393.657166
391.822449
151.261871
136.177338
409.656738
391.822632
167.263046
136.176926
425.658569
391.821106
183.269424
136.172943
441.661530
391.823517
-120.739075
152.165649
137.649460
407.824829
-104.742203
152.175537
153.654037
407.823425
-88.738953
152.176422
169.656723
407.823181
-72.738831
152.176788
185.657013
407.822632
-56.738586
152.177582
201.656723
407.821991
-40.738708
152.177124
217.656845
407.822113
-24.738358
152.177399
233.657059
407.821899
-8.738449
152.177155
249.657166
407.822052
7.261658
152.177338
265.656921
407.821747
23.261414
152.177078
281.657043
407.822021
39.261566
152.177170
297.656860
407.821777
55.261429
152.177032
313.657104
407.822021
71.261414
152.177460
329.656921
407.821869
87.261383
152.177246
345.657166
407.821991
103.261459
152.177444
361.657135
407.821777
119.261475
152.177231
377.657471
407.822205
135.261337
152.177002
393.657227
407.821960
151.261307
152.177917
409.657074
407.822113
167.262085
152.177063
425.657745
407.820923
183.268692
152.173187
441.661316
407.824158
-120.737228
168.165649
137.649841
423.824921
-104.741150
168.173431
153.653168
423.821960
-88.738007
168.173904
169.655457
423.823639
-72.738571
168.174515
185.654999
423.823151
-56.738083
168.174530
201.654877
423.823059
-40.738373
168.174210
217.654984
423.822906
-24.738007
168.174622
233.655060
423.822845
-8.738235
168.174652
249.655197
423.822876
7.262161
168.174759
265.655151
423.822815
23.261810
168.174469
281.655151
423.822968
39.262222
168.174652
297.655029
423.822906
55.261810
168.174408
313.655151
423.822937
71.262009
168.174438
329.654968
423.822876
87.261719
168.174316
345.655090
423.822906
103.261948
168.174622
361.655151
423.822693
119.261749
168.174637
377.655396
423.822876
135.262039
168.174530
393.655273
423.822754
151.261108
168.175583
409.654755
423.822510
167.262695
168.175018
425.656921
423.821808
183.267746
168.172882
441.660675
423.824280
-120.739365
184.166870
137.654816
439.824860
-104.739670
184.168533
153.657242
439.820801
-88.740479
184.165665
169.659668
439.820923
-72.740540
184.165512
185.659393
439.820740
-56.740417
184.165192
201.659332
439.820435
-40.740417
184.165054
217.659607
439.820465
-24.740509
184.165009
233.659409
439.820251
-8.740540
184.165009
249.659515
439.820435
7.259445
184.164978
265.659424
439.820190
23.259598
184.165009
281.659485
439.820496
39.259537
184.165054
297.659302
439.820251
55.259613
184.164948
313.659485
439.820496
71.259521
184.164948
329.659393
439.820221
87.259476
184.165039
345.659668
439.820374
103.259476
184.165176
361.659454
439.820190
119.259521
184.165222
377.659576
439.820404
135.259521
184.165207
393.659454
439.820160
151.259338
184.165939
409.659485
439.820312
167.260376
184.167938
425.659302
439.818939
183.266937
184.168060
441.662811
439.820801
-239.746628
-238.915634
272.036224
273.852905
-207.733322
-238.903580
304.037964
273.859619
-175.735413
-238.903625
336.037384
273.860870
-143.734955
-238.903320
368.037476
273.861145
-111.735413
-238.901703
400.038086
273.860962
-79.735443
-238.902954
432.037781
273.861603
-47.735977
-238.902649
464.038025
273.861572
-15.735962
-238.902588
496.038300
273.861267
16.264954
-238.901169
528.037842
273.859894
48.260727
-238.892319
560.026367
273.862000
-239.739136
-206.902435
272.039551
305.843323
-207.723480
-206.890121
304.037720
305.843903
-175.723694
-206.889969
336.036926
305.844604
-143.723694
-206.890106
368.036774
305.845154
-111.724533
-206.888275
400.037598
305.845459
-79.724350
-206.888824
432.036957
305.845917
-47.724304
-206.887985
464.036743
305.846527
-15.723740
-206.887177
496.036865
305.846069
16.276840
-206.887070
528.037048
305.842712
48.277130
-206.885635
560.037659
305.851532
-239.738602
-174.904770
272.042999
337.843384
-207.720078
-174.893341
304.042389
337.843018
-175.719345
-174.893051
336.041565
337.844055
-143.718719
-174.893112
368.042053
337.843781
-111.719101
-174.891190
400.043243
337.843811
-79.718460
-174.891708
432.042389
337.844177
-47.718414
-174.890717
464.042084
337.843933
-15.718063
-174.890732
496.042175
337.844025
16.281586
-174.889481
528.042603
337.841095
48.279449
-174.887787
560.040283
337.849884
-239.738678
-142.904617
272.043884
369.845276
-207.720886
-142.892990
304.042511
369.844604
-175.719635
-142.892059
336.041260
369.845276
-143.719086
-142.892227
368.041687
369.844177
-111.719391
-142.890503
400.042999
369.844177
-79.718643
-142.891235
432.042328
369.844421
-47.718719
-142.890030
464.041595
369.844299
-15.718353
-142.890015
496.041870
369.844330
16.281097
-142.888718
528.042297
369.840851
48.279633
-142.887787
560.040039
369.849854
-239.739059
-110.903778
272.043610
401.843872
-207.721466
-110.893478
304.043091
401.842987
-175.720825
-110.892838
336.042084
401.843872
-143.720795
-110.893082
368.042267
401.842834
-111.720795
-110.891220
400.043121
401.843384
-79.720657
-110.892044
432.042419
401.843750
-47.720337
-110.890564
464.042236
401.843506
-15.720032
-110.890564
496.042297
401.843079
16.279999
-110.889267
528.043396
401.840271
48.279465
-110.888077
560.040405
401.849670
-239.739883
-78.903336
272.042603
433.842682
-207.722336
-78.893234
304.042999
433.841797
-175.721344
-78.892670
336.042328
433.842621
-143.721024
-78.892914
368.042297
433.841919
-111.721573
-78.891037
400.043121
433.842163
-79.720886
-78.891724
432.042206
433.842438
-47.720749
-78.890594
464.042084
433.841858
-15.720093
-78.890930
496.041931
433.841614
16.279724
-78.889603
528.043457
433.838593
48.279205
-78.888245
560.040649
433.848267
-239.739288
-46.902847
272.042877
465.842682
-207.721725
-46.894165
304.042328
465.841278
-175.720398
-46.893341
336.041656
465.842072
-143.720673
-46.893433
368.041534
465.841431
-111.721024
-46.892242
400.042908
465.841400
-79.720703
-46.893051
432.041595
465.841614
-47.720505
-46.891876
464.041748
465.840881
-15.719971
-46.891663
496.042542
465.840637
16.279984
-46.890244
528.043701
465.838135
48.278778
-46.888168
560.041870
465.847961
-239.738968
-14.902573
272.041870
497.842773
-207.721649
-14.892960
304.041565
497.840210
-175.720581
-14.891724
336.041016
497.841553
-143.720291
-14.892166
368.041016
497.840302
-111.720673
-14.891342
400.042023
497.840729
-79.720444
-14.891693
432.040863
497.840820
-47.720139
-14.890335
464.041687
497.839905
-15.719070
-14.890320
496.041809
497.839355
16.281311
-14.888702
528.043579
497.837280
48.280457
-14.887909
560.041626
497.848053
-239.739334
17.098282
272.040100
529.841125
-207.722916
17.107361
304.041229
529.839233
-175.721909
17.108444
336.041656
529.839844
-143.721893
17.108017
368.041870
529.839233
-111.722092
17.109467
400.042664
529.839355
-79.722168
17.109222
432.041534
529.839600
-47.722122
17.110916
464.042389
529.838867
-15.721451
17.109818
496.042053
529.838623
16.279663
17.110764
528.043213
529.837402
48.280304
17.111862
560.043152
529.847961
-239.730682
49.104233
272.045105
561.845703
-207.724396
49.111343
304.052612
561.844116
-175.723175
49.109818
336.053284
561.846313
-143.723480
49.110199
368.053802
561.845581
-111.723358
49.110962
400.053711
561.845703
-79.723221
49.110687
432.053497
561.845703
-47.723099
49.110458
464.054047
561.844727
-15.722992
49.110474
496.054321
561.844116
16.276413
49.112061
528.055298
561.843872
48.275604
49.116119
560.061523
561.848511
