-59.430702
-60.894943
68.697510
68.942467
-51.414970
-60.864159
76.743225
68.932182
-43.416294
-60.869911
84.744522
68.933823
-35.414448
-60.869682
92.742813
68.935127
-27.415413
-60.869545
100.745148
68.934448
-19.414963
-60.869370
108.742455
68.935104
-11.415882
-60.869614
116.744347
68.934158
-3.414993
-60.869278
124.743454
68.935226
4.583954
-60.869667
132.745239
68.934700
12.584072
-60.869057
140.741455
68.934845
20.583939
-60.869278
148.744919
68.933777
28.584450
-60.869675
156.740936
68.933479
36.584167
-60.869057
164.744980
68.933975
44.585812
-60.869713
172.742538
68.935165
52.583801
-60.869972
180.744873
68.934517
60.585739
-60.869850
188.742676
68.935066
68.585434
-60.870018
196.745575
68.934685
76.585495
-60.869370
204.742767
68.934807
84.584183
-60.869476
212.745239
68.934189
92.585037
-60.869576
220.742371
68.935394
100.583725
-60.869835
228.743393
68.933647
108.585899
-60.869576
236.742569
68.935127
116.584496
-60.869789
244.745178
68.934250
124.585678
-60.870453
252.742340
68.934921
132.584946
-60.870132
260.744385
68.934662
140.585907
-60.870270
268.743103
68.935242
148.585114
-60.870079
276.744873
68.934120
156.585663
-60.869659
284.742096
68.936127
164.584122
-60.870132
292.744171
68.934593
172.585571
-60.870354
300.742371
68.934807
180.584656
-60.869598
308.743774
68.933907
188.585632
-60.869156
316.742371
68.935226
196.584122
-60.869804
324.744019
68.934525
204.585419
-60.870468
332.741699
68.934700
212.585083
-60.869354
340.744049
68.934151
220.585342
-60.869911
348.742554
68.935028
228.584763
-60.869766
356.744659
68.934784
236.584808
-60.868813
364.740082
68.931801
244.580078
-60.877792
372.748199
68.942291
252.583557
-60.894508
380.670227
68.931068
-59.404732
-52.848114
68.711975
77.012077
-51.439415
-52.835846
76.748055
76.993057
-43.443817
-52.847076
84.747520
76.992096
-35.444843
-52.846092
92.744362
76.992027
-27.444885
-52.846252
100.749672
76.992912
-19.445213
-52.845772
108.744476
76.992928
-11.445518
-52.846008
116.748199
76.992371
-3.444767
-52.845665
124.745110
76.993561
4.553814
-52.845123
132.748016
76.993935
12.554310
-52.845886
140.743790
76.993683
20.555084
-52.844994
148.749207
76.993469
28.554665
-52.846588
156.743103
76.992210
36.555122
-52.845932
164.748291
76.991760
44.555660
-52.846069
172.744110
76.993103
52.554665
-52.845627
180.748596
76.992149
60.554729
-52.845825
188.744034
76.991867
68.555832
-52.846077
196.749054
76.993240
76.555008
-52.846207
204.744522
76.992645
84.554657
-52.846306
212.748474
76.992378
92.555878
-52.846802
220.744553
76.993698
100.554169
-52.846207
228.747223
76.992432
108.555527
-52.846863
236.743759
76.991531
116.555061
-52.846283
244.748978
76.992546
124.555214
-52.846313
252.743790
76.991920
132.555344
-52.846191
260.748352
76.991730
140.555496
-52.846443
268.744904
76.991470
148.554962
-52.845406
276.749023
76.991409
156.555405
-52.845657
284.743774
76.992081
164.555069
-52.844780
292.749634
76.992081
172.555573
-52.846184
300.745056
76.992401
180.554626
-52.845779
308.748962
76.991676
188.556030
-52.846237
316.744080
76.992302
196.555359
-52.846420
324.748596
76.993675
204.555237
-52.846016
332.744873
76.991806
212.555542
-52.846329
340.748413
76.992310
220.555328
-52.845970
348.744019
76.992035
228.554901
-52.846619
356.748108
76.992584
236.556091
-52.847214
364.746338
76.993195
244.549530
-52.848778
372.741638
76.993965
252.547913
-52.851547
380.633606
76.913109
-59.408722
-44.854813
68.713493
85.014473
-51.440331
-44.832817
76.755959
84.990967
-43.441364
-44.840759
84.748192
84.996468
-35.442585
-44.838692
92.748100
84.996178
-27.443623
-44.838219
100.749100
84.995964
-19.443199
-44.839371
108.747513
84.996803
-11.444248
-44.838341
116.749016
84.996719
-3.443230
-44.839569
124.747452
84.998001
4.555367
-44.839737
132.748260
84.997505
12.557415
-44.839737
140.747528
84.996895
20.556858
-44.839752
148.749817
84.997757
28.556816
-44.839264
156.747620
84.997177
36.556065
-44.839111
164.749329
84.995705
44.557072
-44.839050
172.746429
84.995590
52.556816
-44.838142
180.749176
84.995750
60.556641
-44.839401
188.746918
84.996231
68.556732
-44.839554
196.749542
84.995949
76.557930
-44.840401
204.748077
84.997162
84.556213
-44.839241
212.749069
84.995972
92.557587
-44.840431
220.747513
84.996719
100.557281
-44.839577
228.749908
84.996468
108.557175
-44.840050
236.747528
84.996231
116.556854
-44.839363
244.749146
84.995537
124.557617
-44.840210
252.747925
84.995346
132.557220
-44.838196
260.749481
84.995316
140.557434
-44.839989
268.748352
84.996773
148.556244
-44.838036
276.749939
84.995865
156.557007
-44.840103
284.747589
84.995972
164.556274
-44.838699
292.750183
84.994843
172.558044
-44.840088
300.748108
84.996185
180.557220
-44.838554
308.750122
84.995926
188.557816
-44.839211
316.747864
84.995415
196.557388
-44.838074
324.749939
84.995224
204.557434
-44.839661
332.748871
84.995277
212.557617
-44.838181
340.749176
84.995674
220.557419
-44.839935
348.747986
84.995728
228.556763
-44.838661
356.749878
84.995872
236.559296
-44.838821
364.751190
84.995293
244.550064
-44.839745
372.747223
84.999908
252.545975
-44.841362
380.637299
84.922180
-59.405781
-36.853661
68.714882
93.013092
-51.439526
-36.829170
76.756165
92.987297
-43.440998
-36.837128
84.751633
92.991234
-35.442219
-36.834511
92.748840
92.992241
-27.442928
-36.835236
100.752571
92.992134
-19.442471
-36.834564
108.747963
92.992142
-11.443226
-36.835449
116.752365
92.992691
-3.442745
-36.835617
124.748726
92.992966
4.556934
-36.836273
132.752060
92.992645
12.558052
-36.836258
140.748505
92.993103
20.557468
-36.836411
148.751770
92.993530
28.558380
-36.836502
156.748108
92.993500
36.557854
-36.836853
164.753311
92.994087
44.556953
-36.835953
172.747345
92.992134
52.557968
-36.835983
180.751709
92.992477
60.559093
-36.836014
188.749176
92.991501
68.557404
-36.835464
196.751587
92.991470
76.558571
-36.836044
204.749756
92.991646
84.557747
-36.836243
212.752670
92.992447
92.558159
-36.836166
220.748840
92.992615
100.558258
-36.835785
228.752441
92.991791
108.558762
-36.835587
236.748749
92.992096
116.557983
-36.835419
244.753479
92.990929
124.558899
-36.835175
252.750000
92.991127
132.557648
-36.834785
260.752350
92.990242
140.558136
-36.835228
268.749542
92.990784
148.557556
-36.835533
276.753052
92.990334
156.557861
-36.834953
284.748932
92.991425
164.557083
-36.835274
292.753357
92.991539
172.557831
-36.835007
300.748596
92.991203
180.557770
-36.835426
308.752747
92.990746
188.558884
-36.834579
316.749756
92.990997
196.557861
-36.835274
324.753387
92.991562
204.558060
-36.835037
332.750366
92.991852
212.558075
-36.834915
340.752502
92.990578
220.558411
-36.835648
348.749939
92.991386
228.557785
-36.835258
356.751892
92.990265
236.560455
-36.835724
364.752747
92.991394
244.550537
-36.836800
372.750824
92.997284
252.544495
-36.840836
380.636932
92.919807
-59.407913
-28.854355
68.713959
101.014771
-51.439220
-28.829300
76.755043
100.990295
-43.440773
-28.838707
84.750175
100.994217
-35.443581
-28.835487
92.748383
100.995361
-27.443733
-28.835068
100.751503
100.994080
-19.443855
-28.835060
108.748138
100.994690
-11.443619
-28.835823
116.750908
100.994118
-3.443726
-28.835602
124.748314
100.995514
4.556427
-28.836334
132.751068
100.993866
12.556572
-28.836258
140.747864
100.994492
20.557743
-28.835854
148.750824
100.994247
28.557907
-28.836563
156.749359
100.996185
36.556957
-28.836273
164.751526
100.994797
44.556770
-28.836136
172.748993
100.994957
52.557758
-28.836365
180.751938
100.994469
60.557262
-28.836220
188.749435
100.994659
68.557175
-28.836250
196.751251
100.992371
76.557587
-28.835030
204.748398
100.993889
84.557098
-28.834969
212.751709
100.992638
92.557053
-28.834816
220.749466
100.993507
100.556892
-28.834831
228.751831
100.991905
108.558258
-28.834961
236.749573
100.993576
116.557266
-28.834206
244.752197
100.992088
124.557251
-28.834747
252.750229
100.992607
132.557831
-28.834503
260.752136
100.991821
140.557312
-28.834610
268.749695
100.992920
148.557312
-28.834511
276.752441
100.992050
156.556976
-28.835213
284.748810
100.993080
164.557220
-28.835411
292.751343
100.992867
172.557159
-28.835175
300.749084
100.993736
180.557327
-28.834908
308.752380
100.992462
188.557480
-28.834991
316.749390
100.993553
196.557098
-28.834366
324.751801
100.991676
204.557648
-28.835052
332.751099
100.993378
212.557205
-28.835022
340.751221
100.992371
220.557526
-28.835091
348.749878
100.993362
228.557159
-28.835281
356.751556
100.992737
236.558975
-28.835060
364.751221
100.993385
244.549759
-28.837067
372.750610
100.998901
252.544800
-28.839920
380.636658
100.921051
-59.405518
-20.853844
68.713112
109.013283
-51.438988
-20.829285
76.755165
108.987320
-43.440964
-20.837898
84.751465
108.992317
-35.441902
-20.834457
92.748161
108.992920
-27.443592
-20.835808
100.750992
108.993774
-19.442482
-20.835312
108.747444
108.993271
-11.442238
-20.835846
116.751778
108.993790
-3.442112
-20.835861
124.748428
108.993111
4.557991
-20.836716
132.752411
108.992683
12.558800
-20.835663
140.748383
108.992432
20.557240
-20.835388
148.752182
108.991913
28.558956
-20.836220
156.749695
108.993416
36.556561
-20.835632
164.752625
108.993095
44.557587
-20.835938
172.747070
108.992508
52.558140
-20.835884
180.752167
108.992699
60.558815
-20.836113
188.749176
108.993576
68.558151
-20.834846
196.752167
108.991394
76.559151
-20.834778
204.749557
108.992332
84.556519
-20.834679
212.751923
108.991173
92.558273
-20.833923
220.748337
108.991486
100.557083
-20.834419
228.752899
108.990700
108.558113
-20.833542
236.749237
108.991142
116.557213
-20.834167
244.753311
108.990768
124.557961
-20.834259
252.750137
108.991142
132.557510
-20.834129
260.752747
108.990936
140.557861
-20.834763
268.749512
108.991875
148.557556
-20.834946
276.753113
108.992058
156.558029
-20.834549
284.748169
108.991386
164.557709
-20.835205
292.752136
108.990532
172.558990
-20.834785
300.749359
108.991562
180.557297
-20.834549
308.752808
108.990471
188.558807
-20.834343
316.749329
108.991302
196.557800
-20.834053
324.753265
108.990746
204.558334
-20.834793
332.749176
108.991173
212.557739
-20.834450
340.753265
108.990608
220.558273
-20.834755
348.749573
108.991058
228.556946
-20.834839
356.752686
108.990273
236.560104
-20.834595
364.750977
108.990204
244.550980
-20.836311
372.751984
108.996849
252.545059
-20.839607
380.637604
108.919968
-59.407745
-12.854485
68.713402
117.014557
-51.439289
-12.829254
76.755936
116.989967
-43.441475
-12.838890
84.750824
116.994698
-35.443893
-12.835678
92.749023
116.994553
-27.442978
-12.837067
100.749908
116.994949
-19.443249
-12.835442
108.748077
116.993729
-11.442245
-12.836739
116.751549
116.993950
-3.443562
-12.835510
124.748795
116.994659
4.557285
-12.836624
132.751785
116.993309
12.557453
-12.835739
140.748749
116.994225
20.557117
-12.835518
148.751343
116.992790
28.556961
-12.835258
156.749619
116.995270
36.555737
-12.835732
164.750793
116.994118
44.556889
-12.836273
172.748276
116.994179
52.557610
-12.836258
180.751572
116.992844
60.557884
-12.835854
188.749176
116.994614
68.557709
-12.835785
196.752472
116.992897
76.557266
-12.836014
204.749435
116.995071
84.556625
-12.834732
212.751892
116.993256
92.556091
-12.835625
220.748657
116.993073
100.557114
-12.834976
228.751282
116.992462
108.556412
-12.834785
236.748932
116.993217
116.556595
-12.834320
244.751434
116.992233
124.556702
-12.834206
252.749008
116.993477
132.556732
-12.834625
260.751129
116.992859
140.556580
-12.835480
268.749054
116.993340
148.557205
-12.835106
276.751709
116.992874
156.556824
-12.835434
284.749573
116.993492
164.556824
-12.835373
292.751648
116.991814
172.557846
-12.834808
300.749451
116.993713
180.556824
-12.834763
308.752258
116.992317
188.557877
-12.834671
316.749756
116.993179
196.556870
-12.834419
324.752502
116.991531
204.557434
-12.834381
332.750549
116.993050
212.557480
-12.833870
340.752014
116.991463
220.557266
-12.834641
348.750244
116.992897
228.556976
-12.834564
356.752167
116.992950
236.558441
-12.834320
364.751801
116.992470
244.549866
-12.836685
372.750854
116.998749
252.544907
-12.839691
380.637512
116.920891
-59.405148
-4.853691
68.713478
125.012695
-51.438934
-4.829330
76.756027
124.987930
-43.440948
-4.837616
84.751091
124.992279
-35.441925
-4.835251
92.747643
124.992790
-27.441776
-4.835709
100.751839
124.992805
-19.441311
-4.835327
108.750076
124.992928
-11.442482
-4.835785
116.751816
124.992706
-3.442200
-4.834976
124.748398
124.992775
4.557816
-4.835884
132.752533
124.992378
12.557999
-4.834961
140.748322
124.991646
20.557480
-4.835258
148.752533
124.992271
28.557434
-4.834763
156.748291
124.993973
36.556110
-4.836288
164.751404
124.992485
44.558521
-4.835243
172.748260
124.991905
52.557384
-4.835396
180.753250
124.990921
60.558487
-4.834404
188.748962
124.991760
68.556976
-4.834572
196.752823
124.990982
76.558113
-4.834427
204.748749
124.992264
84.556816
-4.835587
212.752518
124.991577
92.558266
-4.834572
220.746918
124.991913
100.557526
-4.835892
228.752899
124.991096
108.559090
-4.835785
236.749481
124.992493
116.557922
-4.835640
244.752716
124.991302
124.557449
-4.835381
252.748825
124.991158
132.558044
-4.835037
260.752472
124.990601
140.558136
-4.834953
268.749207
124.991066
148.557648
-4.834457
276.752380
124.990639
156.558456
-4.834427
284.748840
124.991646
164.557709
-4.834381
292.752869
124.990158
172.558884
-4.834862
300.749451
124.991196
180.557388
-4.834335
308.753052
124.990532
188.558365
-4.834457
316.749359
124.990662
196.557465
-4.834145
324.753052
124.990356
204.558212
-4.833847
332.749207
124.990532
212.557373
-4.833557
340.753357
124.990059
220.558060
-4.833725
348.749207
124.990746
228.556824
-4.835014
356.752380
124.990875
236.560440
-4.834686
364.751282
124.991035
244.550507
-4.836693
372.751343
124.997055
252.544891
-4.840179
380.638184
124.919922
-59.407398
3.145660
68.713387
133.014114
-51.438946
3.170097
76.755943
132.990417
-43.440838
3.161293
84.750526
132.993912
-35.442036
3.164276
92.749771
132.994476
-27.442493
3.164429
100.750748
132.993591
-19.442730
3.163483
108.750504
132.994690
-11.442738
3.163704
116.751312
132.994171
-3.443222
3.163322
124.747772
132.994598
4.557873
3.163834
132.752930
132.993561
12.555988
3.164238
140.748505
132.994614
20.556206
3.164192
148.750687
132.993500
28.556068
3.164413
156.748169
132.993866
36.556824
3.164764
164.751617
132.994110
44.556595
3.164551
172.749100
132.994293
52.556892
3.163353
180.750366
132.993256
60.557652
3.165314
188.748566
132.994232
68.556000
3.164566
196.750732
132.992401
76.557861
3.164062
204.749359
132.995773
84.555717
3.164124
212.750519
132.993866
92.557785
3.163795
220.748291
132.993866
100.557777
3.163925
228.752441
132.992798
108.557655
3.165131
236.750305
132.993530
116.557671
3.164215
244.752640
132.992554
124.557556
3.164207
252.749695
132.993530
132.557709
3.165062
260.751709
132.991760
140.557983
3.165199
268.749207
132.993835
148.556091
3.165672
276.751373
132.991394
156.557587
3.165398
284.749786
132.993225
164.557220
3.165733
292.753387
132.991943
172.558350
3.165382
300.749786
132.992859
180.557205
3.165245
308.752808
132.991684
188.557800
3.165512
316.749573
132.993698
196.556854
3.165741
324.752716
132.991943
204.557297
3.165344
332.749969
132.993210
212.556976
3.166229
340.751862
132.991913
220.557098
3.165321
348.749878
132.993286
228.557098
3.164917
356.752136
132.992844
236.559647
3.165871
364.751953
132.993256
244.550079
3.163086
372.750885
132.998718
252.545197
3.160042
380.637573
132.920746
-59.405491
11.146095
68.713486
141.012543
-51.438251
11.170586
76.755432
140.987000
-43.439823
11.162941
84.752388
140.990875
-35.441063
11.165131
92.749344
140.991882
-27.442280
11.164284
100.752274
140.991547
-19.441261
11.164307
108.749245
140.993057
-11.442719
11.164490
116.752037
140.992676
-3.441483
11.164223
124.748856
140.992188
4.557465
11.164360
132.752487
140.991699
12.557217
11.164406
140.747528
140.992249
20.557278
11.164177
148.752060
140.992401
28.558052
11.164688
156.747742
140.992523
36.557243
11.164162
164.751343
140.992828
44.558243
11.164261
172.748047
140.992523
52.557735
11.163193
180.752319
140.991821
60.559193
11.164169
188.749054
140.993301
68.557228
11.163918
196.752380
140.992111
76.558899
11.163353
204.748138
140.991913
84.557625
11.164536
212.752686
140.992096
92.558617
11.165367
220.749603
140.991791
100.558075
11.164650
228.753387
140.991791
108.558281
11.164482
236.748291
140.992554
116.557259
11.164299
244.752106
140.992523
124.558304
11.164207
252.748840
140.992737
132.557816
11.165627
260.752289
140.991364
140.557571
11.165138
268.748047
140.991821
148.556488
11.165924
276.752594
140.990112
156.558716
11.166588
284.748474
140.990662
164.557785
11.166595
292.752869
140.989716
172.558792
11.166046
300.750336
140.991043
180.557098
11.166206
308.753235
140.989929
188.558502
11.166397
316.749023
140.990326
196.557602
11.166359
324.753906
140.990082
204.557800
11.165726
332.748871
140.990616
212.556931
11.165993
340.751923
140.989868
220.557907
11.165817
348.749146
140.990692
228.557144
11.165230
356.752991
140.990646
236.560684
11.164978
364.751373
140.991562
244.551041
11.163643
372.751709
140.996796
252.545349
11.159790
380.637970
140.919739
-59.407562
19.145508
68.713036
149.013702
-51.438229
19.170654
76.756454
148.989441
-43.440094
19.162193
84.751320
148.993073
-35.442619
19.164589
92.749626
148.993896
-27.442989
19.164688
100.751656
148.992493
-19.442276
19.164459
108.749519
148.993774
-11.442749
19.164352
116.752243
148.992615
-3.442665
19.164803
124.750008
148.994019
4.556488
19.163597
132.752243
148.993942
12.556866
19.163918
140.748413
148.994751
20.557308
19.163795
148.750641
148.993073
28.558151
19.164131
156.750107
148.994324
36.557167
19.164124
164.751358
148.993317
44.557930
19.164337
172.749268
148.993866
52.557812
19.163834
180.752731
148.992447
60.558460
19.163986
188.749695
148.994202
68.558319
19.164658
196.752930
148.992920
76.557854
19.164574
204.751572
148.994232
84.556137
19.164238
212.751648
148.992737
92.557495
19.164307
220.749481
148.993835
100.556839
19.164429
228.751953
148.993469
108.556496
19.164886
236.747635
148.993561
116.557365
19.165146
244.752167
148.992310
124.557915
19.165154
252.750320
148.992767
132.557678
19.165939
260.751801
148.992920
140.556747
19.165512
268.749329
148.994003
148.556686
19.165764
276.753418
148.992676
156.556122
19.165031
284.748962
148.992722
164.556824
19.165100
292.751740
148.991638
172.557236
19.165314
300.748535
148.993317
180.556656
19.165726
308.752472
148.991928
188.557495
19.165138
316.749695
148.993134
196.556946
19.165443
324.752014
148.992279
204.557251
19.165329
332.750275
148.993179
212.557281
19.166153
340.751709
148.991806
220.557343
19.165306
348.749908
148.993408
228.556335
19.164513
356.751587
148.993011
236.559418
19.165710
364.751770
148.992706
244.550385
19.162071
372.750977
148.999573
252.544968
19.160492
380.636963
148.921036
-59.405262
27.146324
68.713455
157.012451
-51.438213
27.170616
76.755951
156.987030
-43.440079
27.162674
84.752029
156.990677
-35.441341
27.165230
92.749008
156.991440
-27.442535
27.165604
100.752563
156.990448
-19.441299
27.165550
108.749542
156.991302
-11.442493
27.165871
116.753082
156.990631
-3.442116
27.165131
124.748901
156.991547
4.557056
27.164703
132.752869
156.991760
12.557804
27.164673
140.748016
156.992096
20.557758
27.164436
148.753021
156.991272
28.558670
27.164772
156.749084
156.992401
36.557175
27.164909
164.752563
156.991119
44.559128
27.164955
172.749054
156.991425
52.558167
27.164894
180.753662
156.991333
60.558506
27.165497
188.749420
156.991669
68.557770
27.165367
196.753342
156.991669
76.558273
27.165298
204.750946
156.993256
84.556229
27.165901
212.752167
156.991837
92.558189
27.165298
220.749237
156.992798
100.557571
27.165924
228.752533
156.992905
108.557350
27.166527
236.748596
156.991760
116.556702
27.166603
244.752716
156.990509
124.557983
27.166313
252.749222
156.991028
132.556793
27.166946
260.751343
156.989883
140.558502
27.167099
268.748383
156.991638
148.557175
27.165909
276.752838
156.992737
156.557480
27.165344
284.747894
156.991592
164.557281
27.164146
292.751953
156.990845
172.558350
27.165680
300.748779
156.991425
180.555908
27.165367
308.752106
156.990219
188.558441
27.166328
316.748596
156.990906
196.557556
27.165794
324.752960
156.990829
204.558167
27.165970
332.749390
156.990738
212.557831
27.165909
340.752075
156.989960
220.558289
27.165558
348.749695
156.991211
228.557465
27.164680
356.753174
156.991058
236.559875
27.164825
364.751282
156.990723
244.550583
27.162941
372.750916
156.997345
252.544922
27.159447
380.637970
156.920013
-59.407310
35.145706
68.713142
165.013565
-51.438274
35.170761
76.756371
164.989349
-43.440544
35.162834
84.751091
164.992722
-35.442482
35.164886
92.749840
164.993210
-27.442749
35.165298
100.751640
164.992188
-19.442619
35.165161
108.749878
164.993317
-11.443100
35.164864
116.752617
164.992371
-3.442631
35.165222
124.749260
164.993195
4.557159
35.165161
132.751770
164.992584
12.557384
35.164734
140.749466
164.993729
20.557568
35.164680
148.751846
164.992783
28.557777
35.164368
156.749161
164.994049
36.557152
35.164391
164.752258
164.992889
44.557793
35.164841
172.749969
164.994293
52.556549
35.165413
180.751556
164.993378
60.556831
35.165764
188.750320
164.994125
68.556786
35.165337
196.752701
164.993195
76.555992
35.164917
204.750366
164.994141
84.555023
35.164825
212.750000
164.992981
92.556290
35.165108
220.748779
164.994537
100.556564
35.164558
228.750946
164.993866
108.557281
35.164383
236.749176
164.995270
116.556915
35.163567
244.750610
164.994797
124.556915
35.164307
252.748230
164.996063
132.556488
35.165161
260.751648
164.992889
140.555771
35.164764
268.748596
164.993927
148.556183
35.165817
276.749756
164.991882
156.557373
35.164627
284.748718
164.993546
164.557404
35.164795
292.752075
164.992386
172.557617
35.164841
300.748962
164.994080
180.556946
35.165779
308.752075
164.992096
188.557358
35.165344
316.749390
164.993057
196.557007
35.165390
324.751831
164.992188
204.557358
35.165298
332.750397
164.993835
212.556946
35.166077
340.751404
164.992065
220.557358
35.165695
348.749878
164.993378
228.556656
35.164726
356.752167
164.992538
236.559021
35.165054
364.751404
164.993103
244.549957
35.162811
372.750793
164.998657
252.545120
35.160240
380.637482
164.921265
-59.405231
43.146538
68.713371
173.011963
-51.438126
43.171005
76.755951
172.986694
-43.439991
43.163284
84.752243
172.990692
-35.441467
43.165848
92.749687
172.991241
-27.442642
43.165726
100.752457
172.990326
-19.441898
43.165749
108.749146
172.991257
-11.442696
43.165611
116.752853
172.990936
-3.441486
43.165367
124.749268
172.991379
4.557606
43.164726
132.752792
172.991058
12.558582
43.165237
140.748825
172.991409
20.557728
43.164734
148.752991
172.991028
28.558296
43.165207
156.749146
172.991913
36.557171
43.165276
164.752716
172.991272
44.557606
43.165520
172.749054
172.991272
52.557423
43.166138
180.752136
172.991913
60.557823
43.166611
188.749420
172.992584
68.556747
43.165611
196.753448
172.993362
76.556107
43.166023
204.749100
172.994385
84.555824
43.164986
212.750702
172.993958
92.557419
43.164978
220.747711
172.993622
100.557632
43.163597
228.751526
172.992798
108.559204
43.163300
236.747330
172.993347
116.558403
43.164177
244.752060
172.992004
124.559868
43.164490
252.749481
172.992828
132.557648
43.165062
260.752838
172.993225
140.557114
43.164673
268.747650
172.993835
148.556122
43.164841
276.751343
172.990799
156.559235
43.164726
284.748627
172.991119
164.557312
43.165512
292.752594
172.991180
172.558395
43.165779
300.748169
172.991333
180.557266
43.164902
308.752960
172.990433
188.558243
43.165901
316.748993
172.991043
196.557098
43.165749
324.753235
172.990356
204.557999
43.165909
332.748962
172.990753
212.557755
43.166458
340.752899
172.989502
220.558228
43.165993
348.749573
172.990662
228.557083
43.165741
356.753021
172.990967
236.560425
43.165077
364.752167
172.990692
244.551178
43.163078
372.750916
172.997314
252.545059
43.159691
380.637817
172.919998
-59.407425
51.145889
68.713036
181.013321
-51.438194
51.170883
76.756447
180.989166
-43.440361
51.163033
84.750793
180.992493
-35.442463
51.165100
92.750252
180.993546
-27.442749
51.165237
100.752190
180.992416
-19.442696
51.165100
108.749596
180.993469
-11.442772
51.165359
116.752151
180.992401
-3.442802
51.165169
124.749603
180.993439
4.557259
51.165527
132.752319
180.992233
12.557240
51.165314
140.749756
180.993332
20.556633
51.165230
148.752090
180.992554
28.557205
51.165527
156.749176
180.993607
36.556004
51.164902
164.751892
180.993073
44.556480
51.165253
172.748886
180.994003
52.556534
51.165649
180.751068
180.992950
60.556854
51.165512
188.750473
180.995331
68.555420
51.165283
196.751190
180.994522
76.556305
51.165237
204.749161
180.995834
84.556946
51.164230
212.752167
180.995605
92.557098
51.163765
220.749725
180.997314
100.555923
51.163216
228.750122
180.993332
108.558228
51.162521
236.748413
180.994019
116.558929
51.163925
244.752625
180.993622
124.557938
51.164635
252.748886
180.994644
132.557373
51.163757
260.751465
180.993469
140.557617
51.163940
268.748322
180.994446
148.557739
51.165306
276.751892
180.992828
156.556885
51.165138
284.750031
180.993866
164.556900
51.165154
292.751587
180.992172
172.557281
51.165451
300.749207
180.992996
180.556824
51.165665
308.751770
180.992142
188.557190
51.165855
316.749115
180.993103
196.556885
51.166107
324.752350
180.992233
204.557358
51.165718
332.750183
180.993408
212.556763
51.165909
340.752075
180.991806
220.557007
51.165787
348.749451
180.993027
228.556671
51.165230
356.752075
180.992905
236.559387
51.164734
364.752441
180.993134
244.549728
51.162926
372.751160
180.998566
252.544922
51.160324
380.637390
180.921082
-59.405602
59.146698
68.713310
189.012054
-51.438332
59.171120
76.756172
188.986954
-43.440857
59.162857
84.751839
188.990417
-35.441689
59.165619
92.749481
188.991013
-27.442272
59.165970
100.753075
188.990433
-19.441814
59.165771
108.749146
188.991074
-11.442623
59.165611
116.752960
188.990723
-3.441963
59.165665
124.748695
188.990936
4.557320
59.165298
132.752838
188.990814
12.557854
59.165863
140.748077
188.991089
20.557098
59.165848
148.752411
188.990875
28.558090
59.165375
156.749054
188.992584
36.556984
59.164719
164.752594
188.992218
44.557907
59.165192
172.748154
188.991852
52.557739
59.165154
180.752350
188.992477
60.557709
59.165733
188.749939
188.994400
68.556061
59.164711
196.752731
188.994720
76.558044
59.164879
204.748749
188.994751
84.557518
59.164345
212.753021
188.994736
92.558304
59.164528
220.747925
188.994476
100.557228
59.164330
228.752106
188.993073
108.559219
59.164062
236.748230
188.992554
116.558502
59.164558
244.753479
188.991852
124.558510
59.164543
252.748993
188.992218
132.557480
59.164627
260.753021
188.992081
140.558472
59.165344
268.748260
188.991974
148.557739
59.164680
276.752136
188.991180
156.558594
59.165260
284.748627
188.992035
164.557556
59.165405
292.752686
188.990906
172.557648
59.166077
300.748840
188.990799
180.556152
59.166039
308.752441
188.990234
188.557281
59.167343
316.748199
188.989807
196.557312
59.166054
324.752533
188.989822
204.558136
59.166382
332.748657
188.990967
212.557144
59.166374
340.753052
188.990051
220.557877
59.166100
348.749023
188.990952
228.556717
59.165901
356.752502
188.990753
236.559982
59.165375
364.752197
188.991241
244.550049
59.163918
372.751343
188.997406
252.544128
59.160225
380.637146
188.919617
-59.407677
67.145599
68.713097
197.013489
-51.438313
67.171143
76.756325
196.989075
-43.440571
67.163124
84.751259
196.992401
-35.442303
67.165192
92.750229
196.993073
-27.442543
67.165489
100.751915
196.992310
-19.442760
67.165192
108.749588
196.993439
-11.443066
67.165451
116.752045
196.992691
-3.442631
67.165199
124.749451
196.993530
4.557011
67.165199
132.752960
196.992767
12.556889
67.165733
140.748901
196.993042
20.556564
67.165390
148.751892
196.991394
28.557182
67.164558
156.748978
196.994019
36.557713
67.164604
164.751953
196.993225
44.557682
67.165031
172.750763
196.994690
52.556801
67.163963
180.753067
196.995285
60.555683
67.163666
188.749664
196.996399
68.556587
67.163216
196.750305
196.995697
76.557831
67.163521
204.749832
196.996750
84.557564
67.163040
212.752441
196.996429
92.556755
67.163414
220.748795
196.996460
100.557251
67.163361
228.751068
196.994064
108.557625
67.163307
236.749054
196.993896
116.557449
67.163910
244.751678
196.991928
124.557648
67.165039
252.749161
196.993423
132.556931
67.164703
260.752167
196.993179
140.557388
67.164406
268.749298
196.993896
148.557648
67.165260
276.752380
196.992767
156.557526
67.164490
284.749969
196.993225
164.556900
67.165581
292.752014
196.992615
172.556763
67.164780
300.749878
196.993805
180.555725
67.164490
308.750793
196.993088
188.556427
67.164589
316.747894
196.993210
196.556732
67.165031
324.751343
196.991730
204.557526
67.165451
332.748993
196.993439
212.556686
67.165817
340.752197
196.991974
220.556946
67.165375
348.749329
196.993088
228.556107
67.165726
356.751129
196.992279
236.558533
67.165504
364.752045
196.994049
244.549438
67.162415
372.749817
196.999985
252.544861
67.160385
380.636292
196.920471
-59.405346
75.146591
68.713852
205.011932
-51.438053
75.170975
76.755913
204.986710
-43.440193
75.162811
84.751503
204.990387
-35.441673
75.164917
92.749084
204.991333
-27.442364
75.165291
100.752724
204.990768
-19.442238
75.166153
108.748329
204.990692
-11.442982
75.165993
116.752617
204.989990
-3.441315
75.166145
124.749535
204.991364
4.557411
75.165314
132.752899
204.991089
12.558903
75.164978
140.748993
204.992310
20.557171
75.164558
148.752380
204.991318
28.558708
75.164658
156.748718
204.991852
36.557453
75.164536
164.752808
204.991486
44.558517
75.165527
172.749359
204.992188
52.557461
75.164703
180.753937
204.994934
60.556934
75.165131
188.748230
204.994644
68.557816
75.164520
196.752747
204.994110
76.558807
75.163834
204.748947
204.994629
84.558327
75.163239
212.752991
204.995087
92.558472
75.164246
220.748169
204.994507
100.558273
75.164467
228.751907
204.993439
108.558350
75.163841
236.747864
204.992371
116.558350
75.164688
244.752960
204.990738
124.559250
75.164444
252.748123
204.991501
132.557556
75.165009
260.752991
204.990814
140.558594
75.165573
268.749023
204.991623
148.557251
75.164406
276.753235
204.991104
156.557953
75.165367
284.748474
204.992935
164.556976
75.164825
292.752411
204.991821
172.558228
75.164764
300.748871
204.993744
180.556564
75.164398
308.750671
204.991913
188.559235
75.164841
316.748108
204.991974
196.557892
75.164795
324.752625
204.990875
204.558380
75.165894
332.748138
204.990692
212.557510
75.165581
340.752930
204.990646
220.558304
75.166039
348.749207
204.991272
228.556580
75.165047
356.752075
204.990662
236.559540
75.164993
364.751190
204.992157
244.550812
75.162369
372.751099
204.997833
252.544769
75.159340
380.637238
204.919601
-59.407360
83.145546
68.713417
213.013947
-51.438202
83.170822
76.756027
212.989685
-43.440304
83.162636
84.750572
212.993256
-35.442741
83.164886
92.750076
212.993469
-27.442638
83.165329
100.751923
212.992325
-19.442944
83.165321
108.749214
212.993652
-11.443008
83.165634
116.751953
212.992493
-3.442562
83.164093
124.749329
212.993683
4.557026
83.164680
132.752747
212.993286
12.557617
83.164772
140.749680
212.993927
20.557186
83.164787
148.751831
212.992676
28.557674
83.164711
156.750214
212.994019
36.557613
83.165504
164.752808
212.993118
44.557011
83.165428
172.750229
212.994553
52.555401
83.164627
180.752045
212.995483
60.556034
83.164749
188.748688
212.996155
68.556732
83.163635
196.750320
212.994644
76.557297
83.163300
204.749039
212.996094
84.557541
83.163055
212.751526
212.995453
92.557793
83.163406
220.748688
212.997040
100.557335
83.163452
228.750885
212.995468
108.557266
83.162697
236.749252
212.994873
116.557854
83.163277
244.751495
212.992401
124.558731
83.164673
252.749451
212.994049
132.557251
83.165077
260.752472
212.992554
140.557220
83.164688
268.750366
212.994110
148.556244
83.165001
276.751892
212.992645
156.556488
83.164604
284.749359
212.993713
164.556915
83.164459
292.751526
212.993317
172.556580
83.164017
300.748688
212.994400
180.557648
83.164322
308.751526
212.992706
188.558304
83.164207
316.749481
212.994049
196.557358
83.164719
324.751923
212.992706
204.557831
83.165161
332.749023
212.993362
212.556992
83.165222
340.752411
212.992218
220.557007
83.164673
348.750183
212.993713
228.556732
83.164963
356.752350
212.992401
236.558258
83.165466
364.750610
212.993347
244.549988
83.162079
372.750336
213.000015
252.545029
83.160034
380.636902
212.920624
-59.405174
91.146744
68.713303
221.011993
-51.438278
91.171097
76.755898
220.986450
-43.439903
91.163582
84.751472
220.990387
-35.441689
91.165588
92.749466
220.991455
-27.442650
91.165771
100.753464
220.991302
-19.441414
91.165695
108.748863
220.991470
-11.442154
91.164818
116.753006
220.990356
-3.441135
91.165230
124.749199
220.991074
4.557178
91.165932
132.752853
220.990387
12.558559
91.165138
140.749359
220.991272
20.556831
91.165489
148.752121
220.990601
28.558807
91.165901
156.749344
220.991211
36.557438
91.166313
164.752960
220.991379
44.556469
91.165451
172.748749
220.993530
52.556023
91.164848
180.752228
220.994751
60.557602
91.164909
188.748764
220.994293
68.557388
91.164650
196.751892
220.993668
76.557777
91.164734
204.748184
220.993622
84.557693
91.163750
212.752380
220.993210
92.559021
91.164139
220.747162
220.993866
100.557793
91.164345
228.752045
220.993500
108.558594
91.164001
236.747894
220.992691
116.557541
91.164551
244.752457
220.990677
124.558990
91.165520
252.748489
220.991211
132.557648
91.165710
260.753418
220.991150
140.557632
91.166275
268.748871
220.991791
148.556229
91.164955
276.752350
220.991638
156.557755
91.164993
284.748566
220.992432
164.557343
91.164505
292.753265
220.992157
172.557739
91.165077
300.747498
220.991898
180.557953
91.164742
308.752930
220.990753
188.559113
91.165047
316.748413
220.991867
196.557312
91.165550
324.752686
220.990906
204.558548
91.165489
332.749084
220.990967
212.557098
91.165466
340.753021
220.990845
220.558136
91.165703
348.748901
220.991409
228.556702
91.164291
356.752533
220.991913
236.558899
91.165428
364.749878
220.991501
244.550705
91.162079
372.749939
220.998703
252.545731
91.159843
380.637421
220.920044
-59.407375
99.145790
68.713371
229.013641
-51.438274
99.171371
76.756409
228.989212
-43.441002
99.163315
84.750992
228.992371
-35.442497
99.165695
92.750526
228.993530
-27.443115
99.164612
100.752663
228.993286
-19.441975
99.165306
108.750175
228.993835
-11.442154
99.164688
116.752579
228.992569
-3.441513
99.164764
124.750710
228.993881
4.556885
99.164703
132.752045
228.992661
12.557175
99.165123
140.749603
228.994232
20.556572
99.164627
148.752045
228.992004
28.557617
99.164665
156.749344
228.993332
36.556580
99.164276
164.751099
228.993622
44.557251
99.164734
172.749329
228.994949
52.557182
99.163696
180.751526
228.995483
60.556843
99.164536
188.750336
228.996613
68.556686
99.163383
196.751862
228.995834
76.557281
99.163666
204.749222
228.996552
84.556786
99.163994
212.751617
228.995224
92.557526
99.163231
220.748138
228.995819
100.557297
99.163544
228.750214
228.994064
108.557487
99.163353
236.749481
228.994476
116.557655
99.164139
244.751633
228.992676
124.558006
99.164452
252.748810
228.993759
132.556915
99.165306
260.752075
228.992874
140.556793
99.164261
268.748718
228.994812
148.556030
99.164978
276.750885
228.992935
156.557632
99.164696
284.749756
228.994186
164.556854
99.164413
292.751801
228.993652
172.556961
99.164612
300.748596
228.993973
180.557495
99.164398
308.752075
228.992874
188.557693
99.164841
316.748596
228.993805
196.557632
99.165085
324.752319
228.992096
204.557205
99.165573
332.749207
228.993454
212.556381
99.165611
340.752197
228.992615
220.556778
99.164948
348.749969
228.994263
228.556824
99.164261
356.751251
228.993973
236.557404
99.165077
364.751099
228.992691
244.550629
99.162079
372.749847
228.999451
252.545151
99.160370
380.637634
228.921036
-59.405788
107.147125
68.713089
237.012177
-51.438877
107.171341
76.756470
236.986511
-43.440903
107.163986
84.751503
236.990326
-35.441936
107.166191
92.749588
236.991516
-27.442802
107.165314
100.754036
236.991867
-19.441704
107.165398
108.749313
236.991516
-11.441399
107.164726
116.753632
236.990814
-3.441597
107.164742
124.749634
236.991714
4.557465
107.165550
132.752747
236.990509
12.559013
107.165115
140.749496
236.991898
20.557816
107.165367
148.753860
236.991104
28.558178
107.164520
156.749725
236.992401
36.558025
107.165436
164.753189
236.991180
44.559040
107.164444
172.749817
236.992218
52.557556
107.164291
180.753784
236.993469
60.558575
107.164185
188.749222
236.994415
68.557648
107.163696
196.752838
236.994781
76.558342
107.163910
204.748169
236.994476
84.558060
107.163513
212.752304
236.994553
92.558136
107.163994
220.746582
236.992706
100.557877
107.163773
228.752808
236.992264
108.558701
107.164612
236.748718
236.992722
116.557732
107.164696
244.752838
236.991089
124.558800
107.164986
252.748932
236.991516
132.556961
107.165237
260.752197
236.991714
140.558075
107.165474
268.748596
236.992035
148.558426
107.165047
276.753174
236.991089
156.558807
107.164810
284.748505
236.991547
164.557861
107.163879
292.753174
236.992645
172.558289
107.164558
300.747803
236.991867
180.557693
107.165184
308.752289
236.991684
188.557983
107.165627
316.749542
236.991287
196.557617
107.164856
324.753357
236.990738
204.558228
107.165794
332.749268
236.991425
212.556702
107.165634
340.752136
236.990784
220.558472
107.165894
348.748444
236.991425
228.556641
107.164246
356.752869
236.991974
236.559296
107.165710
364.751556
236.991760
244.550430
107.162880
372.750458
236.997513
252.545319
107.159821
380.637695
236.919678
-59.408070
115.146408
68.713303
245.013855
-51.439304
115.171120
76.756592
244.988861
-43.440678
115.163170
84.751068
244.992767
-35.443230
115.165474
92.749695
244.993347
-27.442963
115.164742
100.753151
244.993347
-19.442844
115.165527
108.750023
244.993896
-11.442921
115.165276
116.752533
244.992554
-3.442883
115.164619
124.750488
244.993805
4.557392
115.165695
132.752289
244.992493
12.557537
115.165497
140.750443
244.993118
20.556744
115.165138
148.753113
244.992615
28.557999
115.164665
156.750488
244.994034
36.557362
115.164886
164.753174
244.992859
44.557606
115.164963
172.751587
244.994812
52.555939
115.164810
180.752609
244.994476
60.556782
115.164360
188.750519
244.995850
68.557205
115.163109
196.750641
244.995544
76.557449
115.163483
204.748581
244.996552
84.557587
115.162407
212.750366
244.995178
92.558258
115.163612
220.749496
244.995560
100.556900
115.163086
228.751068
244.993530
108.558411
115.164124
236.749664
244.994522
116.558037
115.164154
244.751862
244.993256
124.556870
115.163651
252.749329
244.994598
132.556641
115.164619
260.752258
244.993347
140.557220
115.164551
268.750732
244.994965
148.556961
115.164040
276.752563
244.993301
156.557571
115.164528
284.750549
244.994308
164.557098
115.163933
292.751434
244.993073
172.558060
115.165329
300.749451
244.993744
180.557205
115.163780
308.752686
244.993240
188.556717
115.165421
316.749146
244.993698
196.556763
115.164879
324.752716
244.992798
204.556580
115.165421
332.749725
244.993958
212.556152
115.164680
340.751617
244.992767
220.557007
115.165535
348.749359
244.994171
228.556137
115.164116
356.751801
244.994080
236.558228
115.164352
364.751373
244.994141
244.550781
115.162193
372.748138
245.001343
252.545792
115.160057
380.638092
244.921494
-59.406235
123.146439
68.714180
253.013123
-51.439316
123.172150
76.755722
252.986862
-43.440826
123.164207
84.751503
252.990204
-35.442066
123.167282
92.749237
252.991089
-27.442669
123.166183
100.753540
252.991608
-19.442200
123.166473
108.748032
252.991119
-11.442589
123.166222
116.752663
252.991608
-3.442284
123.166580
124.749168
252.991425
4.557163
123.166412
132.752930
252.990845
12.557678
123.166626
140.748901
252.991394
20.556423
123.166458
148.752838
252.990936
28.557888
123.166512
156.749756
252.991180
36.557178
123.166489
164.752441
252.991135
44.557739
123.166412
172.748947
252.992523
52.556499
123.164825
180.753464
252.994141
60.557007
123.165009
188.747772
252.993774
68.558075
123.163803
196.752106
252.993454
76.558418
123.164162
204.747772
252.993134
84.558601
123.164520
212.752930
252.992401
92.558975
123.164680
220.747650
252.993362
100.557617
123.164406
228.753281
252.992706
108.559128
123.164505
236.748260
252.992340
116.558266
123.164520
244.752716
252.991974
124.558365
123.165184
252.748886
252.992004
132.557098
123.165535
260.753113
252.991669
140.557617
123.165047
268.748322
252.992065
148.557632
123.164902
276.752106
252.991974
156.557968
123.165543
284.748718
252.993271
164.557175
123.165833
292.752563
252.991516
172.558044
123.165802
300.747986
252.992477
180.557220
123.166336
308.752960
252.991364
188.557571
123.166489
316.748535
252.991333
196.557129
123.165581
324.752563
252.991516
204.557495
123.166046
332.747009
252.992523
212.556488
123.165581
340.752319
252.992157
220.557846
123.165794
348.749146
252.992920
228.556580
123.164246
356.752441
252.992645
236.559555
123.165680
364.750336
252.991516
244.552338
123.163345
372.749207
252.998230
252.545502
123.160469
380.638550
252.919983
-59.408222
131.145691
68.713692
261.015533
-51.439312
131.170731
76.756500
260.990173
-43.441505
131.162140
84.749847
260.994324
-35.443691
131.164581
92.748840
260.994537
-27.443207
131.164124
100.751907
260.994324
-19.443645
131.164825
108.749184
260.994873
-11.443291
131.164978
116.750992
260.993500
-3.443466
131.164948
124.750092
260.994995
4.556198
131.164825
132.750626
260.993591
12.556576
131.164383
140.748688
260.994720
20.556458
131.164398
148.751404
260.993896
28.556278
131.164383
156.748520
260.994354
36.556850
131.164337
164.751434
260.993835
44.556389
131.164459
172.749283
260.995422
52.556248
131.164703
180.750824
260.994141
60.557316
131.164810
188.749573
260.995209
68.557770
131.163757
196.751740
260.994751
76.557953
131.164398
204.748718
260.995422
84.557098
131.163147
212.751617
260.994781
92.557465
131.164169
220.748505
260.995819
100.557755
131.163177
228.751160
260.994324
108.558144
131.163666
236.749268
260.994934
116.557785
131.164124
244.752014
260.994019
124.557472
131.164200
252.750565
260.995483
132.555969
131.164429
260.751282
260.994568
140.556122
131.164383
268.748901
260.993896
148.557205
131.164566
276.751312
260.993774
156.556229
131.164627
284.748444
260.994568
164.556717
131.165115
292.750824
260.993835
172.556396
131.165604
300.748596
260.994598
180.556824
131.164642
308.752350
260.994263
188.555969
131.164978
316.747681
260.994934
196.556198
131.165009
324.751587
260.994690
204.556122
131.165253
332.748230
260.994934
212.556702
131.164703
340.750916
260.994476
220.556442
131.164886
348.748535
260.994568
228.557068
131.163452
356.752136
260.994537
236.558655
131.164124
364.751648
260.994080
244.551727
131.161835
372.749756
260.999939
252.544586
131.159653
380.636597
260.920135
-59.406208
139.146088
68.714371
269.014740
-51.439140
139.171173
76.755341
268.988831
-43.440968
139.162430
84.751366
268.993103
-35.442093
139.165527
92.748672
268.993286
-27.442745
139.164551
100.753189
268.993591
-19.442135
139.165253
108.748550
268.993530
-11.442490
139.164520
116.752640
268.993652
-3.441956
139.164551
124.748764
268.993958
4.557827
139.164474
132.752899
268.993835
12.558201
139.164459
140.748871
268.994232
20.557743
139.164612
148.753021
268.994141
28.558155
139.164642
156.748779
268.993561
36.557686
139.164703
164.752548
268.993469
44.558243
139.164719
172.749329
268.993835
52.557545
139.164703
180.753357
268.994415
60.557983
139.164795
188.748016
268.994110
68.558334
139.163788
196.752731
268.993378
76.558609
139.164459
204.748047
268.992523
84.557907
139.163040
212.752441
268.993195
92.558662
139.165329
220.747986
268.992371
100.558739
139.163712
228.753540
268.992310
108.558640
139.164642
236.748749
268.993103
116.557823
139.164703
244.753204
268.992859
124.558174
139.164825
252.749069
268.993683
132.557648
139.164169
260.752533
268.993530
140.557465
139.165070
268.747650
268.993042
148.557617
139.164215
276.753754
268.993256
156.557129
139.165176
284.747528
268.992798
164.557556
139.165085
292.753021
268.993225
172.557770
139.165314
300.747833
268.993225
180.557190
139.164688
308.752960
268.993378
188.558167
139.165543
316.747589
268.992706
196.558167
139.164978
324.752319
268.993866
204.557983
139.166138
332.749084
268.994019
212.557693
139.164810
340.753357
268.993927
220.557678
139.164871
348.748474
268.993164
228.557465
139.163849
356.753479
268.993378
236.560135
139.164032
364.751709
268.993103
244.551620
139.161453
372.750519
268.999634
252.544678
139.159744
380.636963
268.919250
-59.408474
147.145355
68.713814
277.015869
-51.439362
147.170563
76.755829
276.991058
-43.441296
147.161560
84.750023
276.994843
-35.443081
147.164124
92.749733
276.995850
-27.442944
147.163498
100.751526
276.995270
-19.443024
147.163330
108.749222
276.996002
-11.442902
147.163300
116.751183
276.994843
-3.442516
147.163361
124.749313
276.995941
4.557369
147.163559
132.751587
276.994995
12.557163
147.163086
140.749298
276.996033
20.557278
147.163162
148.751404
276.995270
28.557220
147.163513
156.749237
276.996277
36.557354
147.163391
164.751404
276.995605
44.557053
147.163544
172.749466
276.996704
52.556778
147.163498
180.750916
276.995605
60.557453
147.163361
188.748840
276.995819
68.557953
147.162399
196.751678
276.994904
76.557465
147.163391
204.749069
276.995850
84.557098
147.163132
212.750977
276.993439
92.558228
147.164093
220.749680
276.994873
100.557632
147.164017
228.752289
276.994110
108.557358
147.163696
236.749466
276.995178
116.557671
147.163803
244.751892
276.995270
124.557030
147.163605
252.749634
276.996552
132.556992
147.162720
260.751770
276.994995
140.558594
147.162735
268.749146
276.996826
148.556870
147.163437
276.751556
276.995514
156.556503
147.162750
284.749084
276.995667
164.557297
147.163696
292.751190
276.995117
172.556992
147.164154
300.749084
276.995911
180.557327
147.163788
308.752197
276.994995
188.557495
147.164413
316.749939
276.995819
196.557678
147.163757
324.752319
276.994934
204.557144
147.163956
332.749725
276.995819
212.557159
147.163864
340.751495
276.994324
220.557343
147.163727
348.749115
276.995483
228.556885
147.162918
356.751526
276.995087
236.558960
147.163712
364.751709
276.995422
244.551514
147.160828
372.749023
277.001312
252.546204
147.160126
380.637085
276.921356
-59.406319
155.145752
68.714142
285.014832
-51.438866
155.170914
76.755814
284.989075
-43.440765
155.162369
84.751526
284.993439
-35.441895
155.164948
92.748619
284.993866
-27.442211
155.164093
100.753082
284.994293
-19.441696
155.164185
108.748421
284.994141
-11.442211
155.164246
116.752838
284.993958
-3.441593
155.164185
124.748405
284.994049
4.557861
155.164215
132.752701
284.994141
12.558365
155.164246
140.748337
284.993927
20.558033
155.164276
148.752869
284.994110
28.558304
155.164490
156.748199
284.994019
36.558025
155.164215
164.753128
284.994080
44.558235
155.164505
172.748749
284.994690
52.557842
155.164169
180.752136
284.994415
60.558868
155.164169
188.748962
284.994232
68.558556
155.163147
196.752899
284.993652
76.559326
155.164047
204.748596
284.994263
84.557724
155.163528
212.752487
284.992798
92.559052
155.163940
220.748199
284.992554
100.558121
155.163605
228.752777
284.993042
108.558716
155.164551
236.748932
284.992920
116.558167
155.164032
244.753113
284.993317
124.558922
155.164307
252.748810
284.993958
132.557632
155.164078
260.752838
284.992798
140.559784
155.163727
268.749237
284.993439
148.558701
155.163513
276.753387
284.995178
156.558365
155.164612
284.749390
284.994476
164.557587
155.163559
292.752899
284.993958
172.558167
155.164520
300.748596
284.994232
180.557373
155.164261
308.752747
284.993164
188.558655
155.164490
316.748291
284.993225
196.558014
155.164642
324.753174
284.993835
204.558167
155.164581
332.748779
284.994049
212.557770
155.164108
340.752991
284.993958
220.558304
155.164505
348.748627
284.993622
228.557434
155.163406
356.752258
284.993805
236.560486
155.163666
364.751587
284.993439
244.552460
155.161194
372.749908
284.998901
252.545868
155.159012
380.637299
284.919250
-59.408241
163.145523
68.713699
293.016052
-51.439255
163.170471
76.756119
292.991089
-43.441372
163.161133
84.750130
292.995056
-35.442940
163.163956
92.749847
292.995697
-27.442768
163.163239
100.751541
292.995544
-19.442959
163.163406
108.748993
292.996094
-11.442585
163.163269
116.751633
292.995422
-3.442841
163.163361
124.749199
292.996368
4.557224
163.163208
132.751572
292.995361
12.557285
163.163239
140.749359
292.995972
20.557232
163.163361
148.751648
292.994934
28.557312
163.163910
156.749512
292.996216
36.556496
163.163574
164.751511
292.995575
44.556969
163.163177
172.748917
292.996674
52.557934
163.163605
180.751480
292.995361
60.557354
163.162933
188.749237
292.995728
68.557663
163.162750
196.751617
292.994537
76.558014
163.163345
204.748901
292.996124
84.557617
163.162933
212.751221
292.994263
92.558067
163.163269
220.748947
292.994751
100.557770
163.163773
228.751862
292.993866
108.557877
163.164001
236.749954
292.995239
116.557251
163.163574
244.752197
292.994385
124.557571
163.163452
252.748901
292.995422
132.557236
163.163223
260.752045
292.993958
140.557343
163.163422
268.749664
292.994446
148.557373
163.163483
276.751282
292.994263
156.557541
163.164154
284.750183
292.996185
164.557327
163.163605
292.751678
292.995697
172.557053
163.163574
300.749268
292.996399
180.557526
163.163483
308.752258
292.995270
188.557083
163.163589
316.749329
292.995544
196.557358
163.163361
324.751770
292.995026
204.556976
163.163498
332.749237
292.995850
212.557556
163.163498
340.751831
292.995026
220.557068
163.163605
348.749146
292.996277
228.557007
163.163177
356.751404
292.995728
236.558823
163.163498
364.751312
292.994965
244.552322
163.161087
372.749542
293.001038
252.545990
163.159805
380.636810
292.920807
-59.406464
171.145844
68.714462
301.014740
-51.439304
171.171280
76.755737
300.988647
-43.440762
171.162170
84.751999
300.993317
-35.442043
171.165085
92.748596
300.994019
-27.442528
171.163956
100.752701
300.994324
-19.442043
171.164536
108.748192
300.993927
-11.442215
171.164124
116.752846
300.993988
-3.441856
171.164551
124.748329
300.993988
4.557739
171.164368
132.752731
300.994110
12.558041
171.164398
140.748627
300.994019
20.557610
171.164185
148.752838
300.994263
28.558140
171.164185
156.747955
300.994141
36.557453
171.163879
164.752350
300.994507
44.558643
171.164703
172.748611
300.993988
52.558479
171.164215
180.752991
300.993744
60.558548
171.164200
188.748627
300.993317
68.558212
171.164337
196.753220
300.993195
76.558640
171.164246
204.748062
300.993347
84.558167
171.163727
212.752747
300.992889
92.558868
171.164276
220.748703
300.992523
100.558365
171.164581
228.753250
300.992676
108.558456
171.164673
236.748871
300.993378
116.557892
171.164215
244.753082
300.993591
124.558029
171.164825
252.748505
300.993347
132.558014
171.164337
260.752808
300.992920
140.557983
171.165009
268.749451
300.993286
148.557297
171.164490
276.753326
300.993408
156.557617
171.164688
284.748688
300.993347
164.557953
171.164154
292.752655
300.993835
172.558456
171.164429
300.748627
300.993958
180.557983
171.164047
308.753082
300.994080
188.558167
171.164230
316.748840
300.993683
196.557755
171.163879
324.752899
300.993896
204.558105
171.164124
332.748260
300.993774
212.557922
171.164093
340.753113
300.993958
220.558136
171.164276
348.747955
300.994202
228.557587
171.163513
356.752747
300.994568
236.559937
171.163330
364.751038
300.993347
244.552032
171.161285
372.750061
300.999329
252.546021
171.159302
380.637390
300.919739
-59.408401
179.145844
68.713890
309.016205
-51.440338
179.170761
76.755463
308.991058
-43.441582
179.161865
84.749100
308.994995
-35.443333
179.163971
92.749023
308.996307
-27.442844
179.163803
100.750763
308.995789
-19.443188
179.163910
108.748642
308.996063
-11.442959
179.163849
116.751419
308.995178
-3.443100
179.163757
124.748924
308.995941
4.557182
179.163651
132.751450
308.995483
12.556721
179.163712
140.748611
308.996155
20.557064
179.163162
148.751648
308.995483
28.557281
179.163452
156.748825
308.996887
36.557518
179.163712
164.752151
308.995056
44.557724
179.163208
172.749542
308.996216
52.557175
179.163483
180.751633
308.995117
60.557140
179.163437
188.749374
308.995728
68.557350
179.163300
196.751053
308.994537
76.557510
179.164398
204.749146
308.995117
84.557281
179.164001
212.751648
308.993744
92.557434
179.164017
220.749634
308.995056
100.557350
179.163727
228.751434
308.994446
108.557106
179.164139
236.749115
308.995667
116.557182
179.163834
244.751968
308.994843
124.556763
179.164276
252.749084
308.995331
132.556946
179.164368
260.751770
308.994202
140.556732
179.163910
268.749512
308.995392
148.556625
179.164230
276.751678
308.994690
156.556610
179.164047
284.749329
308.995880
164.556854
179.163437
292.752136
308.994446
172.557465
179.163483
300.749176
308.996277
180.556885
179.163055
308.751526
308.995178
188.557617
179.163177
316.749603
308.996124
196.557037
179.163055
324.751404
308.994934
204.557465
179.163635
332.749512
308.996277
212.556915
179.163620
340.751343
308.995178
220.556961
179.163788
348.749176
308.996033
228.556656
179.163452
356.751312
308.995178
236.558853
179.163666
364.751587
308.995392
244.551910
179.160950
372.749237
309.001617
252.546234
179.159698
380.636932
308.921234
-59.406898
187.146118
68.714127
317.015503
-51.439644
187.171616
76.754852
316.989502
-43.441078
187.162415
84.750854
316.993683
-35.441967
187.165375
92.747894
316.993530
-27.442520
187.164749
100.752640
316.994019
-19.442024
187.165222
108.748009
316.993713
-11.442528
187.164825
116.752449
316.993866
-3.442215
187.165192
124.747871
316.993683
4.557503
187.164917
132.752380
316.993835
12.557663
187.164948
140.747726
316.993927
20.557182
187.164398
148.752014
316.993835
28.558876
187.164276
156.748688
316.994568
36.558357
187.164520
164.753098
316.994263
44.557888
187.164337
172.748306
316.993652
52.557796
187.164368
180.752426
316.994141
60.558407
187.164429
188.748322
316.994446
68.558174
187.164368
196.753082
316.993805
76.558029
187.164734
204.748734
316.993042
84.557144
187.164566
212.752213
316.992798
92.557770
187.164917
220.748062
316.993103
100.557678
187.165009
228.752502
316.993256
108.558273
187.165131
236.748718
316.993805
116.557098
187.164764
244.752914
316.993866
124.557251
187.165024
252.747665
316.993591
132.556992
187.164642
260.752563
316.993927
140.557663
187.164825
268.747650
316.993927
148.557098
187.164459
276.752136
316.993744
156.558014
187.164734
284.748169
316.993988
164.557251
187.164398
292.752167
316.993652
172.557785
187.164581
300.747559
316.993866
180.557510
187.164536
308.752197
316.993835
188.557877
187.164856
316.748230
316.994232
196.557297
187.164459
324.752319
316.993988
204.558014
187.164505
332.747498
316.994232
212.557343
187.164246
340.752869
316.994263
220.557892
187.164825
348.747894
316.994446
228.556656
187.163940
356.751953
316.994263
236.559799
187.163818
364.750427
316.993530
244.551880
187.162094
372.749756
316.998932
252.545715
187.159058
380.637390
316.919861
-59.408592
195.146027
68.713402
325.016113
-51.439671
195.172073
76.756012
324.991211
-43.441681
195.162704
84.750237
324.994995
-35.443169
195.165146
92.749962
324.995941
-27.443329
195.164505
100.751373
324.995728
-19.443314
195.164551
108.748917
324.996338
-11.443382
195.164413
116.751480
324.995483
-3.443214
195.164398
124.748909
324.996246
4.556503
195.164246
132.751221
324.995514
12.556606
195.164108
140.748138
324.995972
20.557102
195.163879
148.751358
324.995239
28.557350
195.163559
156.749054
324.995392
36.557827
195.163376
164.751831
324.995667
44.556599
195.163788
172.748703
324.996643
52.556919
195.163605
180.750732
324.994812
60.557804
195.163437
188.748871
324.995850
68.557770
195.164093
196.751801
324.995361
76.556923
195.164185
204.749512
324.996216
84.556229
195.164307
212.750580
324.995056
92.556641
195.164291
220.748840
324.995331
100.557465
195.163971
228.751801
324.994629
108.557373
195.163849
236.749191
324.996277
116.556335
195.163986
244.751190
324.995728
124.556549
195.164291
252.748779
324.996643
132.556473
195.163910
260.750946
324.995605
140.556656
195.163864
268.748871
324.996460
148.556793
195.163696
276.750916
324.995605
156.556717
195.163818
284.748474
324.996216
164.556854
195.163544
292.751434
324.995667
172.556488
195.163727
300.748169
324.996155
180.556793
195.163712
308.750793
324.995361
188.556519
195.163666
316.748077
324.996063
196.556870
195.163788
324.750671
324.995331
204.556564
195.163773
332.748291
324.995972
212.556946
195.163971
340.750854
324.995300
220.556793
195.164062
348.748566
324.996338
228.556641
195.163422
356.750641
324.995667
236.558838
195.163910
364.750641
324.994873
244.551392
195.161285
372.749573
325.000488
252.545746
195.160004
380.636261
324.920258
-59.407043
203.146301
68.713989
333.015228
-51.439888
203.172302
76.755371
332.989685
-43.441547
203.163177
84.751381
332.993958
-35.442371
203.165619
92.748688
332.994293
-27.443058
203.164642
100.752449
332.994446
-19.442139
203.165207
108.748138
332.994324
-11.442986
203.164841
116.752388
332.994446
-3.442169
203.165314
124.748116
332.994324
4.557072
203.164902
132.752579
332.994446
12.557869
203.165314
140.747955
332.993958
20.557369
203.164932
148.752716
332.993683
28.558392
203.164673
156.748688
332.993713
36.557613
203.164795
164.752182
332.994385
44.557640
203.164886
172.747772
332.994415
52.557503
203.164520
180.752869
332.993591
60.558369
203.164764
188.747849
332.993835
68.558289
203.164185
196.753113
332.994232
76.557907
203.164917
204.747711
332.994415
84.556992
203.164536
212.752045
332.994080
92.558350
203.164948
220.748596
332.994080
100.557755
203.164307
228.753265
332.993958
108.558182
203.164703
236.748383
332.994232
116.557175
203.164658
244.752594
332.994507
124.557449
203.165375
252.748123
332.994141
132.557114
203.164948
260.752747
332.994476
140.557739
203.165558
268.748047
332.994293
148.557175
203.164948
276.752625
332.994293
156.557709
203.165405
284.748138
332.994232
164.557144
203.164948
292.752686
332.994324
172.557648
203.165588
300.748138
332.994385
180.556931
203.165100
308.752716
332.994385
188.557526
203.165680
316.748108
332.994141
196.557129
203.165009
324.752960
332.994537
204.557602
203.165527
332.747925
332.994354
212.557068
203.164948
340.752991
332.994507
220.557571
203.165283
348.748016
332.994385
228.556702
203.164429
356.752106
332.994476
236.559448
203.164551
364.750458
332.993652
244.551697
203.161942
372.749634
332.999756
252.545624
203.159393
380.636902
332.919189
-59.408619
211.146362
68.713287
341.016449
-51.440224
211.171738
76.755653
340.991852
-43.441917
211.162476
84.749748
340.995605
-35.443329
211.164612
92.749733
340.996582
-27.443172
211.164078
100.751381
340.996124
-19.443382
211.164246
108.748993
340.996796
-11.443314
211.164169
116.751381
340.995972
-3.443264
211.164398
124.749123
340.996765
4.556610
211.164124
132.751404
340.995911
12.556778
211.164398
140.748795
340.996643
20.556908
211.164139
148.751251
340.995453
28.556881
211.163849
156.749329
340.996338
36.556442
211.163879
164.750732
340.995514
44.556686
211.163986
172.748291
340.996399
52.556862
211.163940
180.751099
340.995667
60.557575
211.163086
188.748657
340.996826
68.557922
211.163193
196.751556
340.995605
76.556763
211.164230
204.748581
340.996948
84.556602
211.164322
212.750839
340.995087
92.556946
211.164276
220.748871
340.995544
100.557129
211.164062
228.751465
340.995148
108.556839
211.164185
236.749115
340.996521
116.556442
211.163986
244.750854
340.995880
124.556503
211.164536
252.749130
340.996826
132.556549
211.164154
260.751251
340.995880
140.556671
211.164200
268.748932
340.996674
148.556732
211.164093
276.751190
340.995972
156.556732
211.164093
284.749023
340.996887
164.556671
211.163986
292.751312
340.996002
172.556702
211.164032
300.749023
340.996765
180.556808
211.164032
308.751465
340.995789
188.556610
211.164230
316.749329
340.996765
196.556549
211.163910
324.751221
340.995819
204.556534
211.164185
332.748840
340.996765
212.556610
211.163971
340.751343
340.995911
220.556564
211.164124
348.748810
340.996704
228.556229
211.163467
356.750793
340.996094
236.558319
211.163940
364.750732
340.995483
244.551727
211.161285
372.749207
341.001282
252.545883
211.159973
380.636505
340.920563
-59.407097
219.146286
68.713799
349.015259
-51.439857
219.172211
76.754974
348.989807
-43.441551
219.163147
84.751358
348.994110
-35.442173
219.165497
92.748718
348.994415
-27.442940
219.164734
100.752625
348.994720
-19.442226
219.164963
108.748039
348.994507
-11.442963
219.164719
116.752449
348.994537
-3.442177
219.165039
124.748016
348.994598
4.556934
219.164749
132.752411
348.994720
12.557743
219.165115
140.747711
348.994354
20.557533
219.164871
148.752655
348.994446
28.557583
219.165009
156.748016
348.994446
36.556625
219.164764
164.751831
348.994476
44.557583
219.164551
172.747406
348.993988
52.557652
219.162903
180.751953
348.994141
60.560059
219.164520
188.747803
348.994110
68.558327
219.163544
196.754181
348.994385
76.558060
219.165070
204.748108
348.994080
84.557220
219.164703
212.752960
348.994019
92.557571
219.165314
220.748154
348.993805
100.557053
219.164551
228.752594
348.994141
108.557457
219.164978
236.747452
348.994324
116.556938
219.164703
244.752045
348.994537
124.557816
219.165146
252.747681
348.994507
132.557236
219.164825
260.752380
348.994659
140.557770
219.165009
268.747986
348.994385
148.557114
219.164719
276.752411
348.994415
156.557983
219.165070
284.747986
348.994324
164.557190
219.164780
292.752655
348.994598
172.557785
219.165070
300.748077
348.994415
180.557220
219.164825
308.752747
348.994507
188.557648
219.164886
316.747711
348.994659
196.556992
219.164886
324.752594
348.994812
204.557724
219.164886
332.747833
348.994690
212.557175
219.164825
340.752380
348.994843
220.557739
219.164963
348.748108
348.994751
228.556717
219.163910
356.752014
348.995026
236.559738
219.164368
364.750275
348.993805
244.551788
219.161896
372.749756
348.999542
252.545807
219.159683
380.637146
348.919006
-59.408615
227.146637
68.713341
357.016388
-51.440228
227.172012
76.755486
356.991638
-43.441803
227.162720
84.750092
356.995605
-35.443321
227.165100
92.749580
356.996552
-27.443352
227.164261
100.751160
356.996033
-19.443436
227.164581
108.748749
356.996826
-11.443291
227.164444
116.751328
356.996033
-3.443554
227.164642
124.748749
356.996704
4.556713
227.164429
132.751450
356.995880
12.556683
227.164749
140.748688
356.996460
20.556892
227.164429
148.751663
356.995728
28.556499
227.164398
156.748779
356.996643
36.556496
227.164200
164.750946
356.995575
44.556587
227.164368
172.747833
356.996399
52.557220
227.164230
180.751587
356.993896
60.558739
227.163467
188.749832
356.995667
68.557442
227.164703
196.753265
356.994873
76.557159
227.165024
204.749268
356.996246
84.555847
227.164642
212.751617
356.996094
92.556702
227.164780
220.749054
356.996796
100.556610
227.164459
228.751358
356.995789
108.556519
227.164627
236.748535
356.996582
116.556564
227.164642
244.751419
356.995819
124.556702
227.164810
252.748901
356.996613
132.556625
227.164536
260.751312
356.995697
140.556671
227.164886
268.749023
356.996521
148.556519
227.164673
276.751434
356.995697
156.556717
227.164856
284.749084
356.996460
164.556580
227.164505
292.751099
356.995697
172.556747
227.164764
300.748871
356.996674
180.556366
227.164429
308.751221
356.995941
188.556534
227.164520
316.748413
356.996490
196.556595
227.164368
324.751343
356.995758
204.556671
227.164658
332.748596
356.996521
212.556732
227.164459
340.751465
356.995728
220.556610
227.164673
348.748901
356.996613
228.556305
227.164093
356.750916
356.996124
236.558365
227.164474
364.750671
356.995605
244.551971
227.161499
372.749207
357.001465
252.545853
227.160217
380.636505
356.920410
-59.408951
235.146896
68.713745
365.015625
-51.442646
235.171951
76.756187
364.990967
-43.444042
235.163818
84.752563
364.994232
-35.445065
235.165726
92.749550
364.994629
-27.445568
235.165421
100.752930
364.994690
-19.444927
235.165436
108.748978
364.994568
-11.445538
235.165375
116.753021
364.994629
-3.444881
235.165497
124.748917
364.994476
4.554478
235.165512
132.753006
364.994598
12.555111
235.165619
140.749054
364.994476
20.554352
235.165558
148.753067
364.994690
28.554951
235.165649
156.748993
364.994659
36.554573
235.165710
164.752960
364.994293
44.555859
235.164978
172.748566
364.993530
52.554474
235.165222
180.753113
364.993530
60.556129
235.165253
188.750092
364.993500
68.554306
235.164490
196.753143
364.993469
76.554596
235.166092
204.748199
364.994385
84.554039
235.165466
212.751923
364.994720
92.555122
235.165710
220.748779
364.994354
100.554672
235.165482
228.753006
364.994873
108.554817
235.165558
236.748856
364.994446
116.554550
235.165710
244.753174
364.994598
124.554871
235.165634
252.749176
364.994446
132.554504
235.165390
260.753143
364.994812
140.554901
235.165436
268.749115
364.994507
148.554520
235.165405
276.752960
364.994629
156.554962
235.165543
284.749023
364.994598
164.554474
235.165543
292.753021
364.994690
172.554871
235.165588
300.748901
364.994476
180.554214
235.165436
308.752838
364.994781
188.555130
235.165649
316.748901
364.994568
196.554352
235.165527
324.752869
364.994720
204.555084
235.165619
332.749084
364.994507
212.554352
235.165466
340.752747
364.994751
220.554962
235.165466
348.749207
364.994629
228.554062
235.164581
356.752380
364.994995
236.556992
235.164566
364.750854
364.993774
244.549988
235.161926
372.751007
364.998840
252.546707
235.159698
380.636627
364.918091
-59.411427
243.137268
68.720657
373.016907
-51.437073
243.166962
76.754517
372.996765
-43.439640
243.161255
84.750259
372.998352
-35.440582
243.161926
92.749619
372.997559
-27.440140
243.161713
100.751419
372.997009
-19.440491
243.161591
108.749382
372.997437
-11.440216
243.161682
116.751434
372.997009
-3.440422
243.161453
124.749458
372.997437
4.559784
243.161407
132.751373
372.997131
12.559494
243.161514
140.749390
372.997467
20.559647
243.161530
148.751343
372.997040
28.559544
243.161743
156.749207
372.997192
36.559994
243.161499
164.751877
372.997192
44.559563
243.162109
172.748810
372.996674
52.560539
243.161819
180.752045
372.996094
60.559669
243.161438
188.749817
372.997009
68.558899
243.161163
196.751389
372.997223
76.558853
243.161499
204.747681
372.997162
84.560013
243.161438
212.750931
372.996399
92.559677
243.161926
220.749512
372.996765
100.559692
243.161499
228.751190
372.996582
108.559723
243.161545
236.749359
372.997131
116.559677
243.161407
244.751068
372.996948
124.559525
243.161407
252.749207
372.997498
132.559738
243.161407
260.751221
372.997314
140.559525
243.161377
268.749603
372.997589
148.559784
243.161346
276.751221
372.997131
156.559555
243.161316
284.749390
372.997559
164.559784
243.161407
292.751373
372.997070
172.559448
243.161438
300.749390
372.997498
180.559692
243.161530
308.751190
372.997192
188.559464
243.161652
316.749573
372.997467
196.559784
243.161407
324.751099
372.997101
204.559509
243.161621
332.749512
372.997498
212.559845
243.161346
340.751251
372.997070
220.559555
243.161499
348.749481
372.997559
228.559723
243.160751
356.750824
372.997131
236.561493
243.163300
364.753510
372.996460
244.558990
243.162720
372.753296
373.000671
252.552216
243.168304
380.635376
372.918823
-59.420578
251.075256
68.672737
380.992523
-51.410007
251.063049
76.638657
380.986420
-43.411266
251.057312
84.631767
380.993988
-35.411366
251.059204
92.629913
380.992493
-27.411686
251.058914
100.631851
380.992828
-19.411434
251.059189
108.629829
380.992584
-11.411713
251.058838
116.631874
380.992859
-3.411461
251.059204
124.629799
380.992554
4.588383
251.058868
132.631836
380.992950
12.588501
251.059265
140.629791
380.992645
20.588253
251.059036
148.631927
380.992950
28.588394
251.059265
156.629608
380.992554
36.588226
251.059082
164.631607
380.992615
44.588589
251.059555
172.630035
380.992523
52.587551
251.059387
180.631409
380.992493
60.588509
251.059082
188.630188
380.992767
68.588036
251.059189
196.631470
380.992889
76.588272
251.059570
204.629852
380.992584
84.588005
251.059143
212.632080
380.992737
92.588387
251.059052
220.629623
380.992554
100.587967
251.059113
228.631668
380.992706
108.588333
251.059326
236.629730
380.992432
116.588135
251.059021
244.631470
380.992645
124.588333
251.059235
252.629578
380.992310
132.588120
251.058960
260.631500
380.992676
140.588562
251.059296
268.629730
380.992432
148.588318
251.058990
276.631714
380.992859
156.588593
251.059143
284.629761
380.992645
164.588425
251.058960
292.631866
380.992981
172.588486
251.059265
300.629761
380.992615
180.588440
251.058960
308.631805
380.992859
188.588501
251.059280
316.629791
380.992676
196.588425
251.059036
324.631714
380.992798
204.588593
251.059204
332.629883
380.992645
212.588242
251.059113
340.631714
380.992798
220.588638
251.059204
348.630035
380.992645
228.588318
251.058899
356.631592
380.992859
236.589508
251.059570
364.631104
380.992889
244.587585
251.066345
372.641327
380.993958
252.558105
251.078949
380.603790
380.943298
-120.736008
-119.824272
137.651230
135.830994
-104.735748
-119.815826
153.648407
135.829132
-88.732742
-119.812469
169.648895
135.830139
-72.732605
-119.812408
185.648834
135.829880
-56.732147
-119.811646
201.648514
135.829926
-40.732391
-119.811958
217.648788
135.830017
-24.732224
-119.811859
233.648697
135.829956
-8.732422
-119.812088
249.648743
135.830185
7.267731
-119.811874
265.648621
135.830078
23.267532
-119.812172
281.648682
135.830261
39.267715
-119.812096
297.648315
135.830414
55.267578
-119.812332
313.648651
135.830475
71.267899
-119.812088
329.648499
135.830429
87.267685
-119.812233
345.648682
135.830521
103.268005
-119.812096
361.648438
135.830338
119.267761
-119.812103
377.648682
135.830383
135.267715
-119.812210
393.648285
135.830261
151.267532
-119.811821
409.649048
135.830292
167.267166
-119.813789
425.649841
135.830109
183.263489
-119.824738
441.652008
135.828522
-120.740402
-103.833664
137.650192
151.827820
-104.742508
-103.825569
153.651764
151.825378
-88.737167
-103.824677
169.655365
151.824783
-72.736938
-103.824570
185.655914
151.824158
-56.736404
-103.823898
201.655579
151.824158
-40.736374
-103.824272
217.655777
151.824341
-24.736115
-103.823990
233.655655
151.824127
-8.736420
-103.824303
249.655563
151.824097
7.263779
-103.824036
265.655334
151.824402
23.263596
-103.824493
281.655579
151.824203
39.263580
-103.824203
297.655365
151.824158
55.263412
-103.824310
313.655579
151.824265
71.263397
-103.824188
329.655334
151.824249
87.263412
-103.824753
345.655579
151.824158
103.263474
-103.824478
361.655365
151.824158
119.263443
-103.824799
377.655762
151.824066
135.263367
-103.824249
393.655334
151.824265
151.263245
-103.824265
409.654785
151.824509
167.264587
-103.825638
425.657745
151.823029
183.269440
-103.827721
441.659180
151.822754
-120.738190
-87.834694
137.649841
167.825104
-104.740616
-87.824944
153.653030
167.823486
-88.737259
-87.823265
169.656616
167.824097
-72.737167
-87.822441
185.656631
167.823044
-56.736649
-87.822227
201.656509
167.823090
-40.736938
-87.822205
217.656799
167.823242
-24.736511
-87.821861
233.656815
167.822861
-8.736740
-87.821983
249.656815
167.823120
7.263382
-87.821869
265.656708
167.823090
23.263123
-87.821861
281.656586
167.823120
39.263397
-87.821777
297.656586
167.822830
55.263214
-87.821922
313.656311
167.822937
71.263519
-87.821877
329.656250
167.823074
87.263199
-87.821960
345.656372
167.823059
103.263504
-87.822006
361.656250
167.822937
119.263229
-87.822098
377.656555
167.822952
135.263214
-87.822205
393.656311
167.822968
151.262344
-87.821449
409.655823
167.823090
167.263611
-87.822014
425.658264
167.821869
183.269516
-87.825851
441.661499
167.823593
-120.738647
-71.835213
137.649780
183.824661
-104.741074
-71.824524
153.653610
183.823471
-88.738083
-71.823830
169.657349
183.823761
-72.737823
-71.823349
185.657578
183.823029
-56.737473
-71.823181
201.657349
183.822739
-40.737366
-71.823074
217.657700
183.822632
-24.737320
-71.823036
233.657394
183.822327
-8.737488
-71.823036
249.657516
183.822815
7.262558
-71.823151
265.657196
183.822510
23.262589
-71.823318
281.657349
183.822647
39.262802
-71.822754
297.657257
183.822586
55.262512
-71.823311
313.657196
183.822510
71.262543
-71.823044
329.657288
183.822372
87.262375
-71.823181
345.657471
183.822479
103.262543
-71.822777
361.657257
183.822403
119.262451
-71.823311
377.657471
183.822464
135.262451
-71.823479
393.657318
183.822357
151.261963
-71.822693
409.656982
183.822739
167.262787
-71.822937
425.658752
183.821198
183.269821
-71.826530
441.662109
183.823486
-120.738235
-55.835114
137.649658
199.824753
-104.741089
-55.824730
153.653183
199.823303
-88.737793
-55.824142
169.656723
199.824036
-72.737747
-55.823776
185.656769
199.822937
-56.737244
-55.823158
201.656738
199.822662
-40.737274
-55.823135
217.657074
199.822632
-24.737091
-55.823158
233.656784
199.822510
-8.737396
-55.823257
249.656952
199.822693
7.262802
-55.823174
265.656891
199.822388
23.262436
-55.823418
281.656891
199.822418
39.262878
-55.822945
297.656891
199.822510
55.262680
-55.822998
313.656769
199.822510
71.262985
-55.822891
329.656921
199.822327
87.262436
-55.823410
345.656677
199.822662
103.263046
-55.823166
361.656738
199.822571
119.262573
-55.823166
377.656738
199.822693
135.262634
-55.823441
393.656799
199.822449
151.261963
-55.822647
409.656616
199.822678
167.263153
-55.822937
425.658600
199.821289
183.269608
-55.826988
441.661621
199.823547
-120.738693
-39.835129
137.649475
215.824814
-104.741104
-39.824890
153.653351
215.823456
-88.738098
-39.823868
169.656799
215.823792
-72.737930
-39.823723
185.657135
215.822754
-56.737427
-39.823242
201.656876
215.822296
-40.737289
-39.823189
217.657440
215.822586
-24.737427
-39.823174
233.657166
215.822372
-8.737366
-39.823135
249.657562
215.822418
7.262650
-39.822998
265.657349
215.822235
23.262634
-39.823143
281.657227
215.822174
39.262756
-39.822853
297.657227
215.822266
55.262817
-39.823036
313.657410
215.822510
71.262756
-39.822975
329.657043
215.822327
87.262817
-39.823227
345.657471
215.822418
103.262756
-39.822968
361.657166
215.822235
119.262726
-39.823387
377.657288
215.822342
135.262497
-39.823448
393.656982
215.822083
151.262024
-39.822678
409.656921
215.822632
167.262802
-39.822990
425.658691
215.821045
183.269791
-39.827156
441.662079
215.823486
-120.738403
-23.835014
137.649597
231.824936
-104.741196
-23.824791
153.653000
231.823456
-88.737885
-23.824120
169.656570
231.823914
-72.737793
-23.823669
185.656738
231.822845
-56.737259
-23.823235
201.656754
231.822510
-40.737335
-23.823235
217.656998
231.822617
-24.737061
-23.823250
233.657043
231.822388
-8.737488
-23.823051
249.657120
231.822311
7.262970
-23.823143
265.656860
231.822311
23.262848
-23.823303
281.656921
231.822296
39.263138
-23.823021
297.656738
231.822708
55.262741
-23.823128
313.656860
231.822723
71.262787
-23.822830
329.656891
231.822540
87.262604
-23.823189
345.656891
231.822693
103.262894
-23.822914
361.656982
231.822662
119.262650
-23.823067
377.657104
231.822433
135.262802
-23.823395
393.656708
231.822403
151.262100
-23.822578
409.656677
231.822800
167.263168
-23.822983
425.658813
231.821259
183.269638
-23.827171
441.661682
231.823441
-120.738663
-7.835052
137.649353
247.824860
-104.741226
-7.824806
153.653107
247.823517
-88.738098
-7.824089
169.656693
247.823700
-72.738007
-7.823822
185.657074
247.822815
-56.737549
-7.823189
201.656937
247.822327
-40.737335
-7.823280
217.657242
247.822372
-24.737213
-7.823128
233.657257
247.822189
-8.737625
-7.823143
249.657211
247.822220
7.262604
-7.823257
265.657166
247.822266
23.262604
-7.823135
281.657227
247.822403
39.262909
-7.822792
297.657196
247.822296
55.262863
-7.823036
313.657410
247.822449
71.262802
-7.823219
329.657257
247.822418
87.262543
-7.823341
345.657410
247.822449
103.262680
-7.823090
361.657166
247.822327
119.262558
-7.823349
377.657318
247.822449
135.262589
-7.823441
393.657104
247.822144
151.262085
-7.822701
409.656891
247.822662
167.262817
-7.823021
425.658630
247.821091
183.269699
-7.827095
441.661957
247.823364
-120.738495
8.164940
137.649414
263.824951
-104.741257
8.175240
153.652969
263.823608
-88.737854
8.175751
169.656708
263.823853
-72.738007
8.176300
185.656631
263.822815
-56.737335
8.176842
201.656479
263.822540
-40.737335
8.176834
217.656921
263.822449
-24.737091
8.177002
233.657043
263.822388
-8.737411
8.176704
249.656845
263.822296
7.262970
8.176689
265.656982
263.822540
23.262726
8.176697
281.656830
263.822388
39.263214
8.177101
297.656830
263.822693
55.262817
8.177055
313.657227
263.822632
71.262833
8.177086
329.656921
263.822418
87.262482
8.176727
345.657135
263.822571
103.262909
8.176796
361.656708
263.822388
119.262619
8.176804
377.656799
263.822540
135.262756
8.176605
393.656799
263.822479
151.261993
8.177200
409.656494
263.822693
167.263184
8.177078
425.658569
263.821289
183.269562
8.173111
441.661682
263.823456
-120.738586
24.164795
137.649353
279.824860
-104.741165
24.175140
153.653336
279.823456
-88.738159
24.175911
169.656677
279.823547
-72.738037
24.176270
185.656830
279.822632
-56.737518
24.176788
201.656769
279.822388
-40.737366
24.176849
217.657211
279.822388
-24.737274
24.176941
233.657196
279.822083
-8.737518
24.176544
249.656998
279.822205
7.262512
24.176613
265.656860
279.822144
23.262802
24.176422
281.656982
279.822327
39.262787
24.176773
297.657074
279.822357
55.262772
24.177048
313.657410
279.822632
71.262527
24.176918
329.657288
279.822144
87.262634
24.176750
345.657471
279.822327
103.262756
24.176933
361.656982
279.822083
119.262650
24.176552
377.657318
279.822449
135.262726
24.176605
393.657166
279.822296
151.262146
24.177422
409.657013
279.822449
167.262817
24.177231
425.658783
279.821045
183.269760
24.172989
441.661835
279.823242
-120.738464
40.164749
137.649643
295.824951
-104.741425
40.175491
153.653214
295.823395
-88.737823
40.175804
169.656677
295.823730
-72.738007
40.176193
185.656738
295.822998
-56.737335
40.176804
201.656479
295.822540
-40.737473
40.176804
217.656708
295.822479
-24.737137
40.177017
233.656784
295.822418
-8.737473
40.176727
249.656677
295.822449
7.263062
40.176956
265.656952
295.822388
23.262772
40.176773
281.656982
295.822662
39.263107
40.176857
297.656921
295.822632
55.262711
40.176720
313.657166
295.822723
71.262909
40.176834
329.657043
295.822418
87.262573
40.176796
345.656921
295.822449
103.263138
40.177071
361.656891
295.822571
119.262665
40.176773
377.657013
295.822632
135.262756
40.176414
393.656921
295.822357
151.262009
40.177567
409.656708
295.822754
167.263092
40.177040
425.658661
295.821259
183.269455
40.173180
441.661377
295.823669
-120.738724
56.164803
137.649628
311.824707
-104.741196
56.175415
153.653427
311.823395
-88.738098
56.176064
169.656784
311.823700
-72.737839
56.176514
185.656982
311.822784
-56.737381
56.177071
201.656723
311.822083
-40.737320
56.176819
217.657242
311.822418
-24.737213
56.177071
233.657181
311.822083
-8.737503
56.176666
249.657089
311.822144
7.262756
56.176727
265.656799
311.822144
23.262634
56.176697
281.657135
311.822632
39.262802
56.176918
297.657104
311.822235
55.262466
56.176804
313.657410
311.822479
71.262650
56.177002
329.657257
311.822021
87.262650
56.176857
345.657593
311.822174
103.262787
56.177223
361.657318
311.822205
119.262726
56.176971
377.657501
311.822357
135.262466
56.176620
393.657104
311.821991
151.262314
56.177460
409.657227
311.822601
167.263000
56.177254
425.658386
311.821106
183.269714
56.173180
441.661926
311.823425
-120.738342
72.164650
137.649826
327.824524
-104.741089
72.175179
153.653412
327.823334
-88.737762
72.175690
169.656631
327.823822
-72.737747
72.176369
185.656647
327.822754
-56.737030
72.176857
201.656631
327.822510
-40.737228
72.176743
217.656708
327.822449
-24.736877
72.177170
233.656815
327.822449
-8.737228
72.176964
249.656815
327.822510
7.263290
72.176964
265.656982
327.822601
23.262955
72.176575
281.656860
327.822693
39.263153
72.176758
297.657043
327.822449
55.262741
72.176620
313.656799
327.822510
71.263016
72.176697
329.656830
327.822388
87.262741
72.176826
345.657043
327.822540
103.263077
72.177002
361.656830
327.822571
119.262802
72.176743
377.657166
327.822449
135.262909
72.176826
393.657074
327.822388
151.262115
72.177567
409.656738
327.822754
167.263351
72.177216
425.658600
327.821167
183.269531
72.173233
441.661560
327.823517
-120.738602
88.164726
137.649826
343.824371
-104.741241
88.175148
153.653641
343.823151
-88.738083
88.175957
169.657043
343.823578
-72.737885
88.176361
185.657257
343.822662
-56.737411
88.176865
201.657150
343.822174
-40.737488
88.176804
217.657303
343.822388
-24.737350
88.176926
233.657150
343.822144
-8.737350
88.176651
249.657333
343.822540
7.262665
88.177055
265.657074
343.822327
23.262604
88.176994
281.657227
343.822327
39.262695
88.176865
297.657349
343.822235
55.262421
88.176567
313.657135
343.822266
71.262558
88.176727
329.657410
343.822205
87.262634
88.176781
345.657684
343.822327
103.262436
88.177094
361.657410
343.822205
119.262497
88.176636
377.657593
343.822327
135.262573
88.176727
393.657440
343.822235
151.261993
88.177574
409.657196
343.822723
167.263123
88.177048
425.658661
343.821045
183.269608
88.173241
441.661804
343.823486
-120.738281
104.164650
137.649979
359.824524
-104.741135
104.175270
153.653595
359.823273
-88.737717
104.175835
169.656967
359.823944
-72.737640
104.176270
185.657074
359.822876
-56.736954
104.176865
201.656967
359.822510
-40.737198
104.176834
217.657135
359.822601
-24.736893
104.176880
233.657028
359.822510
-8.737152
104.176567
249.657089
359.822632
7.263107
104.176872
265.656860
359.822510
23.262894
104.176659
281.657166
359.822510
39.263062
104.177040
297.657074
359.822540
55.262619
104.176697
313.656921
359.822449
71.263138
104.176895
329.657166
359.822327
87.262726
104.176720
345.656952
359.822449
103.263123
104.176804
361.657104
359.822449
119.262878
104.176834
377.657288
359.822449
135.262985
104.176666
393.657104
359.822479
151.262268
104.177437
409.656891
359.822815
167.263550
104.177185
425.658752
359.821320
183.269516
104.173409
441.661438
359.823547
-120.738556
120.164932
137.649918
375.824402
-104.741196
120.175095
153.653656
375.823120
-88.738083
120.175926
169.656784
375.823700
-72.737808
120.176361
185.657242
375.822693
-56.737381
120.176750
201.657074
375.822205
-40.737366
120.176819
217.657333
375.822418
-24.737198
120.176910
233.657135
375.822113
-8.737427
120.176910
249.657379
375.822327
7.262680
120.177002
265.657104
375.822052
23.262558
120.176819
281.657471
375.822327
39.262756
120.177071
297.657227
375.822083
55.262589
120.176666
313.657288
375.822205
71.262772
120.176819
329.657288
375.822113
87.262741
120.176865
345.657471
375.822266
103.262680
120.176941
361.657471
375.822083
119.262650
120.176697
377.657532
375.822266
135.262543
120.176582
393.657349
375.821960
151.262100
120.177513
409.657349
375.822510
167.263184
120.177147
425.658661
375.820923
183.269714
120.173416
441.661743
375.823425
-120.738419
136.164993
137.649963
391.824463
-104.741547
136.175034
153.653763
391.823303
-88.738098
136.175430
169.657089
391.823792
-72.738113
136.176010
185.657211
391.822693
-56.737335
136.176544
201.657181
391.822388
-40.737549
136.176483
217.657288
391.822388
-24.737320
136.176544
233.657120
391.822327
-8.737595
136.176132
249.657181
391.822327
7.262772
136.176361
265.657104
391.822327
23.262207
136.176331
281.657288
391.822388
39.262650
136.176712
297.657166
391.822357
55.262253
136.176361
313.657349
391.822174
71.262695
136.176651
329.657379
391.822327
87.262314
136.176483
345.657288
391.822388
103.262665
136.176620
361.657349
391.822357
119.262390
136.176483
377.657471
391.822266
135.262497
136.176346
393.657379
391.822327
151.261856
136.177399
409.656982
391.822601
167.263382
136.176971
425.658813
391.821106
183.269470
136.173065
441.661377
391.823547
-120.739105
152.165451
137.649567
407.824585
-104.742264
152.175323
153.654419
407.823181
-88.739243
152.176392
169.656967
407.823181
-72.739059
152.176956
185.657547
407.822327
-56.738800
152.177368
201.657196
407.821869
-40.738800
152.177063
217.657593
407.822021
-24.738541
152.177185
233.657257
407.821777
-8.738525
152.177155
249.657776
407.821960
7.261261
152.177185
265.657318
407.821625
23.261337
152.177002
281.657715
407.822021
39.261414
152.177246
297.657471
407.821716
55.261307
152.177124
313.657471
407.821838
71.261383
152.177322
329.657349
407.821869
87.261322
152.177155
345.657715
407.821960
103.261353
152.177383
361.657501
407.821747
119.261337
152.177185
377.657837
407.822021
135.261139
152.177032
393.657501
407.821716
151.261063
152.178040
409.657288
407.821991
167.262207
152.177002
425.657654
407.820801
183.268494
152.173355
441.661163
407.824158
-120.737152
168.165649
137.649979
423.824677
-104.740601
168.173798
153.653046
423.821747
-88.737671
168.174103
169.655197
423.823364
-72.738419
168.174744
185.654968
423.822815
-56.737579
168.174759
201.654938
423.822540
-40.737991
168.174622
217.655075
423.822662
-24.737518
168.174835
233.655029
423.822510
-8.737915
168.174622
249.655182
423.822662
7.262512
168.174652
265.654877
423.822449
23.262100
168.174500
281.654968
423.822632
39.262543
168.174850
297.655151
423.822510
55.262054
168.174606
313.655182
423.822571
71.262527
168.174713
329.655151
423.822540
87.262039
168.174652
345.655212
423.822632
103.262451
168.174744
361.655212
423.822449
119.262024
168.174591
377.655273
423.822540
135.262451
168.174576
393.655151
423.822449
151.261337
168.175720
409.654785
423.822388
167.262711
168.174988
425.656616
423.821442
183.267944
168.173355
441.660553
423.824341
-120.739212
184.166580
137.654953
439.824554
-104.739410
184.168442
153.657257
439.820312
-88.740372
184.165771
169.659622
439.820435
-72.740524
184.165421
185.659378
439.820007
-56.740417
184.165344
201.659363
439.819641
-40.740326
184.165146
217.659622
439.819855
-24.740448
184.165176
233.659286
439.819580
-8.740326
184.165070
249.659607
439.819885
7.259644
184.165070
265.659393
439.819611
23.259689
184.165070
281.659668
439.819855
39.259506
184.165207
297.659424
439.819611
55.259628
184.165100
313.659698
439.819824
71.259552
184.165192
329.659424
439.819611
87.259598
184.165161
345.659668
439.819794
103.259537
184.165207
361.659454
439.819580
119.259628
184.165161
377.659760
439.819763
135.259613
184.165344
393.659546
439.819519
151.259430
184.165771
409.659546
439.819702
167.260406
184.167847
425.659180
439.818329
183.266876
184.168213
441.662598
439.820404
-239.746582
-238.916016
272.035950
273.852814
-207.733414
-238.904114
304.037994
273.860168
-175.735382
-238.904114
336.037506
273.861328
-143.734985
-238.903961
368.037292
273.861420
-111.735397
-238.902679
400.038116
273.861572
-79.735535
-238.903168
432.037811
273.862122
-47.736008
-238.902771
464.037964
273.861816
-15.736069
-238.902618
496.038269
273.861206
16.265015
-238.901413
528.037964
273.859894
48.260788
-238.892288
560.026306
273.861938
-239.739761
-206.903046
272.039276
305.843536
-207.724121
-206.890228
304.036713
305.844543
-175.724365
-206.889740
336.036407
305.845123
-143.724045
-206.890228
368.036102
305.845612
-111.724792
-206.888367
400.037384
305.845764
-79.724747
-206.888550
432.036652
305.846069
-47.724380
-206.887833
464.036469
305.846344
-15.723602
-206.887253
496.036865
305.846100
16.276794
-206.887558
528.037231
305.842468
48.277115
-206.885834
560.037598
305.851624
-239.739105
-174.905304
272.042816
337.843628
-207.720581
-174.893280
304.041504
337.843536
-175.719696
-174.892654
336.040466
337.844421
-143.718719
-174.892944
368.040924
337.844177
-111.718750
-174.891113
400.042419
337.844269
-79.718536
-174.891388
432.041626
337.844208
-47.718262
-174.890854
464.041199
337.843964
-15.718353
-174.890594
496.041931
337.843750
16.281723
-174.889832
528.042480
337.840851
48.279404
-174.887787
560.040649
337.849915
-239.739258
-142.905319
272.044006
369.845062
-207.721375
-142.892883
304.041626
369.844696
-175.720001
-142.891571
336.040802
369.845673
-143.718994
-142.892227
368.041107
369.844543
-111.719238
-142.890610
400.042603
369.844696
-79.718567
-142.891144
432.041443
369.844543
-47.718735
-142.890198
464.041321
369.844238
-15.718384
-142.889938
496.041565
369.843964
16.280975
-142.889404
528.042419
369.840820
48.279419
-142.887589
560.040344
369.849762
-239.739868
-110.904831
272.043274
401.843903
-207.722015
-110.893768
304.042053
401.843567
-175.721100
-110.892426
336.041656
401.844360
-143.720901
-110.892960
368.041840
401.843414
-111.721008
-110.890762
400.042664
401.843567
-79.720917
-110.891296
432.041687
401.843750
-47.720551
-110.890244
464.041504
401.843231
-15.720093
-110.890198
496.041656
401.842896
16.279495
-110.889145
528.043457
401.839752
48.279358
-110.887970
560.040283
401.849548
-239.739944
-78.904541
272.042603
433.842926
-207.722504
-78.893738
304.042145
433.842499
-175.721725
-78.892670
336.041748
433.842957
-143.721481
-78.892792
368.041809
433.842499
-111.721512
-78.891266
400.042145
433.842529
-79.721161
-78.891602
432.041748
433.842468
-47.720245
-78.890610
464.041412
433.841736
-15.720505
-78.890396
496.041504
433.841156
16.279663
-78.889175
528.043213
433.837860
48.279205
-78.887558
560.040527
433.848145
-239.739243
-46.904373
272.043030
465.843048
-207.721542
-46.894577
304.041779
465.841980
-175.720657
-46.893097
336.041229
465.842438
-143.720261
-46.893723
368.040771
465.842041
-111.720932
-46.892410
400.042175
465.841492
-79.720108
-46.892822
432.041321
465.841736
-47.720123
-46.891678
464.041504
465.840607
-15.719788
-46.890991
496.041687
465.840332
16.280350
-46.889938
528.043213
465.837646
48.279266
-46.887848
560.041626
465.848267
-239.738678
-14.904083
272.041870
497.842896
-207.721497
-14.893417
304.041382
497.841034
-175.720322
-14.891815
336.040100
497.842285
-143.720245
-14.892761
368.040009
497.841339
-111.720367
-14.891678
400.041565
497.841064
-79.720261
-14.891693
432.040710
497.841339
-47.719757
-14.890213
464.041168
497.840118
-15.719131
-14.889771
496.041412
497.839935
16.281067
-14.888489
528.042725
497.837341
48.280182
-14.887756
560.041260
497.848572
-239.739166
17.097305
272.040344
529.840820
-207.722290
17.107132
304.041870
529.839355
-175.721680
17.108810
336.041504
529.840027
-143.721680
17.108627
368.041595
529.839355
-111.721741
17.109848
400.042694
529.839233
-79.722046
17.109802
432.041687
529.839844
-47.721588
17.111176
464.042542
529.838928
-15.721466
17.110458
496.041870
529.838745
16.279526
17.111465
528.042847
529.837036
48.280441
17.111771
560.042358
529.848389
-239.730362
49.103729
272.045624
561.845825
-207.724503
49.111893
304.053192
561.844482
-175.723602
49.110825
336.053192
561.846436
-143.723831
49.110916
368.053741
561.846130
-111.723602
49.111969
400.053955
561.845947
-79.723755
49.111755
432.053558
561.846008
-47.723633
49.111389
464.053864
561.844971
-15.723404
49.111206
496.053864
561.844360
16.276276
49.112900
528.055176
561.843567
48.275833
49.116714
560.061462
561.848511
