-59.430443
-60.895477
68.697250
68.942574
-51.414574
-60.864639
76.743187
68.932503
-43.416100
-60.869904
84.744698
68.933334
-35.413990
-60.869507
92.743187
68.935028
-27.414982
-60.870171
100.744644
68.934464
-19.414154
-60.870041
108.742378
68.935341
-11.415138
-60.870575
116.744568
68.934769
-3.414310
-60.870377
124.742638
68.935455
4.584885
-60.870514
132.744659
68.934799
12.585732
-60.870361
140.742630
68.935501
20.584854
-60.870506
148.744690
68.934738
28.585712
-60.870369
156.742661
68.935486
36.584835
-60.870514
164.744629
68.934753
44.585701
-60.870399
172.742661
68.935493
52.584873
-60.870461
180.744705
68.934746
60.585701
-60.870338
188.742615
68.935509
68.584877
-60.870537
196.744675
68.934769
76.585709
-60.870377
204.742645
68.935509
84.584785
-60.870476
212.744766
68.934799
92.585678
-60.870422
220.742661
68.935524
100.584694
-60.870186
228.744904
68.934685
108.585617
-60.870270
236.742676
68.935318
116.584869
-60.870354
244.744507
68.934784
124.585655
-60.870392
252.742828
68.935501
132.584854
-60.870544
260.744629
68.934753
140.585754
-60.870415
268.742645
68.935547
148.584885
-60.870506
276.744690
68.934784
156.585770
-60.870392
284.742676
68.935524
164.584915
-60.870544
292.744659
68.934776
172.585739
-60.870399
300.742676
68.935547
180.584915
-60.870506
308.744659
68.934784
188.585800
-60.870377
316.742645
68.935524
196.584976
-60.870514
324.744629
68.934738
204.585831
-60.870338
332.742676
68.935516
212.584991
-60.870529
340.744690
68.934700
220.585846
-60.870354
348.742706
68.935501
228.585068
-60.870682
356.744934
68.935081
236.585190
-60.869476
364.740356
68.932770
244.579895
-60.878334
372.748657
68.942360
252.583099
-60.894600
380.669922
68.930695
-59.405136
-52.847984
68.711624
77.011993
-51.438911
-52.835983
76.748955
76.993095
-43.443638
-52.846611
84.747696
76.991203
-35.444202
-52.846306
92.745056
76.992004
-27.444836
-52.845497
100.749199
76.991852
-19.444469
-52.845749
108.744644
76.991829
-11.444855
-52.845642
116.749214
76.991852
-3.444538
-52.846024
124.744720
76.991768
4.555313
-52.845802
132.748932
76.991928
12.555511
-52.846085
140.744705
76.991898
20.555374
-52.845810
148.748993
76.991928
28.555523
-52.846054
156.744720
76.991867
36.555374
-52.845802
164.748962
76.991959
44.555504
-52.846085
172.744751
76.991867
52.555313
-52.845810
180.748901
76.991905
60.555538
-52.846107
188.744659
76.991936
68.555328
-52.845863
196.748901
76.991951
76.555511
-52.846069
204.744690
76.991913
84.555328
-52.845818
212.748962
76.992050
92.555511
-52.846176
220.744568
76.992027
100.555359
-52.846077
228.749146
76.992363
108.555435
-52.846054
236.744415
76.992050
116.555267
-52.845978
244.748810
76.992020
124.555527
-52.846146
252.744705
76.991982
132.555359
-52.845894
260.748810
76.992020
140.555573
-52.846184
268.744690
76.991867
148.555450
-52.845810
276.748962
76.991898
156.555542
-52.846062
284.744659
76.991821
164.555389
-52.845703
292.748993
76.991837
172.555573
-52.845993
300.744781
76.991806
180.555435
-52.845703
308.749023
76.991890
188.555573
-52.846024
316.744812
76.991829
196.555435
-52.845634
324.749023
76.991791
204.555618
-52.845963
332.744873
76.991837
212.555435
-52.845612
340.749054
76.991829
220.555664
-52.846024
348.744904
76.991676
228.555328
-52.845940
356.748962
76.992081
236.556549
-52.846802
364.746368
76.993469
244.549713
-52.848442
372.743256
76.993973
252.547760
-52.851448
380.633545
76.913002
-59.408779
-44.855125
68.713318
85.014740
-51.439445
-44.832977
76.756203
84.991302
-43.440628
-44.840141
84.748840
84.995705
-35.441982
-44.839287
92.748924
84.995918
-27.442829
-44.837952
100.749985
84.995544
-19.442253
-44.839722
108.748138
84.996094
-11.443184
-44.838562
116.749908
84.995651
-3.442276
-44.840340
124.748131
84.996201
4.557014
-44.839012
132.749695
84.995850
12.557728
-44.840309
140.747864
84.996330
20.557007
-44.838974
148.749802
84.995789
28.557701
-44.840309
156.747955
84.996346
36.556976
-44.839005
164.749817
84.995827
44.557716
-44.840332
172.748016
84.996422
52.556942
-44.839027
180.749725
84.995880
60.557724
-44.840317
188.747986
84.996361
68.557022
-44.839058
196.749878
84.995911
76.557678
-44.840286
204.747910
84.996445
84.556923
-44.839119
212.749664
84.995987
92.557632
-44.840363
220.747833
84.996475
100.556976
-44.839218
228.749573
84.995918
108.557785
-44.840347
236.747803
84.996506
116.557114
-44.839104
244.749680
84.995934
124.557816
-44.840439
252.748001
84.996475
132.557129
-44.839119
260.749725
84.995895
140.557831
-44.840309
268.748047
84.996414
148.557022
-44.838989
276.749817
84.995773
156.557831
-44.840286
284.748016
84.996361
164.557068
-44.838898
292.749908
84.995712
172.557739
-44.840309
300.748077
84.996254
180.556976
-44.838928
308.749817
84.995720
188.557739
-44.840286
316.748108
84.996292
196.556946
-44.838867
324.750000
84.995689
204.557709
-44.840195
332.748047
84.996223
212.556976
-44.838806
340.749939
84.995651
220.557678
-44.840042
348.748260
84.996109
228.556915
-44.839127
356.749878
84.996056
236.559509
-44.839104
364.750793
84.995766
244.550613
-44.840576
372.747559
85.001251
252.545898
-44.841728
380.636688
84.922379
-59.405830
-36.854218
68.714561
93.013329
-51.438267
-36.829575
76.755920
92.986938
-43.439751
-36.837112
84.752014
92.990379
-35.441086
-36.834480
92.750542
92.991455
-27.442314
-36.834396
100.753571
92.990868
-19.441635
-36.834808
108.749771
92.991432
-11.442474
-36.834602
116.753212
92.990974
-3.441715
-36.835289
124.749451
92.991455
4.557438
-36.835228
132.752670
92.991241
12.558212
-36.835327
140.749146
92.991547
20.557495
-36.835152
148.752701
92.991119
28.558220
-36.835236
156.749130
92.991486
36.557480
-36.835121
164.752731
92.991112
44.558174
-36.835274
172.749146
92.991508
52.557472
-36.835175
180.752716
92.991096
60.558292
-36.835358
188.749176
92.991539
68.557518
-36.835281
196.752808
92.991165
76.558250
-36.835472
204.749176
92.991653
84.557518
-36.835381
212.752655
92.991203
92.558388
-36.835609
220.749268
92.991653
100.557617
-36.835579
228.752792
92.991287
108.558365
-36.835739
236.749237
92.991692
116.557724
-36.835518
244.752808
92.991196
124.558426
-36.835724
252.749268
92.991570
132.557724
-36.835426
260.752869
92.991081
140.558472
-36.835670
268.749329
92.991539
148.557709
-36.835289
276.752930
92.991058
156.558441
-36.835495
284.749359
92.991425
164.557709
-36.835167
292.752991
92.991020
172.558304
-36.835251
300.749451
92.991394
180.557541
-36.835037
308.752899
92.990860
188.558243
-36.835266
316.749359
92.991325
196.557465
-36.835030
324.752808
92.990952
204.558105
-36.835289
332.749207
92.991371
212.557419
-36.835098
340.752716
92.990868
220.558136
-36.835312
348.749359
92.991333
228.557404
-36.835594
356.752502
92.991318
236.560486
-36.835411
364.751770
92.991219
244.551147
-36.836914
372.751465
92.997673
252.544708
-36.839905
380.637665
92.919785
-59.408051
-28.854996
68.713783
101.014641
-51.438168
-28.829605
76.756157
100.988991
-43.439663
-28.836952
84.750824
100.992432
-35.442062
-28.834015
92.750748
100.993538
-27.442764
-28.833847
100.752457
100.992363
-19.442345
-28.834450
108.750221
100.993706
-11.442760
-28.834038
116.752060
100.992447
-3.442318
-28.834671
124.749992
100.993896
4.557156
-28.834846
132.751877
100.992767
12.557705
-28.834862
140.749603
100.993973
20.557301
-28.834763
148.751984
100.992668
28.557716
-28.834824
156.749695
100.993942
36.557297
-28.834778
164.751984
100.992691
44.557747
-28.834908
172.749725
100.994080
52.557247
-28.834816
180.751953
100.992714
60.557777
-28.834869
188.749786
100.994011
68.557312
-28.834839
196.751984
100.992729
76.557724
-28.834892
204.749802
100.994049
84.557327
-28.834862
212.752014
100.992683
92.557770
-28.834885
220.749786
100.994003
100.557297
-28.834892
228.752075
100.992645
108.557770
-28.834969
236.749817
100.993958
116.557373
-28.834908
244.752014
100.992622
124.557823
-28.834885
252.749847
100.993896
132.557373
-28.834824
260.752014
100.992592
140.557800
-28.834816
268.749908
100.993835
148.557434
-28.834717
276.752167
100.992470
156.557846
-28.834755
284.749908
100.993805
164.557327
-28.834579
292.752106
100.992439
172.557770
-28.834770
300.749908
100.993828
180.557251
-28.834656
308.752106
100.992523
188.557724
-28.834778
316.749817
100.993912
196.557205
-28.834702
324.752075
100.992554
204.557739
-28.834724
332.749847
100.993973
212.557114
-28.834633
340.752136
100.992554
220.557495
-28.834579
348.749878
100.993561
228.556763
-28.834900
356.751740
100.992691
236.559326
-28.834450
364.752075
100.993271
244.550140
-28.836884
372.751160
100.999527
252.544800
-28.839111
380.637054
100.920914
-59.405834
-20.854332
68.714050
109.013626
-51.437801
-20.829071
76.755875
108.986641
-43.439369
-20.836639
84.751663
108.989983
-35.441143
-20.833351
92.750183
108.991028
-27.442535
-20.833252
100.753662
108.990234
-19.441666
-20.833618
108.750015
108.990952
-11.442623
-20.832993
116.753357
108.989891
-3.441628
-20.833900
124.749687
108.990761
4.557587
-20.833542
132.753265
108.990181
12.558495
-20.834122
140.749603
108.991013
20.557613
-20.833588
148.753220
108.990196
28.558506
-20.834145
156.749588
108.990974
36.557613
-20.833633
164.753204
108.990204
44.558445
-20.834152
172.749603
108.990974
52.557587
-20.833694
180.753204
108.990234
60.558487
-20.834160
188.749512
108.991028
68.557632
-20.833672
196.753235
108.990318
76.558502
-20.834282
204.749527
108.991173
84.557541
-20.833748
212.753143
108.990349
92.558540
-20.834435
220.749420
108.991287
100.557587
-20.833916
228.753067
108.990646
108.558495
-20.834549
236.749359
108.991432
116.557648
-20.834015
244.753021
108.990593
124.558517
-20.834480
252.749496
108.991348
132.557587
-20.833893
260.753082
108.990448
140.558533
-20.834427
268.749573
108.991211
148.557648
-20.833748
276.753174
108.990349
156.558502
-20.834236
284.749634
108.991119
164.557617
-20.833649
292.753296
108.990280
172.558472
-20.834167
300.749573
108.990990
180.557617
-20.833611
308.753174
108.990143
188.558472
-20.834053
316.749573
108.990845
196.557678
-20.833618
324.753235
108.990067
204.558441
-20.834160
332.749481
108.990768
212.557709
-20.833755
340.753235
108.990105
220.558502
-20.834274
348.749542
108.991104
228.557083
-20.834419
356.752319
108.990814
236.560516
-20.834625
364.751770
108.991180
244.550980
-20.836594
372.751984
108.998177
252.544571
-20.839027
380.637726
108.919884
-59.407921
-12.854866
68.713852
117.014923
-51.438274
-12.829483
76.756287
116.988976
-43.439632
-12.836868
84.750648
116.992157
-35.442146
-12.833679
92.750526
116.993134
-27.442955
-12.833412
100.752663
116.991928
-19.442589
-12.833931
108.750565
116.993362
-11.443027
-12.833496
116.752502
116.992142
-3.442852
-12.834076
124.750168
116.993233
4.557049
-12.834007
132.752640
116.992256
12.557327
-12.834167
140.749908
116.993370
20.556999
-12.833984
148.752502
116.992287
28.557350
-12.834160
156.749939
116.993439
36.556938
-12.833954
164.752472
116.992310
44.557274
-12.834106
172.749863
116.993423
52.556927
-12.833954
180.752487
116.992340
60.557255
-12.834091
188.749725
116.993530
68.557014
-12.833984
196.752533
116.992332
76.557312
-12.834129
204.749908
116.993538
84.556885
-12.834030
212.752426
116.992332
92.557243
-12.834061
220.749817
116.993439
100.556984
-12.834145
228.752289
116.992264
108.557419
-12.834160
236.749802
116.993340
116.557137
-12.833977
244.752441
116.992172
124.557442
-12.834152
252.749939
116.993408
132.557037
-12.834000
260.752411
116.992210
140.557404
-12.834091
268.749939
116.993324
148.557022
-12.834023
276.752502
116.992180
156.557373
-12.834061
284.749908
116.993340
164.557007
-12.833878
292.752533
116.992195
172.557281
-12.834061
300.750031
116.993332
180.557007
-12.833931
308.752472
116.992226
188.557312
-12.834061
316.750031
116.993393
196.557022
-12.833969
324.752502
116.992310
204.557236
-12.834160
332.749878
116.993454
212.556931
-12.834068
340.752380
116.992302
220.557327
-12.834297
348.749664
116.993378
228.556793
-12.834534
356.751831
116.992706
236.558914
-12.834198
364.751862
116.993073
244.550369
-12.837036
372.751526
116.999847
252.544617
-12.838768
380.636902
116.920815
-59.405819
-4.854271
68.714104
125.013710
-51.438087
-4.829086
76.756050
124.986984
-43.439663
-4.836578
84.751419
124.989914
-35.441002
-4.833435
92.749657
124.990768
-27.442703
-4.832878
100.753601
124.989937
-19.441841
-4.833382
108.749939
124.990814
-11.442791
-4.832817
116.753380
124.990021
-3.441833
-4.833534
124.749542
124.990898
4.557323
-4.833130
132.753494
124.990158
12.558342
-4.833740
140.749695
124.991066
20.557243
-4.833138
148.753372
124.990189
28.558315
-4.833633
156.749741
124.991005
36.557190
-4.833160
164.753250
124.990227
44.558235
-4.833687
172.749664
124.991005
52.557175
-4.833176
180.753113
124.990211
60.558327
-4.833611
188.749573
124.991013
68.557236
-4.833046
196.753357
124.990189
76.558342
-4.833679
204.749771
124.991104
84.557159
-4.833054
212.753296
124.990273
92.558289
-4.833710
220.749664
124.991127
100.557343
-4.833168
228.753479
124.990341
108.558372
-4.833794
236.749939
124.991028
116.557327
-4.833191
244.753479
124.990074
124.558395
-4.833641
252.749847
124.991081
132.557281
-4.833076
260.753479
124.990196
140.558334
-4.833694
268.749725
124.991058
148.557312
-4.833069
276.753387
124.990219
156.558319
-4.833618
284.749786
124.990982
164.557266
-4.833092
292.753448
124.990204
172.558289
-4.833626
300.749725
124.991066
180.557251
-4.833237
308.753357
124.990204
188.558395
-4.833633
316.749756
124.991043
196.557327
-4.833321
324.753448
124.990364
204.558289
-4.833817
332.749664
124.991104
212.557236
-4.833397
340.753357
124.990303
220.558380
-4.833748
348.749756
124.990997
228.556900
-4.833839
356.752625
124.990623
236.560089
-4.834259
364.751892
124.991020
244.550842
-4.836487
372.752289
124.997688
252.544586
-4.839287
380.637756
124.919586
-59.408115
3.145149
68.713791
133.015045
-51.438614
3.170418
76.756203
132.989212
-43.439865
3.162605
84.750641
132.992233
-35.442028
3.166290
92.750221
132.993118
-27.442890
3.166718
100.752617
132.991608
-19.442661
3.166229
108.750381
132.993042
-11.442890
3.166740
116.752304
132.991821
-3.442753
3.166245
124.750130
132.993011
4.557152
3.166550
132.752533
132.991760
12.557415
3.166206
140.750259
132.992844
20.557156
3.166473
148.752686
132.991669
28.557404
3.166306
156.750229
132.992798
36.557129
3.166496
164.752625
132.991730
44.557423
3.166290
172.750351
132.992905
52.556984
3.166336
180.752609
132.991669
60.557339
3.166260
188.750107
132.992706
68.556992
3.166458
196.752701
132.991608
76.557297
3.166382
204.750153
132.992798
84.556870
3.166298
212.752655
132.991653
92.557266
3.166405
220.750214
132.992752
100.557106
3.166298
228.752777
132.991791
108.557365
3.166199
236.750427
132.992935
116.557175
3.166328
244.752945
132.991730
124.557343
3.166321
252.750107
132.993011
132.557007
3.166412
260.752838
132.991791
140.557343
3.166344
268.750244
132.992859
148.557007
3.166359
276.752686
132.991669
156.557312
3.166298
284.750183
132.992859
164.557022
3.166389
292.752563
132.991638
172.557404
3.166206
300.750122
132.992950
180.557159
3.166397
308.752686
132.991638
188.557404
3.166206
316.750244
132.992767
196.557007
3.166443
324.752655
132.991562
204.557343
3.166229
332.750031
132.992798
212.557037
3.166451
340.752655
132.991730
220.557236
3.166252
348.750122
132.992889
228.556580
3.165993
356.752045
132.992203
236.558685
3.165794
364.752075
132.992813
244.549881
3.162926
372.751587
132.999481
252.544800
3.160904
380.637024
132.920898
-59.405983
11.145691
68.713959
141.013855
-51.438457
11.170914
76.755730
140.987213
-43.439739
11.162621
84.751617
140.990112
-35.440990
11.166214
92.749115
140.990936
-27.442516
11.166931
100.753815
140.989761
-19.441826
11.166496
108.749771
140.990707
-11.442604
11.167191
116.753380
140.989960
-3.441868
11.166504
124.749649
140.990585
4.557575
11.167328
132.753799
140.989929
12.558193
11.166443
140.750015
140.990662
20.557426
11.167229
148.753845
140.990021
28.558384
11.166641
156.750183
140.990753
36.557281
11.167114
164.753754
140.989990
44.558365
11.166481
172.750290
140.990723
52.557308
11.167191
180.753708
140.990158
60.558193
11.166595
188.750031
140.990738
68.557159
11.167084
196.753357
140.990021
76.558243
11.166519
204.749771
140.990814
84.557053
11.167076
212.753510
140.990021
92.558060
11.166458
220.749832
140.990677
100.557259
11.167038
228.753586
140.990067
108.558258
11.166412
236.750183
140.990723
116.557388
11.167145
244.753891
140.989853
124.558167
11.166519
252.749756
140.990662
132.557281
11.167206
260.753784
140.989899
140.558197
11.166656
268.749878
140.990631
148.557312
11.167160
276.753662
140.989883
156.558258
11.166634
284.749878
140.990677
164.557343
11.167068
292.753662
140.989853
172.558426
11.166550
300.749725
140.990570
180.557556
11.166977
308.753845
140.989807
188.558334
11.166542
316.749817
140.990479
196.557312
11.166946
324.753540
140.989777
204.558273
11.166557
332.749542
140.990540
212.557312
11.167091
340.753357
140.989761
220.558243
11.166634
348.749756
140.990479
228.557007
11.166412
356.752960
140.990295
236.559906
11.165749
364.751801
140.990692
244.550537
11.163490
372.751984
140.997589
252.544678
11.160240
380.638000
140.919785
-59.408112
19.145180
68.713745
149.015167
-51.438694
19.170586
76.755699
148.989365
-43.440125
19.162170
84.750916
148.992493
-35.442123
19.166031
92.749657
148.993042
-27.442955
19.166557
100.752869
148.991592
-19.442825
19.166283
108.750237
148.992950
-11.443329
19.166710
116.752617
148.991547
-3.443375
19.166306
124.750038
148.992493
4.556728
19.166748
132.752899
148.991364
12.556801
19.166290
140.749969
148.992554
20.556713
19.166672
148.752991
148.991394
28.556870
19.166451
156.750214
148.992416
36.556740
19.166595
164.752808
148.991440
44.557201
19.166275
172.750366
148.992493
52.556961
19.166687
180.752563
148.991745
60.557308
19.166466
188.750549
148.992950
68.556633
19.166473
196.752502
148.991806
76.556976
19.166656
204.750092
148.992691
84.556694
19.166473
212.752838
148.991745
92.556992
19.166397
220.750336
148.992676
100.556793
19.166496
228.753021
148.991577
108.556847
19.166817
236.750397
148.992767
116.556595
19.166397
244.753342
148.991470
124.556976
19.166428
252.749985
148.992737
132.556549
19.166397
260.752899
148.991608
140.557205
19.166420
268.750122
148.992676
148.556900
19.166672
276.753082
148.991653
156.557312
19.166565
284.750488
148.992950
164.556900
19.166756
292.753204
148.991791
172.557465
19.166595
300.750488
148.993011
180.556915
19.166748
308.753204
148.991699
188.557251
19.166435
316.750488
148.992981
196.556732
19.166740
324.752930
148.991776
204.557220
19.166512
332.750397
148.992859
212.556747
19.166740
340.752991
148.991699
220.557205
19.166595
348.750519
148.993011
228.556442
19.166069
356.752502
148.992310
236.558609
19.166214
364.752411
148.992798
244.550034
19.163353
372.751099
148.999512
252.544647
19.160652
380.637512
148.921265
-59.405968
27.145683
68.713928
157.014023
-51.438255
27.171112
76.755226
156.987305
-43.439808
27.162285
84.751862
156.990692
-35.441185
27.166145
92.748810
156.990631
-27.442402
27.166573
100.753441
156.989853
-19.441891
27.166466
108.749641
156.990723
-11.443329
27.166649
116.752945
156.990143
-3.442547
27.166245
124.749580
156.990814
4.556629
27.166542
132.752350
156.990158
12.557850
27.166504
140.749405
156.990723
20.556751
27.166580
148.752655
156.990173
28.557743
27.166618
156.749390
156.990768
36.556690
27.166557
164.752716
156.990204
44.558144
27.166466
172.749695
156.990662
52.557304
27.166977
180.752655
156.989685
60.558228
27.166855
188.749771
156.990753
68.556656
27.167152
196.753082
156.990143
76.557755
27.166710
204.749420
156.990738
84.556458
27.166924
212.752792
156.990112
92.557915
27.166565
220.749908
156.990601
100.556763
27.166824
228.753052
156.990021
108.557648
27.166801
236.748962
156.990906
116.556885
27.166580
244.753571
156.990356
124.557449
27.166641
252.749023
156.991043
132.556366
27.166252
260.753357
156.989990
140.558105
27.166481
268.749329
156.990753
148.556778
27.166573
276.752991
156.989716
156.558228
27.166435
284.749390
156.990509
164.556961
27.166641
292.753113
156.989716
172.558167
27.166451
300.749420
156.990479
180.556931
27.166656
308.753357
156.989807
188.557953
27.166565
316.749512
156.990540
196.556747
27.166451
324.753143
156.989746
204.558044
27.166275
332.749481
156.990692
212.556824
27.166412
340.752991
156.989716
220.557968
27.166298
348.749573
156.990601
228.556549
27.165955
356.752594
156.990295
236.559540
27.165840
364.751831
156.990265
244.550644
27.163651
372.750916
156.997437
252.544617
27.160675
380.638153
156.919647
-59.407997
35.145248
68.713646
165.015305
-51.438515
35.170372
76.755508
164.989365
-43.440105
35.161926
84.750832
164.992630
-35.441982
35.165916
92.749786
164.992523
-27.442402
35.166039
100.752678
164.991486
-19.442650
35.166046
108.749771
164.993103
-11.443031
35.165779
116.752487
164.992279
-3.443130
35.165611
124.749741
164.993469
4.556877
35.165100
132.752289
164.992615
12.557022
35.165009
140.749451
164.993790
20.556786
35.165054
148.752121
164.992844
28.556644
35.164963
156.748993
164.993729
36.556793
35.164963
164.751663
164.992676
44.557373
35.164848
172.749542
164.993530
52.557129
35.165535
180.752289
164.991669
60.557171
35.165611
188.749390
164.993683
68.556076
35.166084
196.752213
164.992371
76.556572
35.165581
204.749527
164.993378
84.556335
35.165817
212.751495
164.992401
92.556671
35.165649
220.749664
164.992798
100.556190
35.165436
228.750946
164.991669
108.557129
35.166412
236.748688
164.993073
116.557037
35.165482
244.752853
164.992645
124.556519
35.165558
252.749115
164.993942
132.556549
35.165527
260.752563
164.992432
140.556915
35.165154
268.749542
164.993561
148.556808
35.165527
276.752380
164.992126
156.557129
35.165642
284.749908
164.993408
164.556824
35.165840
292.752502
164.991882
172.557312
35.165909
300.750244
164.993073
180.556671
35.165985
308.752625
164.991699
188.556915
35.165993
316.750122
164.992981
196.556747
35.166000
324.752625
164.991638
204.557251
35.165840
332.750061
164.993103
212.556839
35.165977
340.752686
164.991760
220.557007
35.165833
348.749908
164.993195
228.556656
35.165352
356.752319
164.992493
236.558563
35.165833
364.752380
164.992767
244.550751
35.163086
372.750885
164.999603
252.544617
35.160522
380.637177
164.920380
-59.406063
43.145706
68.713806
173.014221
-51.438076
43.171127
76.755753
172.987396
-43.440067
43.162346
84.751358
172.990677
-35.441055
43.166168
92.749680
172.991379
-27.442245
43.166267
100.753128
172.990631
-19.441784
43.166199
108.749542
172.991409
-11.442604
43.166100
116.753502
172.990997
-3.442081
43.165451
124.748955
172.991974
4.557194
43.165298
132.752441
172.991486
12.558327
43.164711
140.748749
172.992523
20.557312
43.165070
148.752243
172.991959
28.558472
43.164604
156.748764
172.992798
36.557442
43.164879
164.752319
172.991516
44.558868
43.164726
172.749146
172.992096
52.557297
43.165527
180.752823
172.990494
60.558487
43.165413
188.748734
172.991791
68.556793
43.166115
196.752533
172.991699
76.557732
43.165886
204.749237
172.992645
84.556656
43.165390
212.751648
172.992188
92.558044
43.165215
220.749283
172.992096
100.556686
43.164810
228.750977
172.990601
108.558548
43.166412
236.747513
172.991028
116.557343
43.165260
244.753418
172.991013
124.557526
43.166145
252.748077
172.991577
132.557404
43.165276
260.753387
172.991852
140.557831
43.165512
268.748260
172.991821
148.557617
43.165062
276.752808
172.991302
156.558212
43.165466
284.748871
172.991821
164.557541
43.165154
292.752899
172.991226
172.558380
43.165756
300.749237
172.991486
180.557358
43.165092
308.752716
172.991196
188.557953
43.165939
316.748688
172.991486
196.557617
43.165253
324.752991
172.991150
204.558228
43.165558
332.748932
172.991699
212.557465
43.165237
340.752960
172.991150
220.558228
43.165619
348.749054
172.991714
228.557220
43.164635
356.752686
172.991608
236.560364
43.164993
364.751801
172.991852
244.551437
43.161797
372.750671
172.999039
252.545074
43.160347
380.637756
172.919586
-59.408195
51.145264
68.713356
181.015442
-51.438473
51.170250
76.756172
180.989868
-43.440388
51.161774
84.749931
180.992462
-35.441856
51.165436
92.749969
180.993515
-27.442490
51.166046
100.752739
180.992676
-19.442596
51.165703
108.749969
180.993805
-11.442867
51.165596
116.752533
180.992645
-3.442844
51.165665
124.749504
180.993515
4.556988
51.165337
132.752151
180.992554
12.557255
51.165451
140.749435
180.993713
20.556911
51.165329
148.751724
180.992401
28.557430
51.165428
156.749603
180.993408
36.557259
51.165222
164.752014
180.992371
44.557800
51.165161
172.749603
180.993759
52.557373
51.165390
180.752716
180.992233
60.557648
51.165543
188.749298
180.993729
68.556419
51.165657
196.751587
180.993469
76.557022
51.165260
204.749496
180.995148
84.556831
51.163994
212.750549
180.993759
92.557846
51.163872
220.749329
180.995163
100.556732
51.164047
228.751312
180.992706
108.557693
51.164955
236.748077
180.993622
116.556915
51.164871
244.752579
180.992996
124.556725
51.165009
252.748627
180.994415
132.556732
51.164413
260.752075
180.994064
140.557007
51.164062
268.748962
180.994843
148.557129
51.163857
276.751221
180.993683
156.557327
51.163940
284.749084
180.994827
164.557251
51.164024
292.751404
180.993622
172.557556
51.164238
300.749390
180.994568
180.556854
51.164299
308.750977
180.993744
188.557037
51.164658
316.749268
180.994507
196.557190
51.164177
324.751556
180.993469
204.557205
51.164284
332.749054
180.994675
212.557053
51.164238
340.751648
180.993591
220.557236
51.164345
348.749207
180.994843
228.556793
51.163773
356.751526
180.994370
236.559021
51.164116
364.751892
180.994629
244.551376
51.161407
372.749695
181.000992
252.545563
51.160240
380.637115
180.920837
-59.406258
59.145645
68.713516
189.014465
-51.438286
59.170853
76.755577
188.987885
-43.439770
59.162033
84.751572
188.990204
-35.440491
59.165802
92.749054
188.991058
-27.442135
59.166771
100.753708
188.990326
-19.441563
59.166290
108.749763
188.991028
-11.442574
59.166603
116.753815
188.990341
-3.441669
59.166504
124.749359
188.990891
4.557152
59.166695
132.753357
188.990265
12.558147
59.166069
140.749390
188.991196
20.557095
59.166611
148.753036
188.990417
28.558132
59.166016
156.749466
188.991257
36.557121
59.166504
164.753021
188.990570
44.558411
59.165833
172.749298
188.991425
52.557281
59.166382
180.753418
188.990479
60.557907
59.165985
188.749405
188.991470
68.556702
59.165985
196.752411
188.991333
76.558327
59.164764
204.748810
188.992874
84.557571
59.164948
212.751846
188.992035
92.559113
59.164314
220.748581
188.992386
100.558044
59.164963
228.752808
188.991577
108.559097
59.165825
236.748093
188.991547
116.557220
59.165199
244.753021
188.991287
124.557602
59.165398
252.748627
188.992310
132.557312
59.164619
260.752747
188.992859
140.558090
59.164764
268.748230
188.992798
148.557709
59.164185
276.752533
188.992325
156.558609
59.164406
284.748322
188.992691
164.557831
59.164185
292.752686
188.992249
172.558578
59.164574
300.748901
188.992477
180.557648
59.164497
308.752014
188.992249
188.558151
59.164963
316.748779
188.992401
196.557755
59.164375
324.752625
188.992111
204.558441
59.164490
332.748413
188.992554
212.557648
59.164383
340.752594
188.992157
220.558548
59.164558
348.748596
188.992676
228.557404
59.163780
356.752350
188.992844
236.560608
59.164169
364.751526
188.992889
244.551788
59.161644
372.750397
188.999146
252.545319
59.159973
380.637817
188.919403
-59.408230
67.145210
68.713188
197.015778
-51.438656
67.170013
76.755531
196.990204
-43.440018
67.161987
84.750931
196.992310
-35.441170
67.165245
92.749794
196.993286
-27.442699
67.166519
100.752792
196.991852
-19.442471
67.166016
108.750237
196.993042
-11.442833
67.166252
116.753075
196.991959
-3.442753
67.166534
124.749939
196.992920
4.556824
67.166092
132.752899
196.992050
12.557083
67.166122
140.749878
196.993179
20.556812
67.166168
148.752563
196.992004
28.557026
67.166260
156.750061
196.993134
36.556816
67.166153
164.752686
196.992096
44.557152
67.166245
172.750031
196.993256
52.556725
67.166145
180.752869
196.992065
60.557178
67.166031
188.750122
196.993835
68.556473
67.165504
196.752396
196.993073
76.557144
67.165199
204.749969
196.994461
84.557190
67.164482
212.752319
196.993454
92.557640
67.164497
220.750031
196.994476
100.557281
67.164680
228.752228
196.993225
108.557510
67.165283
236.749268
196.993652
116.556870
67.164917
244.752014
196.992889
124.556656
67.165222
252.748871
196.994324
132.556870
67.164291
260.751709
196.993988
140.557129
67.163872
268.748962
196.994934
148.557220
67.163628
276.751282
196.993744
156.557480
67.163658
284.749054
196.994873
164.557404
67.163544
292.751648
196.993805
172.557526
67.163773
300.749481
196.994614
180.557312
67.164017
308.750946
196.993637
188.557175
67.164246
316.749573
196.994705
196.557266
67.163879
324.751740
196.993683
204.557373
67.163742
332.749084
196.994690
212.557281
67.163826
340.751648
196.993759
220.557373
67.163879
348.749207
196.994843
228.557007
67.163437
356.751434
196.994415
236.559326
67.163689
364.752045
196.994873
244.551910
67.161270
372.750061
197.001144
252.545547
67.160141
380.636993
196.920593
-59.406502
75.145515
68.713501
205.014648
-51.438030
75.171089
76.755272
204.988007
-43.440048
75.162590
84.751884
204.990509
-35.440338
75.166061
92.748810
204.991104
-27.442375
75.166580
100.753342
204.990128
-19.441578
75.166702
108.749863
204.990845
-11.442699
75.166916
116.753815
204.990189
-3.441990
75.166794
124.749344
204.990784
4.556911
75.166649
132.753357
204.990341
12.557747
75.166397
140.749252
204.991058
20.556709
75.166702
148.752747
204.990082
28.557823
75.166489
156.749313
204.990967
36.556732
75.166794
164.752777
204.990250
44.557804
75.166306
172.749100
204.991028
52.556961
75.166451
180.752838
204.990356
60.558098
75.166367
188.749344
204.991058
68.557137
75.166588
196.753143
204.990616
76.558006
75.165901
204.749481
204.991455
84.557220
75.166016
212.753113
204.990997
92.558212
75.165543
220.749237
204.991760
100.557281
75.165901
228.753143
204.991119
108.558075
75.165771
236.749390
204.991791
116.556793
75.165878
244.752838
204.991425
124.557579
75.165161
252.748962
204.992462
132.557266
75.164680
260.752716
204.992767
140.558304
75.164597
268.748230
204.992874
148.557724
75.164185
276.752563
204.992325
156.558548
75.164429
284.748199
204.992615
164.557800
75.164009
292.752716
204.992325
172.558533
75.164406
300.748657
204.992584
180.557648
75.164597
308.752197
204.991806
188.558380
75.164604
316.748901
204.992554
196.557602
75.164612
324.752808
204.992294
204.558487
75.164452
332.748505
204.992569
212.557632
75.164322
340.752563
204.992264
220.558533
75.164459
348.748627
204.992783
228.557510
75.163681
356.752350
204.992981
236.560699
75.163948
364.751678
204.993195
244.552048
75.161499
372.750580
204.999390
252.545258
75.159706
380.637512
204.919296
-59.408394
83.145142
68.713242
213.015686
-51.438610
83.170486
76.755600
212.990219
-43.440544
83.161613
84.750412
212.992859
-35.441822
83.164948
92.749550
212.993423
-27.442524
83.165810
100.752365
212.991882
-19.442574
83.165977
108.750031
212.992966
-11.443066
83.166031
116.752647
212.991943
-3.443123
83.166176
124.749802
212.992859
4.556847
83.165764
132.752472
212.992157
12.556675
83.165466
140.749481
212.993179
20.556744
83.165749
148.752151
212.991974
28.556923
83.165878
156.749405
212.993164
36.556557
83.165695
164.752029
212.992142
44.556755
83.165794
172.749329
212.993164
52.557060
83.165703
180.752350
212.991974
60.557411
83.166260
188.749649
212.992798
68.556686
83.166275
196.752472
212.991898
76.556679
83.166092
204.749573
212.993027
84.556549
83.166039
212.752060
212.992065
92.556656
83.165916
220.749420
212.993225
100.556488
83.165840
228.752014
212.992126
108.556625
83.165924
236.749191
212.993378
116.556335
83.165543
244.751740
212.992706
124.556557
83.165054
252.749252
212.994278
132.557007
83.164223
260.751617
212.994049
140.557266
83.163773
268.748901
212.995087
148.557281
83.163292
276.751648
212.993713
156.557724
83.163620
284.749237
212.994690
164.557297
83.163467
292.751312
212.993698
172.557739
83.163811
300.749084
212.994690
180.557526
83.163681
308.751801
212.993225
188.557281
83.163956
316.749451
212.994522
196.557037
83.164062
324.751831
212.993713
204.557434
83.163811
332.749268
212.994659
212.557251
83.163795
340.751587
212.993790
220.557388
83.163940
348.749298
212.994873
228.557083
83.163536
356.751556
212.994431
236.559296
83.163589
364.752258
212.994995
244.551941
83.161140
372.750122
213.001282
252.545715
83.159988
380.636932
212.920715
-59.406628
91.145691
68.713501
221.014526
-51.438557
91.171127
76.755035
220.988068
-43.440331
91.162048
84.751694
220.991089
-35.440781
91.165443
92.749062
220.991364
-27.441917
91.165977
100.753265
220.990341
-19.441582
91.166069
108.749878
220.990997
-11.442677
91.165970
116.753311
220.990784
-3.442223
91.165985
124.749176
220.990982
4.557117
91.165184
132.753174
220.990997
12.558212
91.165382
140.749023
220.991669
20.557339
91.165237
148.752670
220.991058
28.558422
91.165497
156.749023
220.991669
36.557419
91.165123
164.752701
220.991241
44.558380
91.165184
172.749268
220.991913
52.557541
91.165298
180.753189
220.990845
60.558647
91.165787
188.749359
220.991302
68.556885
91.166321
196.752304
220.990784
76.557877
91.166245
204.749054
220.991394
84.556641
91.166199
212.752106
220.990768
92.557846
91.166115
220.748718
220.991425
100.556610
91.165947
228.752106
220.990784
108.557503
91.166031
236.748383
220.991409
116.556595
91.165565
244.752029
220.991211
124.557770
91.165146
252.748627
220.992126
132.557358
91.164383
260.752350
220.992584
140.558456
91.164345
268.747986
220.992844
148.557968
91.164070
276.753143
220.992157
156.558746
91.164169
284.748535
220.992706
164.557465
91.163971
292.752289
220.992035
172.558960
91.164413
300.748383
220.992615
180.557816
91.164261
308.753235
220.992004
188.558456
91.164589
316.748688
220.992508
196.557343
91.164398
324.752563
220.992126
204.558563
91.164444
332.748566
220.992615
212.557632
91.164330
340.752594
220.992264
220.558578
91.164513
348.748627
220.992767
228.557510
91.163734
356.752380
220.993088
236.560577
91.163925
364.751831
220.993362
244.551865
91.161507
372.750244
220.999390
252.545456
91.159698
380.637543
220.919403
-59.408234
99.145401
68.713341
229.015656
-51.439255
99.170395
76.755333
228.989975
-43.440525
99.161774
84.750473
228.993195
-35.441978
99.164284
92.749947
228.993774
-27.442249
99.165466
100.751884
228.992218
-19.442169
99.165359
108.750183
228.993484
-11.442806
99.165573
116.752487
228.992767
-3.442841
99.165085
124.750038
228.994110
4.556686
99.164337
132.752014
228.993134
12.557644
99.164032
140.749146
228.994461
20.557262
99.164032
148.752136
228.992981
28.557949
99.164574
156.749619
228.993988
36.557487
99.164650
164.752060
228.993042
44.557552
99.164665
172.749756
228.994110
52.557499
99.164078
180.752945
228.992920
60.557781
99.164749
188.749710
228.994186
68.556992
99.165085
196.752014
228.992828
76.557251
99.165344
204.749725
228.993896
84.557053
99.165154
212.751907
228.992767
92.557358
99.165192
220.749496
228.994049
100.557098
99.164864
228.751984
228.993118
108.557205
99.165154
236.749237
228.994263
116.556946
99.164795
244.751755
228.993210
124.556915
99.164742
252.749466
228.994232
132.557175
99.163666
260.751404
228.993805
140.557770
99.163414
268.748810
228.995056
148.557739
99.163521
276.752167
228.993774
156.557526
99.163422
284.749512
228.994888
164.557404
99.163452
292.751556
228.993622
172.558075
99.163994
300.749115
228.994537
180.557526
99.163719
308.752502
228.993484
188.557373
99.163902
316.749237
228.994720
196.557068
99.163841
324.751770
228.993652
204.557465
99.163780
332.749207
228.994751
212.557236
99.163750
340.751617
228.993805
220.557388
99.163902
348.749298
228.994843
228.557007
99.163475
356.751526
228.994476
236.559113
99.163589
364.752197
228.995148
244.551743
99.161232
372.749725
229.001221
252.545792
99.159882
380.636780
228.920593
-59.406429
107.145889
68.713821
237.014526
-51.438759
107.171158
76.754837
236.988113
-43.439976
107.162262
84.751381
236.991318
-35.440689
107.164612
92.749321
236.992096
-27.442295
107.165329
100.752411
236.990356
-19.441544
107.165596
108.749672
236.990829
-11.442703
107.166252
116.753143
236.990891
-3.441887
107.165474
124.749428
236.991760
4.557098
107.164948
132.752670
236.991089
12.558521
107.164673
140.748718
236.992081
20.557480
107.164963
148.753006
236.991089
28.558697
107.164864
156.749298
236.991394
36.557491
107.164795
164.752625
236.990784
44.558331
107.165207
172.748840
236.991547
52.557690
107.165459
180.753082
236.991028
60.558300
107.165337
188.749115
236.991730
68.556915
107.165901
196.752548
236.990707
76.558044
107.165627
204.748886
236.991547
84.556824
107.165894
212.752167
236.990692
92.557953
107.165634
220.748505
236.991425
100.556969
107.165825
228.752228
236.990692
108.557922
107.165756
236.748352
236.991516
116.556908
107.165543
244.751999
236.991608
124.557465
107.164886
252.748352
236.992523
132.557266
107.164429
260.752228
236.992188
140.558640
107.164726
268.748230
236.992081
148.557831
107.164337
276.753296
236.991882
156.558563
107.164619
284.748688
236.992416
164.557755
107.164368
292.752686
236.991760
172.558929
107.164551
300.748627
236.992310
180.557892
107.164413
308.753326
236.992203
188.558533
107.164345
316.748505
236.992523
196.557526
107.164238
324.752594
236.992218
204.558670
107.164490
332.748566
236.992676
212.557648
107.164276
340.752625
236.992279
220.558533
107.164474
348.748657
236.992798
228.557449
107.163666
356.752441
236.993073
236.560471
107.163773
364.751404
236.993530
244.551666
107.161301
372.750214
236.999466
252.545532
107.159515
380.637360
236.919418
-59.408161
115.145935
68.713409
245.015747
-51.439499
115.170929
76.755501
244.990021
-43.440166
115.161804
84.750298
244.992920
-35.441795
115.163887
92.749962
244.993896
-27.442406
115.165627
100.752121
244.992279
-19.442360
115.165771
108.750282
244.993423
-11.443405
115.166046
116.751991
244.992279
-3.443043
115.165627
124.749939
244.993530
4.556709
115.164650
132.752029
244.992615
12.557884
115.164680
140.749115
244.993927
20.557331
115.164749
148.751846
244.992798
28.557648
115.164833
156.749725
244.994629
36.556931
115.164574
164.752075
244.992950
44.557549
115.164742
172.749329
244.993225
52.557915
115.165230
180.752289
244.992432
60.558025
115.165428
188.749786
244.994110
68.557312
115.165276
196.752411
244.992920
76.557632
115.165207
204.749649
244.994293
84.557297
115.165077
212.752075
244.993118
92.557655
115.165138
220.749420
244.994232
100.557327
115.165047
228.752258
244.992920
108.557617
115.165115
236.749344
244.994064
116.556824
115.164833
244.751282
244.993607
124.557022
115.165047
252.749268
244.994476
132.557159
115.163811
260.751923
244.993408
140.557419
115.163849
268.749207
244.994568
148.557007
115.163651
276.751740
244.993530
156.557434
115.163773
284.749268
244.994751
164.557526
115.163719
292.752136
244.993713
172.557617
115.163979
300.749115
244.994415
180.557480
115.164001
308.752380
244.993439
188.557587
115.163918
316.749451
244.994659
196.557205
115.163879
324.751831
244.993759
204.557480
115.163864
332.749359
244.994766
212.557266
115.163765
340.751648
244.993774
220.557434
115.163887
348.749359
244.994888
228.556946
115.163376
356.751526
244.994431
236.559326
115.163727
364.751770
244.995163
244.551773
115.161095
372.749878
245.001282
252.545898
115.160042
380.636719
244.920715
-59.406490
123.146370
68.713821
253.014893
-51.439175
123.171951
76.754944
252.988007
-43.440002
123.162613
84.751740
252.990967
-35.441055
123.164932
92.749077
252.991455
-27.442520
123.165672
100.752411
252.990204
-19.441525
123.165901
108.749535
252.991241
-11.442928
123.165802
116.752686
252.990967
-3.441879
123.165695
124.749146
252.991760
4.557339
123.165100
132.753143
252.991135
12.558132
123.165047
140.748627
252.991516
20.557480
123.165146
148.752808
252.990967
28.558353
123.165146
156.748489
252.991852
36.557537
123.165070
164.753204
252.991119
44.558643
123.165565
172.749557
252.991516
52.557781
123.166008
180.753311
252.990143
60.558628
123.166245
188.749374
252.990601
68.557922
123.167007
196.753784
252.989807
76.558617
123.166275
204.749634
252.990784
84.557625
123.166855
212.753204
252.989899
92.558571
123.166359
220.749939
252.990631
100.557755
123.166588
228.753632
252.990005
108.558411
123.166153
236.749817
252.990829
116.557449
123.166420
244.752533
252.990921
124.557953
123.165741
252.749695
252.992401
132.557373
123.164619
260.753052
252.992523
140.558167
123.164444
268.748138
252.992523
148.557510
123.164154
276.752563
252.992126
156.558456
123.164520
284.748413
252.992401
164.557709
123.164253
292.752686
252.991989
172.558807
123.164383
300.748962
252.992554
180.557556
123.164474
308.752777
252.991821
188.558716
123.164642
316.749054
252.992493
196.557556
123.164200
324.752625
252.992218
204.558502
123.164536
332.748596
252.992676
212.557648
123.164223
340.752655
252.992249
220.558685
123.164406
348.748749
252.992798
228.557358
123.163727
356.752502
252.992889
236.560669
123.164070
364.751343
252.993362
244.551636
123.161507
372.750458
252.999435
252.545532
123.159920
380.637299
252.919312
-59.408474
131.146362
68.712708
261.016174
-51.439754
131.171112
76.755661
260.990295
-43.440666
131.161652
84.750084
260.993439
-35.441822
131.163483
92.749825
260.993927
-27.441936
131.164703
100.751678
260.992737
-19.442108
131.164948
108.750473
260.994080
-11.442665
131.164948
116.752396
260.992920
-3.442368
131.164734
124.749969
260.994324
4.557251
131.164124
132.752335
260.993561
12.557743
131.164124
140.749634
260.994934
20.556995
131.164383
148.752228
260.993652
28.557377
131.164429
156.749756
260.994507
36.557053
131.164047
164.752243
260.993408
44.557804
131.164429
172.749725
260.994110
52.557865
131.164688
180.752625
260.992798
60.557400
131.165924
188.749451
260.993500
68.557053
131.166168
196.753067
260.992126
76.557274
131.166046
204.750061
260.993500
84.556671
131.165863
212.752472
260.992371
92.557159
131.165894
220.749695
260.993378
100.556778
131.165817
228.752701
260.992371
108.556885
131.166016
236.749863
260.993561
116.556572
131.165619
244.751801
260.993256
124.556305
131.165375
252.749237
260.994568
132.557129
131.163910
260.751831
260.993835
140.557220
131.163712
268.748810
260.994873
148.557129
131.163513
276.751312
260.993835
156.557434
131.163544
284.749054
260.994812
164.557404
131.163574
292.751556
260.993835
172.557602
131.163727
300.749390
260.994751
180.557190
131.164047
308.751556
260.993439
188.557297
131.163879
316.749542
260.994568
196.557236
131.163803
324.751526
260.993713
204.557480
131.163849
332.749207
260.994751
212.557281
131.163757
340.751678
260.993774
220.557495
131.163879
348.749451
260.994904
228.556976
131.163452
356.751678
260.994354
236.559387
131.164032
364.751801
260.995148
244.551590
131.161346
372.750061
261.001282
252.545792
131.160217
380.636658
260.920624
-59.406796
139.146271
68.713303
269.015137
-51.439384
139.171524
76.755333
268.988495
-43.439888
139.161987
84.751320
268.992096
-35.440735
139.164658
92.749138
268.991394
-27.441463
139.164948
100.752708
268.990387
-19.441013
139.165359
108.750053
268.991302
-11.442417
139.165649
116.753403
268.990723
-3.441475
139.165176
124.749741
268.991730
4.557278
139.165054
132.753265
268.991119
12.558506
139.165070
140.749451
268.991638
20.557228
139.164856
148.753204
268.991638
28.558121
139.164581
156.748932
268.992584
36.557507
139.164047
164.752609
268.991882
44.559101
139.164520
172.749130
268.991699
52.558201
139.165070
180.753281
268.990784
60.558380
139.166336
188.748947
268.990967
68.557434
139.167358
196.753815
268.989929
76.558044
139.166565
204.749786
268.990875
84.557022
139.167221
212.753387
268.990021
92.558174
139.166779
220.749939
268.990601
100.557129
139.167419
228.753754
268.989990
108.557678
139.166595
236.749725
268.990997
116.557014
139.166840
244.752930
268.991302
124.557365
139.166046
252.749252
268.992249
132.557449
139.164795
260.753387
268.992401
140.558273
139.164368
268.748169
268.992767
148.557678
139.164124
276.752380
268.992279
156.558548
139.164429
284.748352
268.992523
164.557800
139.164322
292.752594
268.992157
172.558807
139.164383
300.748932
268.992981
180.557343
139.164642
308.752319
268.991943
188.558624
139.164352
316.748840
268.992493
196.557632
139.164215
324.752502
268.992310
204.558517
139.164368
332.748474
268.992615
212.557663
139.164337
340.752686
268.992218
220.558624
139.164520
348.748779
268.992798
228.557434
139.163757
356.752686
268.992920
236.560730
139.164291
364.751434
268.993500
244.551590
139.161606
372.750275
268.999329
252.545456
139.159836
380.637207
268.919342
-59.408394
147.145752
68.712982
277.015991
-51.439613
147.170868
76.755783
276.990662
-43.440590
147.161682
84.750023
276.993805
-35.441742
147.163651
92.750259
276.994354
-27.442303
147.164429
100.751595
276.992584
-19.442398
147.164948
108.749588
276.993652
-11.443367
147.165527
116.752274
276.992310
-3.442974
147.165253
124.749504
276.993652
4.556507
147.164856
132.752197
276.992676
12.556934
147.164734
140.749298
276.993835
20.556583
147.164307
148.751434
276.993134
28.557224
147.164246
156.749176
276.994476
36.557507
147.163818
164.751724
276.993317
44.558079
147.164139
172.749542
276.993835
52.557903
147.164856
180.752563
276.992645
60.557358
147.166046
188.749146
276.993011
68.557098
147.166428
196.753006
276.991638
76.556976
147.166504
204.749969
276.992950
84.556839
147.166473
212.752716
276.991852
92.557190
147.166550
220.750290
276.992676
100.556778
147.166382
228.752594
276.991699
108.556740
147.166748
236.749695
276.993042
116.556717
147.165924
244.752319
276.992859
124.556252
147.165756
252.749359
276.994080
132.557175
147.164261
260.752350
276.993652
140.557205
147.163681
268.748993
276.994812
148.557251
147.163635
276.751404
276.993774
156.557495
147.163635
284.749146
276.994812
164.557297
147.163727
292.751617
276.993652
172.557556
147.163452
300.749481
276.994904
180.557281
147.163986
308.751678
276.993469
188.557678
147.163742
316.749420
276.994629
196.557205
147.163727
324.751526
276.993561
204.557510
147.163879
332.749237
276.994629
212.557281
147.163818
340.751770
276.993713
220.557480
147.163986
348.749420
276.994843
228.557083
147.163498
356.752136
276.994568
236.559296
147.164047
364.751801
276.995087
244.551544
147.161270
372.749817
277.001038
252.545685
147.160049
380.636566
276.920532
-59.406391
155.146118
68.713715
285.014832
-51.439278
155.171402
76.755013
284.988220
-43.440178
155.162430
84.751183
284.991852
-35.440636
155.164459
92.749245
284.992523
-27.441975
155.164551
100.752594
284.991455
-19.441448
155.165268
108.749008
284.991760
-11.442749
155.165588
116.752815
284.990967
-3.442078
155.165253
124.749084
284.991943
4.557079
155.164764
132.752823
284.991760
12.558197
155.164719
140.748840
284.992401
20.557281
155.164383
148.752441
284.991852
28.558697
155.164673
156.748962
284.992279
36.557922
155.164352
164.752991
284.991638
44.559078
155.164734
172.749146
284.991730
52.557945
155.165115
180.753082
284.991028
60.558453
155.166183
188.749146
284.991119
68.557419
155.166992
196.753754
284.989838
76.558075
155.166275
204.749756
284.990845
84.557014
155.166702
212.753204
284.989929
92.558273
155.165985
220.749863
284.990845
100.557076
155.166794
228.753296
284.990082
108.557838
155.166382
236.749451
284.991028
116.557091
155.166458
244.753265
284.991608
124.557404
155.166107
252.749039
284.992126
132.557541
155.164520
260.753326
284.992188
140.558304
155.164307
268.748291
284.992737
148.557678
155.164093
276.752411
284.992279
156.558624
155.164307
284.748474
284.992615
164.557877
155.164139
292.752869
284.992249
172.558594
155.164154
300.748840
284.992798
180.557617
155.164368
308.752563
284.991974
188.558807
155.164337
316.748840
284.992645
196.557587
155.164246
324.752686
284.992065
204.558594
155.164398
332.748596
284.992493
212.557678
155.164261
340.752686
284.992157
220.558716
155.164551
348.748871
284.992798
228.557541
155.163574
356.752869
284.993256
236.560730
155.164276
364.751495
284.993744
244.551544
155.161316
372.750061
284.999176
252.545471
155.159607
380.637177
284.919312
-59.408108
163.145782
68.713661
293.016296
-51.439709
163.170837
76.755280
292.990356
-43.440651
163.161499
84.749825
292.993652
-35.441902
163.163635
92.750031
292.994476
-27.442196
163.163666
100.751816
292.993073
-19.442123
163.164612
108.749542
292.993652
-11.442520
163.164978
116.752335
292.992493
-3.442764
163.164734
124.749924
292.994080
4.556808
163.164307
132.752075
292.993286
12.557316
163.164078
140.749847
292.994263
20.557274
163.163940
148.752136
292.993408
28.557472
163.164047
156.749863
292.994263
36.557396
163.163818
164.752289
292.993164
44.558010
163.164246
172.749756
292.993591
52.557629
163.164963
180.752258
292.992371
60.557655
163.166138
188.749741
292.993011
68.557526
163.166443
196.753311
292.991821
76.557404
163.166275
204.750320
292.992920
84.557159
163.166168
212.752853
292.991760
92.557564
163.166351
220.750534
292.992889
100.556877
163.166260
228.753067
292.991608
108.557053
163.166656
236.749908
292.992706
116.556923
163.165771
244.752747
292.993164
124.556366
163.165756
252.749695
292.994049
132.557465
163.163986
260.752289
292.993622
140.557266
163.163605
268.749023
292.994843
148.557297
163.163589
276.751343
292.993683
156.557648
163.163605
284.749268
292.994659
164.557419
163.163574
292.751770
292.993622
172.557648
163.163589
300.749420
292.994690
180.557343
163.163681
308.751678
292.993652
188.557678
163.163666
316.749329
292.994629
196.557266
163.163666
324.751801
292.993591
204.557587
163.163879
332.749359
292.994568
212.557373
163.163849
340.751831
292.993591
220.557571
163.164124
348.749603
292.994812
228.556931
163.163361
356.752075
292.994690
236.559357
163.164062
364.751923
292.995453
244.551575
163.161011
372.749420
293.001099
252.545807
163.159790
380.636536
292.920654
-59.406494
171.146286
68.714111
301.015137
-51.439201
171.172150
76.755150
300.988495
-43.440548
171.162415
84.750931
300.991669
-35.440739
171.164688
92.748970
300.992126
-27.441978
171.164093
100.752907
300.991699
-19.441811
171.165115
108.748787
300.991608
-11.442680
171.165192
116.752670
300.991089
-3.442116
171.165131
124.748734
300.992004
4.557140
171.164810
132.752579
300.992004
12.558113
171.164520
140.748444
300.992401
20.557514
171.164169
148.752594
300.992218
28.558437
171.164322
156.748550
300.992493
36.557716
171.164185
164.752594
300.991882
44.558865
171.164719
172.748825
300.991547
52.557793
171.165222
180.752533
300.990814
60.558769
171.166656
188.749069
300.990967
68.557678
171.167145
196.753769
300.989868
76.558472
171.166473
204.749924
300.990723
84.557358
171.167297
212.753510
300.989685
92.558556
171.166382
220.749939
300.990784
100.557281
171.167175
228.753662
300.989929
108.558014
171.166580
236.749451
300.990845
116.557220
171.166290
244.753372
300.991791
124.557724
171.166168
252.749298
300.992126
132.557785
171.164368
260.753326
300.992188
140.558380
171.164200
268.748413
300.992676
148.557632
171.164139
276.752441
300.992126
156.558762
171.164276
284.748688
300.992523
164.557861
171.164047
292.752747
300.992004
172.558960
171.164276
300.748840
300.992218
180.557678
171.164032
308.752777
300.992035
188.558624
171.164459
316.748749
300.992371
196.557602
171.164246
324.752777
300.991943
204.558655
171.164490
332.748779
300.992371
212.557663
171.164337
340.752686
300.991943
220.558655
171.164597
348.749023
300.992767
228.557297
171.163605
356.752960
300.993286
236.560394
171.164139
364.751251
300.993744
244.551605
171.161346
372.749878
300.999207
252.545563
171.159576
380.637207
300.919281
-59.408421
179.146149
68.713661
309.016449
-51.439899
179.171448
76.755394
308.990997
-43.441193
179.161102
84.749771
308.993408
-35.441872
179.163147
92.749435
308.994019
-27.442036
179.163345
100.751404
308.993591
-19.442257
179.164368
108.749207
308.994690
-11.442753
179.164856
116.752121
308.993500
-3.442951
179.164490
124.749382
308.994812
4.556824
179.164444
132.751465
308.993835
12.557426
179.163864
140.749451
308.995148
20.557182
179.163635
148.751282
308.994263
28.557522
179.163574
156.749237
308.995239
36.557293
179.163513
164.751419
308.994080
44.557983
179.163681
172.749756
308.994598
52.557468
179.164597
180.751373
308.992615
60.557747
179.166016
188.749664
308.993103
68.557312
179.166428
196.753265
308.991791
76.557266
179.166473
204.750198
308.992920
84.556755
179.166351
212.753021
308.991882
92.557137
179.166397
220.750107
308.992950
100.556747
179.166321
228.752945
308.991821
108.556824
179.166779
236.749664
308.992920
116.556961
179.165848
244.752869
308.993042
124.556664
179.165680
252.750046
308.993835
132.557434
179.163971
260.752197
308.993439
140.557373
179.163681
268.749115
308.994659
148.557251
179.163666
276.751404
308.993591
156.557755
179.163605
284.749359
308.994629
164.557678
179.163818
292.751984
308.993347
172.557953
179.163910
300.749725
308.994324
180.557404
179.163971
308.751892
308.993347
188.557693
179.164062
316.749512
308.994446
196.557266
179.163940
324.751801
308.993378
204.557617
179.163956
332.749451
308.994446
212.557312
179.163940
340.751770
308.993439
220.557526
179.164154
348.749573
308.994751
228.556702
179.163300
356.751801
308.994720
236.559143
179.163666
364.751648
308.995483
244.551514
179.161133
372.749084
309.001221
252.545807
179.159836
380.636719
308.920624
-59.406990
187.146317
68.713806
317.015350
-51.439575
187.171875
76.754761
316.989380
-43.440662
187.161789
84.751289
316.992279
-35.440971
187.164017
92.748383
316.992004
-27.441650
187.163940
100.752495
316.991272
-19.441017
187.164856
108.748657
316.991608
-11.441982
187.165100
116.753082
316.991028
-3.441444
187.164719
124.749146
316.992065
4.557411
187.164658
132.752533
316.991699
12.558567
187.164093
140.748611
316.992310
20.557640
187.163940
148.752472
316.992035
28.558723
187.164062
156.748505
316.992371
36.557781
187.163971
164.752518
316.991791
44.559090
187.164307
172.749115
316.991821
52.557785
187.164871
180.752655
316.990509
60.558674
187.165924
188.749466
316.991058
68.557236
187.166931
196.753723
316.990051
76.558029
187.166382
204.749710
316.990662
84.556885
187.167053
212.753311
316.989899
92.557999
187.166504
220.749557
316.990692
100.556870
187.167175
228.753387
316.989868
108.557930
187.166611
236.749283
316.990845
116.557007
187.166183
244.753235
316.991486
124.557877
187.165527
252.749603
316.991974
132.557419
187.164337
260.752930
316.992188
140.558304
187.164032
268.748352
316.992462
148.557648
187.163879
276.752289
316.992004
156.558777
187.164185
284.748657
316.992371
164.557877
187.164307
292.752777
316.991547
172.558685
187.164307
300.748962
316.992249
180.557663
187.164429
308.752716
316.991669
188.558716
187.164581
316.748932
316.992310
196.557678
187.164276
324.752747
316.991669
204.558762
187.164398
332.748779
316.992432
212.557770
187.164261
340.752716
316.991852
220.558685
187.164459
348.749084
316.992584
228.557251
187.163483
356.752350
316.993073
236.560425
187.163849
364.751251
316.993835
244.551483
187.161469
372.749634
316.999115
252.545563
187.159576
380.637390
316.919220
-59.408615
195.146072
68.713287
325.016296
-51.439449
195.171112
76.755280
324.991333
-43.441250
195.161133
84.750252
324.993988
-35.441887
195.162964
92.749641
324.994476
-27.441929
195.163727
100.751717
324.993408
-19.441772
195.164307
108.749542
324.994110
-11.442516
195.164841
116.752502
324.992828
-3.442497
195.164566
124.749855
324.994293
4.557110
195.164398
132.751953
324.993469
12.557369
195.164047
140.749435
324.994629
20.557278
195.163757
148.751648
324.993622
28.557575
195.163788
156.749237
324.994537
36.557594
195.163788
164.751831
324.993500
44.557793
195.163818
172.749344
324.994263
52.557785
195.164444
180.752090
324.992432
60.557770
195.165222
188.749374
324.993713
68.556831
195.165924
196.752899
324.992096
76.557198
195.165741
204.750092
324.993164
84.556793
195.165985
212.752655
324.992004
92.557098
195.165970
220.750092
324.993195
100.556709
195.165985
228.752731
324.991974
108.556885
195.166122
236.749634
324.993317
116.556412
195.165680
244.752472
324.992737
124.556900
195.165344
252.750259
324.994049
132.556946
195.163879
260.751862
324.993652
140.557388
195.163422
268.748840
324.994720
148.557648
195.163635
276.751587
324.993347
156.557770
195.163757
284.749329
324.994354
164.557465
195.163879
292.751831
324.993225
172.557648
195.163910
300.749359
324.994263
180.557571
195.164215
308.751953
324.993164
188.557587
195.164230
316.749390
324.993988
196.557510
195.164154
324.752045
324.992950
204.557800
195.164001
332.749573
324.994354
212.557693
195.163864
340.752106
324.993408
220.557739
195.164032
348.749908
324.994507
228.556885
195.163528
356.751862
324.994476
236.558868
195.163391
364.751526
324.995728
244.551605
195.161194
372.749176
325.000977
252.545792
195.159790
380.636658
324.920532
-59.406616
203.146255
68.713989
333.015015
-51.439018
203.171661
76.755203
332.988922
-43.440895
203.161987
84.751541
332.991882
-35.440636
203.164459
92.748825
332.992188
-27.441620
203.164230
100.752892
332.991608
-19.440819
203.164871
108.749092
332.991974
-11.442284
203.165390
116.753006
332.991119
-3.441589
203.165192
124.749374
332.991974
4.557274
203.165192
132.752670
332.991455
12.558537
203.164398
140.748947
332.992432
20.557499
203.164459
148.752304
332.991882
28.558681
203.164368
156.748825
332.992401
36.557667
203.164551
164.752533
332.991638
44.558815
203.164658
172.749023
332.992065
52.557590
203.165497
180.752914
332.990631
60.558224
203.165665
188.748917
332.990997
68.557045
203.166489
196.752808
332.990112
76.558029
203.166168
204.749344
332.990753
84.557007
203.166260
212.752899
332.990112
92.557968
203.166290
220.749222
332.990784
100.556938
203.166321
228.752945
332.990143
108.557816
203.166183
236.749084
332.991058
116.556816
203.165817
244.752777
332.990936
124.558197
203.164948
252.749268
332.992310
132.557236
203.164459
260.752380
332.992065
140.558899
203.164093
268.748657
332.992279
148.557983
203.164154
276.752869
332.991608
156.558746
203.164169
284.748962
332.992126
164.557892
203.164490
292.752869
332.991516
172.558670
203.164337
300.749176
332.992157
180.557678
203.164566
308.752899
332.991516
188.558517
203.164551
316.749054
332.991943
196.557571
203.164902
324.752899
332.991272
204.558655
203.164642
332.748962
332.991913
212.557816
203.165100
340.752991
332.991180
220.558411
203.164932
348.749756
332.992157
228.556885
203.164124
356.752441
332.993011
236.560043
203.164032
364.751099
332.993896
244.551605
203.161713
372.750031
332.999084
252.545471
203.159454
380.637238
332.919220
-59.408356
211.145859
68.713516
341.016174
-51.439430
211.170731
76.755836
340.991180
-43.441093
211.161346
84.750053
340.993744
-35.441910
211.163361
92.749657
340.994385
-27.442009
211.163818
100.751808
340.993164
-19.441853
211.164215
108.749565
340.993805
-11.442471
211.165405
116.752258
340.992310
-3.442585
211.165329
124.749695
340.993622
4.556999
211.165085
132.752228
340.992554
12.557251
211.164764
140.749405
340.993896
20.557037
211.164474
148.751877
340.992798
28.557461
211.164505
156.749298
340.993958
36.557121
211.164551
164.751816
340.992737
44.557487
211.164810
172.749222
340.993652
52.557034
211.164978
180.752060
340.992523
60.557232
211.165131
188.749115
340.993744
68.556793
211.165482
196.751953
340.992371
76.557045
211.165405
204.749451
340.993439
84.556793
211.165512
212.752014
340.992249
92.557022
211.165466
220.749329
340.993469
100.556717
211.165405
228.751892
340.992401
108.557068
211.165359
236.749207
340.993469
116.556686
211.165192
244.751785
340.992706
124.557083
211.164734
252.749268
340.993835
132.557190
211.164459
260.751648
340.992798
140.557785
211.164307
268.749573
340.993866
148.557312
211.164291
276.751892
340.992981
156.557556
211.164429
284.749847
340.993866
164.557358
211.164551
292.751953
340.992706
172.557648
211.164536
300.749664
340.993896
180.557190
211.164597
308.752014
340.992737
188.557495
211.164642
316.749603
340.994019
196.557037
211.164948
324.752045
340.992706
204.557449
211.164734
332.749634
340.993774
212.557190
211.165039
340.752228
340.992706
220.557129
211.165070
348.749756
340.994415
228.555984
211.164215
356.751526
340.994202
236.558975
211.164215
364.751709
340.995087
244.551651
211.161270
372.749664
341.001221
252.545685
211.159912
380.636658
340.920532
-59.406532
219.146103
68.713875
349.014954
-51.439133
219.171631
76.755409
348.988922
-43.440605
219.162415
84.751518
348.992310
-35.440990
219.164276
92.748444
348.992188
-27.441776
219.164017
100.752792
348.991333
-19.440796
219.164658
108.749405
348.991943
-11.442436
219.165771
116.752747
348.990662
-3.441570
219.165680
124.749512
348.991333
4.557129
219.165894
132.752930
348.990784
12.558071
219.164978
140.748993
348.991760
20.557072
219.165222
148.752396
348.991028
28.558437
219.164978
156.748886
348.991730
36.557259
219.165314
164.752548
348.990997
44.558380
219.164978
172.748932
348.991699
52.557205
219.165314
180.752426
348.990784
60.558510
219.165436
188.748871
348.991547
68.557098
219.165588
196.752533
348.990784
76.558258
219.165390
204.749039
348.991638
84.557083
219.165405
212.752441
348.990906
92.558258
219.165283
220.748734
348.991699
100.557220
219.165375
228.752502
348.990997
108.558434
219.165146
236.748840
348.991608
116.557198
219.165436
244.752319
348.991058
124.558365
219.165024
252.749023
348.991699
132.557343
219.165115
260.752563
348.991089
140.558350
219.164978
268.748840
348.991638
148.557343
219.165176
276.752441
348.990906
156.558426
219.165054
284.749146
348.991608
164.557358
219.165344
292.752411
348.990906
172.558289
219.165039
300.749084
348.991577
180.557220
219.165497
308.752716
348.990753
188.558243
219.165314
316.749084
348.991425
196.557159
219.165680
324.752594
348.990631
204.558228
219.165436
332.749146
348.991333
212.557175
219.165817
340.752563
348.990570
220.558197
219.165405
348.749359
348.991821
228.556778
219.164703
356.752686
348.992462
236.560150
219.164230
364.751404
348.993134
244.551666
219.161530
372.750153
348.999176
252.545410
219.159546
380.637390
348.919189
-59.408188
227.146118
68.713837
357.016266
-51.439758
227.171356
76.755402
356.991333
-43.441139
227.161774
84.749969
356.994446
-35.442619
227.163239
92.749199
356.994110
-27.441837
227.163696
100.751457
356.992767
-19.441814
227.164337
108.749664
356.994171
-11.442368
227.165558
116.752304
356.992462
-3.442398
227.165619
124.749863
356.993713
4.556770
227.165543
132.752228
356.992737
12.557007
227.165131
140.749466
356.993866
20.557014
227.164871
148.751938
356.992737
28.557426
227.165024
156.749344
356.993774
36.557041
227.164948
164.752090
356.992645
44.557468
227.165100
172.749420
356.993774
52.557213
227.165039
180.752106
356.992432
60.557545
227.165344
188.749512
356.993500
68.557175
227.165161
196.752197
356.992523
76.557327
227.165161
204.749435
356.993744
84.557060
227.165039
212.752167
356.992584
92.557327
227.165115
220.749329
356.993774
100.557053
227.165009
228.752182
356.992645
108.557388
227.165161
236.749512
356.993652
116.557129
227.165268
244.751968
356.992462
124.557472
227.165222
252.749710
356.993896
132.556976
227.164948
260.752075
356.992737
140.557404
227.165054
268.749359
356.993835
148.557129
227.165039
276.752197
356.992584
156.557465
227.165115
284.749390
356.993713
164.557159
227.165283
292.752014
356.992340
172.557465
227.165436
300.749512
356.993652
180.557083
227.165344
308.752563
356.992401
188.557343
227.165405
316.749451
356.993652
196.556976
227.165375
324.752289
356.992371
204.557327
227.165405
332.749573
356.993683
212.557022
227.165588
340.752380
356.992493
220.557098
227.165466
348.749512
356.994202
228.556335
227.164795
356.752319
356.994324
236.558640
227.164398
364.751648
356.994934
244.551636
227.161163
372.749573
357.001221
252.545639
227.160019
380.636902
356.920715
-59.408241
235.146652
68.714058
365.015381
-51.442101
235.171234
76.755989
364.990173
-43.443356
235.162964
84.752411
364.993073
-35.444389
235.164398
92.749626
364.992493
-27.444481
235.164703
100.753304
364.991150
-19.443356
235.164917
108.750160
364.991394
-11.444565
235.166351
116.753601
364.990479
-3.443977
235.166260
124.750748
364.991333
4.554470
235.166443
132.753967
364.990814
12.555740
235.165649
140.750458
364.991699
20.554638
235.165817
148.753677
364.991028
28.555992
235.165527
156.750443
364.991638
36.554722
235.165833
164.753632
364.991058
44.556034
235.165558
172.750519
364.991699
52.554928
235.165771
180.753906
364.991058
60.556145
235.165604
188.750610
364.991577
68.554855
235.165894
196.753769
364.991180
76.555847
235.165558
204.750534
364.991760
84.554680
235.165787
212.753738
364.991180
92.555893
235.165558
220.750366
364.991821
100.554634
235.165802
228.753632
364.991333
108.555763
235.165497
236.750565
364.992004
116.554588
235.165756
244.753418
364.991119
124.555862
235.165543
252.750153
364.991974
132.554443
235.165939
260.753448
364.991211
140.555740
235.165558
268.750000
364.991699
148.554611
235.165833
276.753387
364.990967
156.555832
235.165680
284.750183
364.991455
164.554642
235.166031
292.753662
364.990509
172.555954
235.165680
300.750366
364.991333
180.554703
235.166290
308.753967
364.990662
188.555725
235.165695
316.750427
364.991302
196.554657
235.166107
324.753754
364.990723
204.555771
235.165848
332.750427
364.991333
212.554703
235.166290
340.753784
364.990967
220.555313
235.165771
348.750671
364.992157
228.553940
235.165176
356.753479
364.993042
236.557281
235.164383
364.752289
364.993317
244.549774
235.161316
372.751343
364.998444
252.546265
235.159286
380.636932
364.918610
-59.410759
243.136993
68.721634
373.016724
-51.436340
243.166443
76.754623
372.996033
-43.439026
243.160538
84.749985
372.997070
-35.439697
243.161057
92.750618
372.995300
-27.438915
243.161194
100.752098
372.994080
-19.438721
243.162537
108.750977
372.994110
-11.439278
243.163147
116.753105
372.993103
-3.439445
243.163727
124.751717
372.994110
4.559803
243.163300
132.753510
372.993469
12.560387
243.163208
140.751572
372.994202
20.560120
243.162613
148.753082
372.993622
28.560532
243.163116
156.751282
372.994171
36.560143
243.162582
164.753143
372.993652
44.560646
243.163086
172.751282
372.994110
52.560314
243.162720
180.753387
372.993530
60.560501
243.163239
188.751404
372.994141
68.560112
243.162720
196.753326
372.993652
76.560463
243.163162
204.751251
372.994202
84.560059
243.162537
212.753082
372.993683
92.560532
243.163025
220.751190
372.994324
100.560028
243.162262
228.752899
372.993866
108.560547
243.162949
236.751190
372.994476
116.560143
243.162292
244.753067
372.993896
124.560532
243.162842
252.751221
372.994415
132.560043
243.162262
260.752899
372.993835
140.560593
243.162949
268.751129
372.994232
148.560257
243.162415
276.752991
372.993652
156.560730
243.163086
284.751282
372.994110
164.560303
243.162720
292.753326
372.993500
172.560791
243.163406
300.751404
372.993896
180.560104
243.162872
308.753235
372.993256
188.560669
243.163498
316.751648
372.993927
196.560135
243.162842
324.753357
372.993439
204.560577
243.163422
332.751495
372.993988
212.559967
243.162933
340.753296
372.993713
220.559769
243.162964
348.751526
372.994965
228.559021
243.161301
356.752106
372.995209
236.562012
243.163712
364.755066
372.995331
244.558426
243.162781
372.753601
373.000000
252.551758
243.168182
380.635712
372.919312
-59.420311
251.075302
68.673134
380.992249
-51.409786
251.063110
76.639076
380.985809
-43.410908
251.057236
84.631798
380.993256
-35.411499
251.059647
92.630905
380.991333
-27.412121
251.059509
100.632568
380.990845
-19.411915
251.060104
108.631088
380.990906
-11.412868
251.059891
116.631973
380.990417
-3.412426
251.060883
124.630783
380.990509
4.586731
251.060333
132.632309
380.990692
12.587303
251.061020
140.631104
380.990936
20.586842
251.059906
148.632202
380.990845
28.587517
251.060684
156.630966
380.990997
36.586937
251.059875
164.632080
380.990845
44.587570
251.060760
172.631088
380.990936
52.586868
251.059875
180.632050
380.990753
60.587513
251.060776
188.631073
380.990997
68.586891
251.059937
196.632019
380.990967
76.587502
251.060577
204.630936
380.991058
84.586945
251.059784
212.632019
380.990967
92.587509
251.060608
220.630890
380.991028
100.587021
251.059845
228.631989
380.990906
108.587669
251.060699
236.630829
380.990906
116.587067
251.059784
244.632111
380.990845
124.587601
251.060822
252.630768
380.990997
132.587158
251.059906
260.632202
380.990845
140.587585
251.060852
268.631104
380.990967
148.587006
251.059952
276.632233
380.990753
156.587585
251.060806
284.631165
380.990784
164.586960
251.059998
292.632324
380.990662
172.587540
251.060791
300.631226
380.990662
180.586792
251.060074
308.632233
380.990448
188.587494
251.060944
316.631195
380.990662
196.586838
251.060059
324.632202
380.990662
204.587433
251.060974
332.631134
380.990784
212.586792
251.060043
340.632019
380.990967
220.587311
251.060455
348.630890
380.991699
228.587219
251.059387
356.631714
380.992126
236.588745
251.060165
364.631836
380.992340
244.586929
251.066589
372.641693
380.993530
252.557922
251.078674
380.603821
380.943787
-120.736038
-119.824249
137.651321
135.831039
-104.735519
-119.815933
153.648468
135.829132
-88.732758
-119.812576
169.648743
135.830292
-72.732590
-119.812630
185.648788
135.830307
-56.732132
-119.812210
201.648560
135.830353
-40.732300
-119.812241
217.648773
135.830414
-24.732071
-119.812180
233.648529
135.830353
-8.732254
-119.812225
249.648773
135.830429
7.267929
-119.812134
265.648560
135.830322
23.267746
-119.812202
281.648773
135.830414
39.267929
-119.812119
297.648529
135.830307
55.267715
-119.812202
313.648743
135.830414
71.267883
-119.812157
329.648529
135.830383
87.267700
-119.812202
345.648743
135.830444
103.267914
-119.812164
361.648560
135.830353
119.267700
-119.812210
377.648743
135.830414
135.267746
-119.812119
393.648315
135.830231
151.267593
-119.811752
409.649109
135.830261
167.267212
-119.813599
425.649963
135.830032
183.263443
-119.824600
441.652039
135.828522
-120.740524
-103.833527
137.650070
151.827728
-104.742493
-103.825394
153.651535
151.825546
-88.737244
-103.824860
169.655014
151.824890
-72.737076
-103.824814
185.655579
151.824310
-56.736511
-103.824402
201.655334
151.824142
-40.736496
-103.824593
217.655624
151.824280
-24.736404
-103.824417
233.655350
151.824188
-8.736465
-103.824593
249.655609
151.824249
7.263626
-103.824409
265.655396
151.824158
23.263504
-103.824585
281.655640
151.824219
39.263611
-103.824364
297.655396
151.824173
55.263504
-103.824532
313.655640
151.824219
71.263596
-103.824348
329.655365
151.824158
87.263504
-103.824570
345.655579
151.824219
103.263626
-103.824387
361.655334
151.824173
119.263474
-103.824692
377.655670
151.824203
135.263306
-103.824394
393.655212
151.824158
151.263535
-103.824257
409.654785
151.824448
167.264786
-103.825470
425.657867
151.822937
183.269394
-103.827614
441.659119
151.822754
-120.738327
-87.834770
137.649536
167.825195
-104.740570
-87.824524
153.652832
167.823761
-88.737335
-87.823044
169.656158
167.824173
-72.737350
-87.822502
185.656204
167.823044
-56.736694
-87.821999
201.656204
167.822952
-40.736801
-87.822067
217.656418
167.823059
-24.736526
-87.821953
233.656342
167.822937
-8.736786
-87.822021
249.656479
167.822968
7.263504
-87.821960
265.656403
167.822906
23.263214
-87.822037
281.656494
167.822952
39.263519
-87.821953
297.656403
167.822922
55.263260
-87.822006
313.656464
167.822968
71.263504
-87.821899
329.656342
167.822937
87.263229
-87.822021
345.656433
167.822968
103.263474
-87.821938
361.656311
167.822937
119.263229
-87.822060
377.656494
167.822968
135.263275
-87.822060
393.656372
167.822861
151.262512
-87.821381
409.655975
167.823059
167.263702
-87.822006
425.658264
167.821869
183.269562
-87.825821
441.661377
167.823517
-120.738861
-71.835358
137.649445
183.824844
-104.741089
-71.824318
153.653397
183.823761
-88.738052
-71.823936
169.656952
183.823898
-72.738068
-71.823822
185.656967
183.822845
-56.737564
-71.823265
201.656860
183.822418
-40.737549
-71.823349
217.657181
183.822601
-24.737381
-71.823174
233.657059
183.822388
-8.737503
-71.823311
249.657227
183.822525
7.262665
-71.823120
265.657043
183.822388
23.262482
-71.823257
281.657227
183.822571
39.262680
-71.823059
297.657074
183.822418
55.262512
-71.823257
313.657227
183.822525
71.262711
-71.823112
329.657074
183.822418
87.262512
-71.823257
345.657227
183.822540
103.262650
-71.823128
361.657043
183.822372
119.262512
-71.823364
377.657349
183.822464
135.262436
-71.823296
393.657104
183.822281
151.262024
-71.822708
409.656982
183.822723
167.262817
-71.822929
425.658691
183.821167
183.269791
-71.826576
441.661957
183.823486
-120.738541
-55.835342
137.649475
199.824799
-104.741074
-55.824501
153.653122
199.823639
-88.737915
-55.824219
169.656448
199.824036
-72.738037
-55.823875
185.656479
199.822708
-56.737396
-55.823265
201.656525
199.822449
-40.737640
-55.823303
217.656647
199.822510
-24.737213
-55.823059
233.656754
199.822449
-8.737549
-55.823235
249.656693
199.822449
7.262817
-55.823181
265.656677
199.822464
23.262558
-55.823273
281.656677
199.822510
39.262848
-55.823105
297.656677
199.822479
55.262512
-55.823242
313.656677
199.822479
71.262772
-55.823135
329.656738
199.822449
87.262482
-55.823158
345.656738
199.822540
103.262787
-55.822983
361.656738
199.822479
119.262543
-55.823273
377.656860
199.822449
135.262695
-55.823502
393.656860
199.822327
151.262009
-55.822685
409.656616
199.822693
167.263092
-55.822960
425.658691
199.821320
183.269592
-55.826851
441.661621
199.823517
-120.738800
-39.835289
137.649460
215.824615
-104.741074
-39.824562
153.653442
215.823578
-88.738098
-39.823967
169.656769
215.823776
-72.738007
-39.823860
185.656982
215.822617
-56.737488
-39.823174
201.656830
215.822205
-40.737473
-39.823364
217.657104
215.822449
-24.737274
-39.823181
233.656876
215.822327
-8.737396
-39.823349
249.657150
215.822479
7.262665
-39.823242
265.657043
215.822220
23.262604
-39.823242
281.657166
215.822372
39.262680
-39.823059
297.657013
215.822266
55.262650
-39.823151
313.657288
215.822403
71.262665
-39.823029
329.657013
215.822144
87.262650
-39.823311
345.657257
215.822388
103.262726
-39.823097
361.657043
215.822296
119.262665
-39.823189
377.657349
215.822342
135.262527
-39.823387
393.657013
215.822113
151.261993
-39.822800
409.656952
215.822540
167.262848
-39.822868
425.658661
215.821045
183.269608
-39.827118
441.661804
215.823288
-120.738586
-23.835388
137.649643
231.824768
-104.741058
-23.824631
153.653305
231.823578
-88.737732
-23.824104
169.656708
231.824020
-72.737885
-23.823715
185.656708
231.822754
-56.737183
-23.823204
201.656708
231.822479
-40.737381
-23.823196
217.656784
231.822586
-24.737061
-23.823097
233.656815
231.822479
-8.737381
-23.823189
249.656952
231.822510
7.262848
-23.823151
265.656799
231.822266
23.262558
-23.823318
281.656738
231.822495
39.263016
-23.823204
297.656891
231.822632
55.262634
-23.823341
313.656647
231.822586
71.262909
-23.823067
329.656799
231.822418
87.262589
-23.823212
345.656830
231.822571
103.262848
-23.823029
361.656738
231.822449
119.262573
-23.823204
377.656769
231.822510
135.262772
-23.823410
393.656738
231.822388
151.262100
-23.822624
409.656616
231.822739
167.263123
-23.822845
425.658630
231.821274
183.269547
-23.827026
441.661499
231.823456
-120.738937
-7.835335
137.649551
247.824692
-104.741135
-7.824570
153.653534
247.823578
-88.737976
-7.823830
169.656982
247.823822
-72.738007
-7.823761
185.656998
247.822693
-56.737473
-7.823174
201.656921
247.822311
-40.737350
-7.823196
217.657242
247.822510
-24.737289
-7.823013
233.657013
247.822266
-8.737244
-7.823166
249.657364
247.822449
7.262543
-7.823196
265.656921
247.822205
23.262482
-7.823357
281.657043
247.822510
39.262665
-7.823013
297.657166
247.822327
55.262512
-7.823303
313.657288
247.822327
71.262543
-7.823280
329.657043
247.822174
87.262604
-7.823380
345.657349
247.822464
103.262619
-7.823128
361.657104
247.822235
119.262589
-7.823357
377.657349
247.822388
135.262466
-7.823441
393.657104
247.822205
151.262009
-7.822716
409.657104
247.822662
167.262833
-7.822952
425.658722
247.820984
183.269592
-7.826874
441.661865
247.823425
-120.738556
8.164474
137.649643
263.824829
-104.741028
8.175369
153.653336
263.823547
-88.737778
8.175972
169.656677
263.824097
-72.737930
8.176353
185.656708
263.822784
-56.737305
8.176826
201.656555
263.822479
-40.737396
8.176781
217.656845
263.822571
-24.737061
8.176910
233.656830
263.822540
-8.737381
8.176941
249.656906
263.822571
7.262817
8.176903
265.656769
263.822327
23.262604
8.176689
281.656799
263.822418
39.262939
8.176926
297.656799
263.822510
55.262543
8.176804
313.656830
263.822449
71.262833
8.176704
329.656738
263.822388
87.262680
8.176575
345.656860
263.822540
103.263031
8.176773
361.656799
263.822449
119.262665
8.176636
377.656982
263.822479
135.262833
8.176498
393.656921
263.822418
151.262192
8.177361
409.656738
263.822754
167.263184
8.177017
425.658691
263.821289
183.269531
8.173180
441.661438
263.823456
-120.738846
24.164520
137.649567
279.824707
-104.740997
24.175430
153.653580
279.823486
-88.738098
24.176086
169.656860
279.823914
-72.738007
24.176201
185.656998
279.822723
-56.737534
24.176781
201.656754
279.822205
-40.737366
24.176712
217.657242
279.822540
-24.737305
24.176872
233.657013
279.822327
-8.737320
24.176773
249.657211
279.822449
7.262787
24.176834
265.657043
279.822266
23.262741
24.176727
281.657166
279.822357
39.262787
24.176796
297.657104
279.822205
55.262558
24.176636
313.657166
279.822296
71.262665
24.176613
329.656982
279.822205
87.262711
24.176537
345.657288
279.822388
103.262756
24.176849
361.657166
279.822266
119.262665
24.176651
377.657440
279.822327
135.262527
24.176460
393.657166
279.822205
151.262146
24.177307
409.657135
279.822662
167.262909
24.176941
425.658661
279.821045
183.269669
24.173195
441.661743
279.823425
-120.738525
40.164505
137.649658
295.824799
-104.741074
40.175331
153.653214
295.823578
-88.737778
40.175720
169.656693
295.824066
-72.737961
40.176292
185.656693
295.822723
-56.737244
40.176788
201.656693
295.822418
-40.737411
40.176743
217.656921
295.822571
-24.737167
40.176880
233.656799
295.822571
-8.737305
40.176842
249.656952
295.822571
7.262909
40.176888
265.656799
295.822510
23.262711
40.176712
281.656982
295.822571
39.263031
40.176765
297.656921
295.822571
55.262650
40.176537
313.656799
295.822540
71.263077
40.176582
329.656677
295.822449
87.262802
40.176537
345.656799
295.822510
103.263046
40.176910
361.656860
295.822510
119.262756
40.176712
377.657043
295.822510
135.262817
40.176552
393.656860
295.822388
151.262207
40.177437
409.656830
295.822754
167.263184
40.176979
425.658661
295.821320
183.269562
40.173203
441.661377
295.823456
-120.738892
56.164642
137.649536
311.824646
-104.741043
56.175247
153.653503
311.823486
-88.738022
56.176163
169.656921
311.823853
-72.738007
56.176308
185.656998
311.822662
-56.737457
56.176781
201.656845
311.822296
-40.737442
56.176712
217.657227
311.822479
-24.737259
56.176918
233.657074
311.822266
-8.737457
56.176872
249.657135
311.822479
7.262650
56.176979
265.656982
311.822388
23.262558
56.176811
281.657288
311.822449
39.262665
56.176910
297.657227
311.822266
55.262482
56.176666
313.657288
311.822327
71.262665
56.176682
329.657043
311.822083
87.262695
56.176514
345.657227
311.822388
103.262711
56.176765
361.657074
311.822235
119.262695
56.176659
377.657379
311.822327
135.262573
56.176491
393.657104
311.822113
151.262100
56.177322
409.657104
311.822632
167.262894
56.176979
425.658569
311.821075
183.269669
56.173241
441.661682
311.823364
-120.738571
72.164505
137.649643
327.824768
-104.740967
72.175194
153.653290
327.823486
-88.737732
72.175903
169.656662
327.824066
-72.737961
72.176292
185.656754
327.822815
-56.737305
72.176765
201.656708
327.822388
-40.737442
72.176659
217.656845
327.822479
-24.737061
72.176804
233.656815
327.822601
-8.737411
72.176743
249.656845
327.822662
7.262878
72.176743
265.656677
327.822540
23.262482
72.176643
281.656647
327.822571
39.262939
72.176788
297.656799
327.822510
55.262543
72.176682
313.656738
327.822388
71.263016
72.176727
329.656677
327.822418
87.262756
72.176544
345.656799
327.822510
103.263016
72.176819
361.656860
327.822571
119.262726
72.176666
377.656982
327.822479
135.262909
72.176514
393.656891
327.822388
151.262207
72.177391
409.656799
327.822754
167.263184
72.176903
425.658569
327.821350
183.269608
72.173248
441.661316
327.823425
-120.738922
88.164627
137.649582
343.824677
-104.741074
88.175194
153.653595
343.823364
-88.738022
88.176086
169.656967
343.823853
-72.737946
88.176353
185.657181
343.822693
-56.737595
88.176804
201.656845
343.822144
-40.737442
88.176682
217.657196
343.822357
-24.737320
88.176865
233.656998
343.822296
-8.737320
88.176926
249.657181
343.822571
7.262680
88.176849
265.656921
343.822205
23.262573
88.176613
281.657166
343.822327
39.262695
88.176788
297.657166
343.822174
55.262558
88.176605
313.657288
343.822205
71.262665
88.176651
329.657043
343.822113
87.262680
88.176582
345.657227
343.822388
103.262741
88.176781
361.657227
343.822266
119.262665
88.176628
377.657349
343.822418
135.262573
88.176544
393.657166
343.822205
151.262085
88.177368
409.657135
343.822632
167.262848
88.176910
425.658508
343.820984
183.269730
88.173218
441.661621
343.823364
-120.738510
104.164505
137.649719
359.824738
-104.741074
104.175285
153.653275
359.823456
-88.737762
104.175873
169.656693
359.824066
-72.737885
104.176224
185.656784
359.822876
-56.737198
104.176689
201.656601
359.822449
-40.737381
104.176620
217.656830
359.822571
-24.737030
104.176735
233.656723
359.822632
-8.737366
104.176781
249.656769
359.822815
7.262955
104.176941
265.656738
359.822571
23.262527
104.176834
281.656677
359.822510
39.263016
104.177025
297.656952
359.822449
55.262543
104.176720
313.656921
359.822418
71.262955
104.176666
329.656738
359.822388
87.262741
104.176575
345.656738
359.822540
103.263062
104.176758
361.656860
359.822601
119.262680
104.176567
377.656982
359.822510
135.262909
104.176460
393.656921
359.822449
151.262161
104.177406
409.656860
359.822754
167.263138
104.176910
425.658508
359.821289
183.269638
104.173264
441.661316
359.823395
-120.738861
120.164658
137.649597
375.824615
-104.741165
120.175140
153.653549
375.823212
-88.738159
120.176048
169.656830
375.823883
-72.738083
120.176216
185.657150
375.822754
-56.737701
120.176704
201.656754
375.822144
-40.737595
120.176552
217.657150
375.822418
-24.737534
120.176727
233.656784
375.822296
-8.737610
120.176689
249.657120
375.822571
7.262497
120.176727
265.656860
375.822296
23.262436
120.176743
281.657104
375.822327
39.262589
120.177078
297.657043
375.822174
55.262421
120.176811
313.657227
375.822205
71.262634
120.176720
329.657043
375.822174
87.262589
120.176643
345.657135
375.822418
103.262589
120.176834
361.657043
375.822296
119.262543
120.176758
377.657349
375.822327
135.262436
120.176666
393.657074
375.822144
151.261993
120.177429
409.657135
375.822632
167.262741
120.176796
425.658386
375.820923
183.269745
120.173286
441.661652
375.823364
-120.738663
136.164551
137.649734
391.824646
-104.741379
136.174881
153.653656
391.823334
-88.738098
136.175751
169.656952
391.823853
-72.738235
136.176056
185.657043
391.822815
-56.737671
136.176407
201.656815
391.822327
-40.737747
136.176239
217.656998
391.822449
-24.737488
136.176407
233.656845
391.822479
-8.737747
136.176376
249.656982
391.822571
7.262451
136.176529
265.656921
391.822510
23.262115
136.176346
281.656982
391.822418
39.262421
136.176590
297.656982
391.822449
55.262131
136.176361
313.657043
391.822418
71.262589
136.176453
329.656891
391.822388
87.262314
136.176361
345.657013
391.822449
103.262573
136.176483
361.656982
391.822510
119.262344
136.176285
377.657166
391.822449
135.262451
136.176132
393.657104
391.822357
151.261963
136.177338
409.656830
391.822571
167.262939
136.176727
425.658508
391.820984
183.269562
136.173218
441.661316
391.823273
-120.739182
152.165100
137.649338
407.824768
-104.741898
152.175385
153.654434
407.823181
-88.738922
152.176529
169.656891
407.823303
-72.738907
152.176834
185.657120
407.822479
-56.738602
152.177155
201.656677
407.821808
-40.738480
152.176926
217.657135
407.822052
-24.738342
152.177032
233.656921
407.821899
-8.738495
152.176865
249.657135
407.822083
7.261520
152.177094
265.656860
407.821777
23.261398
152.176987
281.657166
407.821991
39.261551
152.177200
297.656921
407.821777
55.261520
152.176956
313.657196
407.821991
71.261612
152.177094
329.656921
407.821808
87.261597
152.176971
345.657166
407.822083
103.261612
152.177170
361.656952
407.821808
119.261520
152.176880
377.657257
407.822021
135.261383
152.176636
393.656952
407.821777
151.261276
152.177643
409.657043
407.821960
167.262115
152.176682
425.657471
407.820709
183.268707
152.173431
441.661133
407.824066
-120.737350
168.165405
137.649841
423.824768
-104.740707
168.173630
153.653076
423.821716
-88.737946
168.173920
169.655258
423.823853
-72.738632
168.174393
185.655029
423.823029
-56.737961
168.174576
201.654755
423.822754
-40.738159
168.174347
217.655014
423.822754
-24.737869
168.174408
233.654922
423.822754
-8.738220
168.174316
249.655045
423.822754
7.262085
168.174377
265.654968
423.822693
23.261810
168.174225
281.655060
423.822754
39.262131
168.174408
297.654968
423.822693
55.261795
168.174255
313.655029
423.822784
71.262146
168.174377
329.654907
423.822784
87.261810
168.174225
345.655029
423.822815
103.262115
168.174408
361.654877
423.822754
119.261841
168.174255
377.655029
423.822754
135.262146
168.174240
393.654907
423.822510
151.261230
168.175522
409.654663
423.822296
167.262741
168.174835
425.656433
423.821503
183.267868
168.173187
441.660492
423.824158
-120.739258
184.166687
137.654816
439.824615
-104.739380
184.168442
153.657257
439.820496
-88.740448
184.165619
169.659622
439.820801
-72.740417
184.165329
185.659409
439.820618
-56.740372
184.165207
201.659363
439.820129
-40.740387
184.165146
217.659683
439.820343
-24.740448
184.165100
233.659393
439.820160
-8.740402
184.165100
249.659622
439.820374
7.259598
184.165070
265.659424
439.820129
23.259613
184.165100
281.659607
439.820343
39.259552
184.165039
297.659363
439.820190
55.259659
184.165039
313.659607
439.820343
71.259583
184.165054
329.659363
439.820160
87.259613
184.165039
345.659546
439.820374
103.259552
184.165054
361.659363
439.820129
119.259659
184.165039
377.659607
439.820343
135.259644
184.165192
393.659454
439.820038
151.259384
184.165848
409.659485
439.820129
167.260391
184.167755
425.659180
439.818695
183.266922
184.168015
441.662598
439.820587
-239.746628
-238.915710
272.036255
273.852905
-207.733337
-238.903717
304.037933
273.859833
-175.735474
-238.903870
336.037354
273.860870
-143.735062
-238.903641
368.037354
273.861359
-111.735596
-238.901917
400.038025
273.861206
-79.735687
-238.903244
432.037750
273.861816
-47.736008
-238.903000
464.038055
273.861816
-15.736084
-238.902893
496.038239
273.861420
16.264877
-238.901443
528.037903
273.860077
48.260605
-238.892426
560.026367
273.862122
-239.739395
-206.902496
272.039490
305.843567
-207.723663
-206.890091
304.037476
305.844238
-175.724167
-206.889771
336.036804
305.844757
-143.723969
-206.890015
368.036743
305.845245
-111.724930
-206.888199
400.037659
305.845551
-79.724655
-206.888794
432.037048
305.845978
-47.724548
-206.888107
464.036865
305.846436
-15.723770
-206.887283
496.036987
305.846008
16.276642
-206.887207
528.037231
305.842590
48.276932
-206.885742
560.037598
305.851593
-239.738617
-174.905014
272.043091
337.843811
-207.720093
-174.893356
304.042236
337.843201
-175.719513
-174.893082
336.041290
337.844086
-143.718689
-174.893127
368.041779
337.843781
-111.719070
-174.891174
400.042908
337.843903
-79.718475
-174.891830
432.042236
337.844208
-47.718399
-174.890961
464.041809
337.844055
-15.718124
-174.890839
496.042114
337.844177
16.281555
-174.889679
528.042542
337.841064
48.279297
-174.887772
560.040222
337.849976
-239.738678
-142.904846
272.044006
369.845764
-207.720795
-142.892990
304.042358
369.844879
-175.719864
-142.891922
336.040924
369.845551
-143.719193
-142.892090
368.041290
369.844238
-111.719513
-142.890472
400.042511
369.844482
-79.718765
-142.891388
432.041840
369.844269
-47.718719
-142.890137
464.041473
369.844452
-15.718185
-142.890076
496.041809
369.844269
16.281082
-142.889008
528.041992
369.840637
48.279419
-142.887802
560.040039
369.849823
-239.739014
-110.904083
272.043823
401.844299
-207.721527
-110.893463
304.043091
401.843414
-175.720993
-110.892715
336.042053
401.843964
-143.721237
-110.892822
368.042053
401.842896
-111.721573
-110.890808
400.042969
401.843353
-79.720901
-110.891556
432.042480
401.843750
-47.720474
-110.890182
464.042114
401.843567
-15.720200
-110.889984
496.042084
401.843292
16.279709
-110.889252
528.042908
401.840454
48.279480
-110.887909
560.040161
401.849731
-239.739594
-78.903946
272.042908
433.843353
-207.722351
-78.893753
304.043030
433.842255
-175.721649
-78.892822
336.042419
433.842834
-143.721542
-78.892792
368.042358
433.842346
-111.722061
-78.890991
400.042847
433.842560
-79.721420
-78.891632
432.042328
433.842651
-47.720917
-78.890427
464.041992
433.842041
-15.720398
-78.890411
496.041840
433.841736
16.279251
-78.889496
528.043091
433.838501
48.279373
-78.887787
560.040405
433.848450
-239.739166
-46.903320
272.043060
465.843414
-207.721909
-46.894318
304.042480
465.841675
-175.721039
-46.893188
336.041748
465.842224
-143.721222
-46.893356
368.041656
465.841583
-111.721375
-46.892258
400.042786
465.841492
-79.720917
-46.892624
432.041901
465.841797
-47.720886
-46.891693
464.041565
465.840851
-15.720184
-46.891052
496.042267
465.840576
16.279922
-46.890152
528.043213
465.837891
48.279129
-46.888062
560.041748
465.848053
-239.738632
-14.902924
272.042236
497.843323
-207.721725
-14.893341
304.042114
497.840393
-175.720840
-14.891663
336.041260
497.841492
-143.720779
-14.892242
368.041077
497.840424
-111.720871
-14.891281
400.042053
497.840942
-79.720581
-14.891495
432.041016
497.841034
-47.720230
-14.890045
464.041382
497.839905
-15.719238
-14.889664
496.041534
497.839600
16.281036
-14.888748
528.042969
497.837555
48.280319
-14.887863
560.041382
497.848267
-239.739120
17.097900
272.040588
529.841492
-207.722916
17.107330
304.041809
529.839233
-175.722351
17.108871
336.041870
529.839722
-143.722351
17.108368
368.042053
529.839233
-111.722412
17.109756
400.042816
529.839478
-79.722687
17.109375
432.041656
529.840088
-47.722153
17.111160
464.042328
529.838989
-15.721268
17.110153
496.041870
529.838806
16.279572
17.110855
528.043091
529.837524
48.280289
17.112015
560.042786
529.848145
-239.730591
49.104019
272.045471
561.845947
-207.724457
49.111237
304.053070
561.844360
-175.723282
49.110229
336.053009
561.846191
-143.723709
49.110184
368.053619
561.845703
-111.723404
49.111160
400.053894
561.845703
-79.723602
49.110855
432.053497
561.845703
-47.723282
49.110733
464.053955
561.844604
-15.722916
49.110550
496.054230
561.844116
16.276367
49.112244
528.055298
561.843628
48.275574
49.116257
560.061157
561.848389
