-59.430092
-60.893501
68.697983
68.942062
-51.415901
-60.863754
76.742836
68.931000
-43.417332
-60.869324
84.744385
68.932655
-35.415169
-60.869804
92.741653
68.933609
-27.415684
-60.870026
100.744057
68.933548
-19.415108
-60.870247
108.741280
68.933708
-11.415771
-60.869934
116.744125
68.933403
-3.415054
-60.870216
124.741257
68.933685
4.584209
-60.869934
132.744095
68.933365
12.584896
-60.870224
140.741211
68.933640
20.584198
-60.869896
148.744064
68.933304
28.584843
-60.870255
156.740967
68.933525
36.584057
-60.870346
164.743744
68.933449
44.584743
-60.870575
172.741196
68.933777
52.584984
-60.870575
180.744492
68.933891
60.586292
-60.870430
188.742462
68.935143
68.584984
-60.870537
196.745300
68.934753
76.585060
-60.870453
204.742157
68.934692
84.584305
-60.870491
212.744354
68.934204
92.585518
-60.870651
220.741974
68.934944
100.584824
-60.870560
228.744629
68.934532
108.586060
-60.870483
236.742828
68.935402
116.584778
-60.870438
244.745041
68.934776
124.585297
-60.870445
252.742233
68.935112
132.584564
-60.870590
260.744598
68.934532
140.585602
-60.870651
268.742401
68.935104
148.584747
-60.870651
276.744812
68.934669
156.585678
-60.870628
284.742645
68.935379
164.584839
-60.870651
292.744812
68.934738
172.585724
-60.870514
300.742676
68.935425
180.584839
-60.870567
308.744720
68.934746
188.585815
-60.870415
316.742981
68.935570
196.584885
-60.870216
324.744781
68.934532
204.585693
-60.869820
332.742706
68.935120
212.584915
-60.869850
340.744598
68.934143
220.585846
-60.869621
348.742523
68.934990
228.585022
-60.870026
356.744751
68.934586
236.585144
-60.868904
364.740326
68.932060
244.580017
-60.877869
372.748596
68.942139
252.583511
-60.894325
380.670166
68.930923
-59.405872
-52.847122
68.712349
77.014038
-51.440601
-52.833443
76.749504
76.993622
-43.445152
-52.844971
84.747734
76.991936
-35.445793
-52.844566
92.744843
76.992821
-27.446129
-52.844635
100.748756
76.992889
-19.445709
-52.844597
108.744690
76.992836
-11.445995
-52.844505
116.748840
76.992935
-3.445702
-52.844612
124.744675
76.992813
4.554020
-52.844513
132.748825
76.992989
12.554314
-52.844643
140.744690
76.992828
20.554104
-52.844582
148.748840
76.993011
28.554405
-52.844711
156.744415
76.992867
36.553997
-52.844627
164.748337
76.992996
44.554226
-52.845123
172.743973
76.992661
52.554295
-52.845123
180.748596
76.992355
60.555557
-52.845810
188.744598
76.992516
68.555267
-52.845230
196.749512
76.993156
76.554779
-52.845276
204.744507
76.992599
84.554581
-52.845551
212.748444
76.992493
92.554993
-52.845985
220.744232
76.992249
100.555145
-52.845993
228.748810
76.992371
108.555595
-52.845825
236.744965
76.992767
116.555023
-52.845474
244.749008
76.992935
124.555145
-52.845703
252.744629
76.992561
132.554657
-52.845894
260.748535
76.992531
140.555176
-52.846161
268.744446
76.992332
148.554901
-52.846176
276.748688
76.992462
156.555450
-52.846260
284.744537
76.992302
164.555267
-52.846245
292.748901
76.992294
172.555634
-52.846375
300.744568
76.992096
180.555496
-52.846039
308.748901
76.991920
188.555817
-52.846313
316.745056
76.991974
196.555573
-52.845871
324.749176
76.992012
204.555725
-52.846390
332.744934
76.992050
212.555481
-52.845985
340.749084
76.992020
220.555725
-52.846436
348.744690
76.991943
228.555130
-52.846291
356.748749
76.992188
236.556519
-52.846977
364.746429
76.993507
244.549164
-52.848488
372.743042
76.993355
252.547729
-52.851646
380.633331
76.913071
-59.408962
-44.853554
68.713638
85.017624
-51.440987
-44.831223
76.756516
84.993591
-43.442287
-44.841217
84.748497
84.998245
-35.442902
-44.839638
92.748611
84.998352
-27.443451
-44.839455
100.750153
84.998299
-19.443092
-44.839844
108.748268
84.998528
-11.443577
-44.839478
116.750214
84.998299
-3.443005
-44.839874
124.748299
84.998573
4.556427
-44.839493
132.750244
84.998314
12.556946
-44.839867
140.748337
84.998512
20.556370
-44.839470
148.750244
84.998138
28.556885
-44.839600
156.748199
84.998055
36.556267
-44.839081
164.749817
84.997505
44.556793
-44.839897
172.747635
84.997749
52.556828
-44.839767
180.749664
84.997147
60.557571
-44.840515
188.748367
84.997543
68.556641
-44.839600
196.749481
84.997597
76.556473
-44.840088
204.747375
84.997520
84.556641
-44.839790
212.748962
84.996620
92.557312
-44.840813
220.747894
84.996902
100.557182
-44.839813
228.749527
84.996628
108.557465
-44.840454
236.747986
84.997482
116.556747
-44.839417
244.749390
84.997337
124.556946
-44.840370
252.747665
84.997292
132.556641
-44.839836
260.749146
84.996765
140.557098
-44.840721
268.747650
84.997063
148.556915
-44.839966
276.749237
84.996574
156.557526
-44.840927
284.747772
84.996864
164.557220
-44.839714
292.749695
84.996239
172.557953
-44.840569
300.748016
84.996490
180.557312
-44.839088
308.749969
84.995667
188.558014
-44.840317
316.748322
84.996162
196.557205
-44.838623
324.750000
84.995491
204.557983
-44.839973
332.748230
84.996056
212.557190
-44.838234
340.749969
84.995369
220.557861
-44.839546
348.748352
84.995705
228.556854
-44.838303
356.749847
84.995491
236.559250
-44.838722
364.750916
84.995216
244.550110
-44.839661
372.747559
85.000244
252.545959
-44.841537
380.636780
84.922363
-59.406693
-36.853394
68.715065
93.016022
-51.440132
-36.827827
76.755737
92.989922
-43.441250
-36.837303
84.752083
92.994278
-35.441952
-36.834808
92.749596
92.994659
-27.442444
-36.835884
100.753418
92.994972
-19.442009
-36.835365
108.748955
92.994888
-11.442360
-36.835739
116.753426
92.994987
-3.441967
-36.835327
124.748947
92.994858
4.557674
-36.835732
132.753479
92.995026
12.557995
-36.835365
140.748993
92.994896
20.557655
-36.835754
148.753403
92.994980
28.557961
-36.835358
156.748825
92.994766
36.557533
-36.835716
164.752869
92.994652
44.558228
-36.835457
172.748413
92.994118
52.558376
-36.835777
180.753571
92.993454
60.558628
-36.835854
188.749237
92.993660
68.557549
-36.835968
196.752747
92.994118
76.558029
-36.835670
204.747772
92.993538
84.558205
-36.836227
212.752762
92.992935
92.558769
-36.836334
220.748535
92.992630
100.558189
-36.836349
228.753143
92.992409
108.558670
-36.835922
236.748901
92.992897
116.557892
-36.835823
244.752838
92.993080
124.558357
-36.835670
252.748627
92.992989
132.557800
-36.836121
260.752777
92.992706
140.558441
-36.836090
268.748505
92.992638
148.557861
-36.836304
276.752808
92.992218
156.558670
-36.835945
284.748840
92.992256
164.557999
-36.836060
292.753052
92.991737
172.558899
-36.835686
300.749268
92.991875
180.558014
-36.835609
308.753052
92.991005
188.558792
-36.835388
316.749756
92.991280
196.557922
-36.834923
324.753174
92.990738
204.558594
-36.834984
332.749817
92.991081
212.557846
-36.834633
340.753357
92.990532
220.558426
-36.834808
348.749695
92.990921
228.557373
-36.835114
356.752777
92.990860
236.560211
-36.835152
364.751648
92.990707
244.550644
-36.836456
372.751617
92.996696
252.544739
-36.840302
380.637482
92.919693
-59.408306
-28.853325
68.713882
101.016785
-51.439880
-28.828018
76.756302
100.991913
-43.441582
-28.837822
84.750458
100.995773
-35.442722
-28.835526
92.750160
100.996902
-27.442909
-28.836243
100.751648
100.996262
-19.442799
-28.836052
108.749390
100.997169
-11.442966
-28.836151
116.751694
100.996193
-3.442726
-28.836029
124.749405
100.997154
4.557014
-28.836182
132.751663
100.996201
12.557274
-28.836052
140.749420
100.997200
20.557018
-28.836205
148.751617
100.996178
28.557339
-28.836090
156.749420
100.997131
36.557091
-28.836151
164.751221
100.995934
44.557465
-28.835869
172.748993
100.996117
52.557396
-28.836227
180.751953
100.994835
60.557083
-28.836357
188.749191
100.996246
68.556702
-28.836182
196.750061
100.995255
76.557343
-28.836327
204.748474
100.995529
84.557663
-28.836723
212.751190
100.994148
92.557816
-28.836807
220.749115
100.994919
100.557442
-28.836349
228.751648
100.993706
108.557526
-28.836189
236.749329
100.994957
116.557266
-28.835884
244.751434
100.994217
124.557320
-28.836166
252.749039
100.995132
132.557190
-28.836243
260.751129
100.993927
140.557434
-28.836334
268.749023
100.994858
148.557251
-28.836273
276.751312
100.993561
156.557526
-28.836250
284.749023
100.994431
164.557449
-28.836044
292.751709
100.993065
172.557861
-28.835701
300.749329
100.994072
180.557556
-28.835258
308.752045
100.992416
188.557861
-28.835075
316.749817
100.993561
196.557297
-28.834450
324.752136
100.992065
204.557739
-28.834564
332.749908
100.993416
212.557144
-28.834084
340.752258
100.992043
220.557404
-28.834381
348.749756
100.993233
228.556610
-28.834602
356.751709
100.992424
236.559082
-28.834496
364.751801
100.992767
244.549622
-28.836647
372.750885
100.998589
252.544876
-28.839584
380.636963
100.921005
-59.406693
-20.853577
68.714722
109.015762
-51.439785
-20.827660
76.755600
108.989922
-43.441177
-20.836853
84.752083
108.994293
-35.441910
-20.834610
92.749390
108.994804
-27.442612
-20.835533
100.753197
108.994957
-19.441902
-20.835075
108.748718
108.994965
-11.442589
-20.835480
116.753143
108.994995
-3.441917
-20.835007
124.748711
108.995003
4.557449
-20.835472
132.753159
108.995033
12.558029
-20.835075
140.748657
108.995018
20.557449
-20.835556
148.753113
108.994980
28.558105
-20.835091
156.748627
108.994934
36.557625
-20.835373
164.752838
108.994629
44.558117
-20.834946
172.748383
108.994339
52.557495
-20.835640
180.753052
108.994209
60.557884
-20.835663
188.747559
108.994255
68.557816
-20.835976
196.751923
108.993813
76.558731
-20.835983
204.747696
108.993111
84.558334
-20.836311
212.752869
108.992592
92.558868
-20.835938
220.748383
108.992622
100.557884
-20.835945
228.752991
108.992081
108.558601
-20.835670
236.748718
108.992805
116.557663
-20.835655
244.752533
108.992844
124.558426
-20.835487
252.748352
108.993011
132.557724
-20.835854
260.752441
108.992378
140.558609
-20.835724
268.748291
108.992638
148.557709
-20.835915
276.752502
108.992134
156.558670
-20.835678
284.748505
108.992355
164.557800
-20.835785
292.752655
108.991570
172.558899
-20.835365
300.748749
108.991852
180.557922
-20.835098
308.752808
108.990700
188.558807
-20.834724
316.749420
108.991272
196.557678
-20.834145
324.752960
108.990395
204.558563
-20.834129
332.749512
108.990952
212.557526
-20.833778
340.753143
108.990135
220.558334
-20.833870
348.749420
108.990776
228.557022
-20.834297
356.752655
108.990501
236.560135
-20.834496
364.751465
108.990585
244.550385
-20.836121
372.751801
108.996735
252.544800
-20.839989
380.637634
108.919960
-59.408222
-12.853401
68.714043
117.016747
-51.439819
-12.828140
76.756294
116.991821
-43.441536
-12.837845
84.750572
116.995857
-35.442703
-12.835609
92.750252
116.996971
-27.442795
-12.836365
100.751907
116.996407
-19.442810
-12.836189
108.749420
116.997192
-11.442871
-12.836288
116.751907
116.996346
-3.442734
-12.836166
124.749435
116.997223
4.557060
-12.836349
132.751831
116.996376
12.557228
-12.836288
140.749374
116.997215
20.557053
-12.836433
148.751709
116.996330
28.557148
-12.836464
156.749207
116.997192
36.557220
-12.836403
164.751328
116.996201
44.557331
-12.836494
172.749054
116.996925
52.557259
-12.836624
180.751373
116.995964
60.557392
-12.836594
188.748718
116.996407
68.557487
-12.836807
196.751129
116.994560
76.557861
-12.836998
204.748962
116.995216
84.557541
-12.836670
212.751770
116.993919
92.557671
-12.836731
220.749130
116.994652
100.557419
-12.836395
228.751907
116.993607
108.557541
-12.836067
236.749329
116.994858
116.557297
-12.836121
244.751648
116.994080
124.557381
-12.836311
252.749130
116.995064
132.557312
-12.836449
260.751465
116.993820
140.557648
-12.836479
268.749115
116.994736
148.557449
-12.836372
276.751648
116.993645
156.557739
-12.836288
284.749207
116.994499
164.557571
-12.836121
292.751892
116.993195
172.557968
-12.835838
300.749390
116.993927
180.557678
-12.835373
308.752289
116.992363
188.557892
-12.835159
316.749786
116.993507
196.557297
-12.834427
324.752289
116.991989
204.557724
-12.834541
332.750000
116.993279
212.557114
-12.834045
340.752380
116.991867
220.557388
-12.834244
348.749817
116.993103
228.556610
-12.834480
356.751953
116.992317
236.559021
-12.834381
364.751892
116.992668
244.549606
-12.836594
372.751038
116.998558
252.544830
-12.839409
380.636993
116.921097
-59.406696
-4.853554
68.714645
125.015694
-51.439777
-4.827660
76.755531
124.989838
-43.441124
-4.836807
84.751999
124.994202
-35.441856
-4.834496
92.749367
124.994675
-27.442596
-4.835472
100.753265
124.994957
-19.441925
-4.834999
108.748718
124.994965
-11.442608
-4.835464
116.753166
124.994972
-3.441944
-4.834984
124.748665
124.994980
4.557377
-4.835503
132.753082
124.995026
12.557919
-4.835152
140.748444
124.995033
20.557251
-4.835876
148.752747
124.994995
28.558350
-4.835571
156.747940
124.995079
36.557899
-4.836243
164.752228
124.994957
44.558601
-4.836281
172.748062
124.994568
52.558426
-4.836685
180.752853
124.994598
60.558758
-4.836060
188.748276
124.994087
68.558014
-4.836288
196.752777
124.993011
76.558899
-4.835953
204.748383
124.993019
84.557899
-4.835869
212.752777
124.992676
92.558517
-4.835526
220.748230
124.992378
100.557823
-4.835823
228.752747
124.991898
108.558495
-4.835487
236.748459
124.992615
116.557739
-4.835655
244.752594
124.992416
124.558563
-4.835632
252.748535
124.992752
132.557800
-4.835922
260.752808
124.992111
140.558807
-4.835800
268.748718
124.992493
148.557800
-4.835861
276.752747
124.991898
156.558838
-4.835594
284.748779
124.992271
164.557892
-4.835587
292.752838
124.991417
172.558960
-4.835358
300.749023
124.991783
180.557938
-4.834938
308.752991
124.990707
188.558716
-4.834610
316.749390
124.991203
196.557663
-4.834084
324.753021
124.990356
204.558533
-4.834084
332.749512
124.990929
212.557495
-4.833755
340.753113
124.990089
220.558304
-4.833763
348.749390
124.990685
228.557007
-4.834221
356.752686
124.990456
236.560059
-4.834419
364.751465
124.990555
244.550339
-4.836052
372.751801
124.996735
252.544769
-4.839920
380.637604
124.919922
-59.408302
3.146500
68.713882
133.016754
-51.439781
3.171883
76.756256
132.991898
-43.441498
3.162155
84.750587
132.995773
-35.442753
3.164452
92.750198
132.996826
-27.442852
3.163620
100.751801
132.996307
-19.442806
3.163849
108.749420
132.997162
-11.442932
3.163643
116.751801
132.996307
-3.442822
3.163849
124.749359
132.997162
4.556931
3.163551
132.751587
132.996338
12.557056
3.163498
140.749069
132.997223
20.557114
3.163002
148.751038
132.996277
28.557556
3.162605
156.748962
132.996887
36.558044
3.162468
164.751831
132.995926
44.557983
3.162788
172.749878
132.996490
52.557720
3.162895
180.751923
132.995056
60.557617
3.163208
188.749451
132.995850
68.557510
3.163445
196.751923
132.994537
76.557571
3.163383
204.749207
132.995300
84.557251
3.163460
212.751129
132.994232
92.557327
3.163536
220.748962
132.994675
100.557220
3.163406
228.751556
132.993408
108.557503
3.163857
236.749268
132.994507
116.557327
3.163879
244.751801
132.993652
124.557602
3.163727
252.749420
132.994598
132.557449
3.163734
260.751862
132.993530
140.557831
3.163780
268.749634
132.994537
148.557449
3.163826
276.751953
132.993332
156.557846
3.164017
284.749512
132.994232
164.557526
3.164154
292.751923
132.992859
172.557983
3.164352
300.749817
132.993744
180.557556
3.164825
308.752258
132.992279
188.557770
3.165070
316.749817
132.993439
196.557297
3.165581
324.752319
132.991974
204.557709
3.165459
332.749969
132.993286
212.557098
3.165970
340.752350
132.991821
220.557404
3.165794
348.749817
132.993042
228.556564
3.165550
356.751923
132.992249
236.558990
3.165665
364.751892
132.992584
244.549561
3.163445
372.751038
132.998566
252.544769
3.160660
380.636963
132.921082
-59.406696
11.146355
68.714539
141.015656
-51.439598
11.172272
76.755630
140.989868
-43.441105
11.163177
84.752068
140.994263
-35.441952
11.165474
92.749374
140.994690
-27.442638
11.164513
100.753220
140.994904
-19.441929
11.164986
108.748703
140.994919
-11.442650
11.164551
116.753098
140.994949
-3.441956
11.164970
124.748573
140.994965
4.557323
11.164482
132.752869
140.994873
12.558090
11.164574
140.747986
140.994858
20.557976
11.163979
148.752808
140.994537
28.559189
11.164040
156.748535
140.993622
36.559185
11.163811
164.753555
140.993134
44.559399
11.164597
172.749573
140.993683
52.557827
11.164841
180.753448
140.993256
60.558178
11.165268
188.748291
140.993103
68.557777
11.164803
196.752762
140.993027
76.558510
11.164871
204.748047
140.993195
84.557777
11.164268
212.752411
140.992645
92.558594
11.164459
220.748169
140.992554
100.557716
11.164055
228.752777
140.991974
108.558525
11.164536
236.748657
140.992355
116.557663
11.164505
244.752838
140.992065
124.558533
11.164650
252.748627
140.992310
132.557709
11.164337
260.752686
140.991638
140.558807
11.164597
268.748932
140.992325
148.557709
11.164482
276.752777
140.991516
156.558807
11.164658
284.749023
140.992004
164.557800
11.164825
292.752808
140.990997
172.558777
11.164932
300.749390
140.991516
180.557693
11.165436
308.752960
140.990570
188.558563
11.165558
316.749481
140.991119
196.557678
11.165985
324.753082
140.990326
204.558533
11.165924
332.749512
140.990860
212.557495
11.166283
340.753113
140.990021
220.558319
11.166237
348.749390
140.990646
228.556961
11.165794
356.752625
140.990417
236.560043
11.165588
364.751465
140.990494
244.550308
11.163963
372.751770
140.996735
252.544739
11.160080
380.637573
140.919922
-59.408237
19.146423
68.713867
149.016693
-51.439636
19.171715
76.756348
148.991867
-43.441517
19.162086
84.750572
148.995819
-35.442757
19.164444
92.750229
148.996918
-27.442875
19.163651
100.751862
148.996338
-19.442810
19.163864
108.749413
148.997177
-11.442955
19.163681
116.751724
148.996307
-3.442715
19.163841
124.749359
148.997162
4.557205
19.163612
132.751602
148.996155
12.557533
19.163696
140.749115
148.996826
20.557709
19.163673
148.751587
148.995102
28.557812
19.163483
156.749634
148.995026
36.557796
19.163986
164.752563
148.994110
44.557281
19.164467
172.749664
148.995636
52.556572
19.164612
180.751129
148.994812
60.556732
19.164398
188.748352
148.995667
68.556854
19.163971
196.750717
148.994232
76.557465
19.163559
204.748642
148.995392
84.557259
19.163544
212.751068
148.993958
92.557785
19.163498
220.749146
148.994904
100.557297
19.163589
228.751526
148.993622
108.557541
19.163979
236.749268
148.994583
116.557236
19.164024
244.751633
148.993683
124.557114
19.163872
252.749146
148.994385
132.557220
19.163841
260.751526
148.993042
140.557617
19.164001
268.749298
148.994141
148.557434
19.164162
276.751923
148.992950
156.557846
19.164360
284.749573
148.993958
164.557495
19.164612
292.752075
148.992508
172.557831
19.164688
300.749878
148.993561
180.557388
19.165176
308.752319
148.992126
188.557709
19.165253
316.749908
148.993378
196.557312
19.165726
324.752441
148.991974
204.557693
19.165459
332.750000
148.993225
212.557129
19.165955
340.752319
148.991806
220.557419
19.165794
348.749817
148.993073
228.556595
19.165504
356.751892
148.992249
236.559052
19.165627
364.751862
148.992645
244.549576
19.163368
372.750946
148.998596
252.544785
19.160599
380.636963
148.921066
-59.406651
27.146324
68.714561
157.015549
-51.439625
27.172165
76.755692
156.989807
-43.441143
27.163147
84.751984
156.994263
-35.441929
27.165482
92.749336
156.994720
-27.442604
27.164513
100.753265
156.995026
-19.441940
27.165016
108.748680
156.994995
-11.442650
27.164589
116.753021
156.994858
-3.441811
27.165009
124.748596
156.994812
4.557713
27.164543
132.753082
156.994659
12.558426
27.164963
140.748291
156.994156
20.558044
27.164795
148.753174
156.993683
28.558323
27.165176
156.748901
156.993530
36.557289
27.164688
164.753464
156.993713
44.557457
27.165207
172.748276
156.993988
52.556793
27.164825
180.752426
156.994049
60.557648
27.165344
188.747711
156.993958
68.557327
27.164467
196.752151
156.993439
76.558403
27.164284
204.747894
156.992844
84.558083
27.163803
212.752594
156.992630
92.558853
27.164398
220.748016
156.992889
100.557846
27.164238
228.752838
156.992249
108.558640
27.164627
236.748810
156.992661
116.557663
27.164635
244.752716
156.992645
124.558327
27.164696
252.748474
156.992645
132.557648
27.164230
260.752686
156.991882
140.558640
27.164536
268.748718
156.992157
148.557877
27.164398
276.752808
156.991425
156.558884
27.164818
284.749146
156.991913
164.557861
27.164955
292.752838
156.990906
172.558731
27.165031
300.749451
156.991364
180.557724
27.165543
308.753021
156.990509
188.558548
27.165649
316.749603
156.991058
196.557709
27.166039
324.753204
156.990311
204.558563
27.165863
332.749573
156.990875
212.557571
27.166229
340.753143
156.990036
220.558380
27.166122
348.749420
156.990662
228.557068
27.165680
356.752594
156.990463
236.560150
27.165466
364.751465
156.990585
244.550430
27.163826
372.751740
156.996765
252.544769
27.159996
380.637573
156.919922
-59.408257
35.146362
68.713928
165.016617
-51.439770
35.171661
76.756279
164.991867
-43.441643
35.161995
84.750366
164.995865
-35.442822
35.164223
92.750015
164.996979
-27.442741
35.163399
100.751785
164.996567
-19.442715
35.163673
108.749420
164.997299
-11.442780
35.163666
116.751732
164.996231
-3.442711
35.163918
124.749344
164.996887
4.557198
35.163773
132.751648
164.995850
12.557396
35.164001
140.749176
164.996323
20.557159
35.164139
148.751740
164.995285
28.557365
35.164337
156.749298
164.996521
36.556755
35.163956
164.751587
164.995697
44.557041
35.164253
172.748779
164.996704
52.557110
35.163918
180.750977
164.995621
60.557507
35.163948
188.748566
164.996277
68.557434
35.163773
196.751175
164.994843
76.557503
35.163803
204.749283
164.994995
84.557526
35.163574
212.751587
164.993866
92.557365
35.163506
220.748779
164.994278
100.557648
35.163872
228.751389
164.993317
108.557693
35.164253
236.749588
164.994919
116.557129
35.164268
244.751633
164.993958
124.557083
35.164009
252.749344
164.994629
132.557266
35.163872
260.751740
164.993378
140.557541
35.163811
268.749695
164.994339
148.557419
35.164093
276.752167
164.993011
156.557892
35.164253
284.749878
164.994095
164.557510
35.164581
292.752411
164.992645
172.558014
35.164711
300.750244
164.993744
180.557404
35.165390
308.752869
164.992264
188.557770
35.165390
316.750397
164.993561
196.557236
35.165939
324.752899
164.992126
204.557709
35.165482
332.750580
164.993393
212.557175
35.165970
340.752899
164.991943
220.557526
35.165749
348.750275
164.993256
228.556702
35.165497
356.752258
164.992371
236.559113
35.165535
364.752136
164.992722
244.549652
35.163239
372.751190
164.998581
252.544708
35.160591
380.636993
164.921112
-59.406879
43.146248
68.714500
173.015472
-51.439884
43.172050
76.755394
172.989883
-43.441257
43.162743
84.751282
172.994324
-35.441647
43.164818
92.748817
172.994781
-27.442039
43.163918
100.752991
172.995056
-19.441608
43.164459
108.748611
172.994843
-11.442444
43.164116
116.753006
172.994888
-3.441883
43.164856
124.748589
172.994598
4.557373
43.164467
132.752853
172.994507
12.558014
43.164902
140.748642
172.994476
20.557312
43.164268
148.752197
172.994751
28.558247
43.164101
156.747681
172.995132
36.557777
43.163254
164.752350
172.994904
44.558365
43.163292
172.748230
172.994263
52.557880
43.162666
180.752411
172.994385
60.558640
43.163254
188.748383
172.993896
68.558487
43.162933
196.752777
172.993378
76.558914
43.163750
204.748169
172.993301
84.558060
43.163467
212.752197
172.993530
92.558380
43.164185
220.748596
172.992645
100.558014
43.164604
228.752670
172.991852
108.558617
43.165535
236.749023
172.992630
116.557404
43.165459
244.752594
172.992401
124.558228
43.165550
252.748413
172.992386
132.557724
43.165237
260.752899
172.991943
140.558487
43.165443
268.748657
172.992096
148.557755
43.165398
276.752960
172.991425
156.558594
43.165833
284.748871
172.991745
164.557632
43.165802
292.752930
172.990753
172.558685
43.166168
300.749359
172.991348
180.557266
43.166107
308.753052
172.990311
188.558472
43.166298
316.749573
172.991028
196.557373
43.166382
324.753326
172.990143
204.558624
43.166489
332.750183
172.990784
212.557404
43.166756
340.753448
172.990067
220.558502
43.166359
348.750183
172.990875
228.557037
43.165924
356.753479
172.990616
236.559952
43.165794
364.752167
172.990723
244.550079
43.163765
372.752380
172.996918
252.544601
43.160202
380.637573
172.920349
-59.408539
51.146004
68.713341
181.016388
-51.439812
51.171005
76.755402
180.992142
-43.441288
51.161400
84.749466
180.995651
-35.441761
51.163330
92.750259
180.996979
-27.442333
51.162781
100.752068
180.996552
-19.442715
51.162994
108.749565
180.997223
-11.442833
51.163261
116.751701
180.996429
-3.443047
51.163666
124.749695
180.997009
4.556705
51.163452
132.751495
180.996017
12.557175
51.163231
140.748322
180.997330
20.556499
51.162468
148.749969
180.995331
28.558670
51.162354
156.749054
180.997009
36.558346
51.162270
164.752106
180.995712
44.557861
51.162094
172.749298
180.996155
52.557751
51.162735
180.751785
180.995239
60.557907
51.162460
188.749573
180.996155
68.557983
51.162964
196.751923
180.994690
76.558403
51.162743
204.749451
180.996170
84.557892
51.163139
212.751251
180.995087
92.558189
51.163872
220.750397
180.995605
100.557266
51.164108
228.753082
180.994705
108.556946
51.163734
236.749298
180.995529
116.557190
51.164246
244.751999
180.994751
124.556976
51.164474
252.748962
180.995087
132.556961
51.164421
260.751404
180.993896
140.557007
51.164429
268.748932
180.994705
148.557114
51.164612
276.751465
180.993622
156.556854
51.164894
284.748871
180.994385
164.556961
51.165245
292.751617
180.992767
172.556778
51.165459
300.749023
180.993790
180.556656
51.165817
308.751709
180.992111
188.556580
51.165939
316.749268
180.993164
196.556885
51.166107
324.752441
180.991608
204.556824
51.166290
332.750031
180.992523
212.556168
51.166534
340.751526
180.990860
220.557007
51.166374
348.750153
180.992523
228.556122
51.165970
356.752075
180.991943
236.558167
51.166183
364.752258
180.992462
244.549438
51.163475
372.750946
180.998795
252.543915
51.160774
380.636383
180.920731
-59.406693
59.145706
68.713417
189.015091
-51.439331
59.171036
76.754829
188.989731
-43.439934
59.161598
84.751656
188.993073
-35.440559
59.163658
92.749306
188.993622
-27.441601
59.163528
100.753304
188.994766
-19.441956
59.164352
108.748619
188.994659
-11.442493
59.164017
116.752930
188.994690
-3.441948
59.164444
124.748596
188.994812
4.557007
59.163757
132.751526
188.994675
12.558025
59.163162
140.747162
188.994415
20.559227
59.163261
148.752960
188.993225
28.560165
59.162544
156.748627
188.992889
36.558846
59.163292
164.753448
188.992828
44.559456
59.163376
172.749954
188.993866
52.557823
59.163177
180.752853
188.992859
60.559261
59.163490
188.749390
188.993378
68.557922
59.164047
196.752975
188.992401
76.558807
59.164688
204.748932
188.992203
84.558411
59.164841
212.753845
188.991943
92.558395
59.165024
220.749786
188.992676
100.557640
59.163788
228.752548
188.993561
108.558350
59.164711
236.749359
188.993454
116.558197
59.164482
244.753510
188.993439
124.557663
59.165085
252.749023
188.993851
132.557434
59.164886
260.752716
188.993683
140.557648
59.165550
268.748444
188.993103
148.557129
59.165268
276.752808
188.992920
156.557587
59.165863
284.748291
188.992920
164.557053
59.165466
292.753052
188.992706
172.557373
59.165901
300.748230
188.992676
180.557083
59.165298
308.752716
188.992340
188.557480
59.165451
316.748077
188.992157
196.557983
59.165176
324.753082
188.992432
204.557434
59.164932
332.748383
188.992661
212.557220
59.165665
340.752380
188.991211
220.557831
59.166229
348.748779
188.991272
228.556091
59.165787
356.752228
188.991241
236.559570
59.166092
364.751160
188.991425
244.550598
59.162788
372.750610
188.998535
252.544876
59.160080
380.636932
188.919113
-59.408134
67.145416
68.712967
197.015915
-51.439045
67.170448
76.754883
196.990753
-43.439869
67.161560
84.751160
196.993652
-35.442017
67.163399
92.750420
196.995483
-27.442654
67.163902
100.751328
196.995819
-19.443161
67.163521
108.749039
196.996597
-11.442909
67.163551
116.751213
196.995773
-3.443089
67.163269
124.748825
196.997055
4.556610
67.162247
132.750458
196.995789
12.559113
67.162918
140.749359
196.995331
20.558846
67.162926
148.752823
196.993423
28.557903
67.163055
156.750458
196.994659
36.557423
67.164352
164.751953
196.992584
44.557705
67.164497
172.749695
196.993393
52.557213
67.165192
180.752930
196.992126
60.557301
67.165276
188.750397
196.993668
68.556839
67.165192
196.752731
196.992722
76.557152
67.164490
204.750336
196.993988
84.556915
67.164581
212.752106
196.994202
92.556427
67.163895
220.749374
196.995422
100.556496
67.164017
228.751129
196.993835
108.558151
67.163330
236.750626
196.995453
116.557404
67.163086
244.751892
196.995972
124.557564
67.164688
252.749573
196.997482
132.556564
67.163231
260.752136
196.996155
140.557343
67.163841
268.749634
196.996994
148.556763
67.163910
276.751434
196.995544
156.556839
67.164307
284.749054
196.996292
164.556763
67.164131
292.751282
196.995377
172.556976
67.164032
300.748962
196.996307
180.556946
67.164078
308.750916
196.995300
188.557129
67.164185
316.748871
196.995453
196.557465
67.163460
324.751038
196.994446
204.557373
67.164230
332.749084
196.995422
212.557297
67.164948
340.752380
196.994049
220.556351
67.164268
348.749634
196.995544
228.555725
67.164520
356.750549
196.993942
236.558365
67.164505
364.750488
196.993805
244.551498
67.161507
372.749176
197.000534
252.545731
67.160095
380.636658
196.920410
-59.406094
75.145653
68.713043
205.014221
-51.437973
75.170486
76.755058
204.987869
-43.439442
75.162003
84.752205
204.991547
-35.441296
75.164192
92.749352
204.993027
-27.442551
75.163948
100.752190
204.994049
-19.441891
75.164413
108.748375
204.994034
-11.442310
75.163483
116.752182
204.994492
-3.442314
75.163864
124.747719
204.994171
4.559128
75.164139
132.752380
204.992584
12.559811
75.163589
140.749222
204.992249
20.558037
75.164520
148.753326
204.992218
28.558430
75.165825
156.749008
204.992630
36.557255
75.166161
164.753464
204.990631
44.557568
75.166405
172.748932
204.991104
52.556644
75.166405
180.753113
204.990768
60.557568
75.166084
188.748474
204.991882
68.556915
75.166054
196.752869
204.991394
76.557663
75.166191
204.748825
204.991348
84.557106
75.165649
212.752487
204.990768
92.558182
75.165718
220.748108
204.992340
100.557312
75.164642
228.753296
204.992035
108.557907
75.165085
236.748825
204.992920
116.557892
75.164574
244.752670
204.993073
124.559303
75.163658
252.749008
204.994690
132.558487
75.164566
260.753113
204.995407
140.558197
75.163963
268.749329
204.995010
148.557251
75.164139
276.752869
204.994904
156.557831
75.164658
284.748230
204.994568
164.557587
75.164124
292.752686
204.994598
172.558365
75.164093
300.747955
204.994537
180.558228
75.163712
308.752197
204.994492
188.558594
75.163544
316.747772
204.993912
196.558228
75.163742
324.752991
204.993484
204.558304
75.163857
332.748291
204.992737
212.558487
75.164230
340.752472
204.993378
220.558136
75.164238
348.748322
204.994629
228.557358
75.163284
356.751984
204.994781
236.560593
75.163391
364.750519
204.993774
244.552109
75.161606
372.749512
204.999786
252.545868
75.159431
380.637512
204.919830
-59.408459
83.145370
68.712357
213.014709
-51.437576
83.170723
76.755936
212.989487
-43.439774
83.162285
84.751518
212.993149
-35.442299
83.164345
92.750450
212.994659
-27.442665
83.164200
100.751488
212.994476
-19.442593
83.163483
108.749557
212.996399
-11.443283
83.163033
116.751083
212.995605
-3.442123
83.163361
124.749001
212.995880
4.557972
83.163231
132.752197
212.993683
12.557735
83.164032
140.749420
212.994751
20.557426
83.165039
148.752258
212.993683
28.556686
83.164040
156.749512
212.994415
36.556679
83.164597
164.751709
212.993683
44.556164
83.165100
172.749252
212.994644
52.556267
83.164330
180.752014
212.993881
60.556293
83.164886
188.748322
212.994751
68.556610
83.164482
196.751877
212.993591
76.556709
83.164024
204.748962
212.994797
84.556602
83.164497
212.751068
212.993103
92.557251
83.164009
220.748657
212.994293
100.557022
83.164635
228.752350
212.993134
108.556572
83.163902
236.749176
212.993744
116.557373
83.163734
244.751999
212.993622
124.557770
83.164223
252.749649
212.995575
132.557861
83.164444
260.752563
212.995636
140.557236
83.163704
268.750397
212.997330
148.556381
83.163704
276.751068
212.996185
156.556946
83.163673
284.749084
212.996643
164.557175
83.163284
292.751343
212.995728
172.557281
83.162987
300.749146
212.996338
180.557373
83.162994
308.751221
212.994812
188.558060
83.162949
316.749359
212.995422
196.557556
83.162865
324.751892
212.995209
204.557693
83.163040
332.749725
212.996460
212.557480
83.162918
340.751038
212.994659
220.557953
83.163162
348.748871
212.995926
228.557617
83.163567
356.751892
212.995255
236.559723
83.164001
364.751831
212.995270
244.551575
83.161270
372.750183
213.000717
252.545532
83.159927
380.636475
212.919998
-59.406193
91.145897
68.712402
221.012939
-51.437252
91.170784
76.755966
220.987427
-43.439953
91.162796
84.751930
220.991394
-35.441475
91.165024
92.749886
220.992004
-27.442699
91.164734
100.752579
220.992203
-19.441753
91.164574
108.749153
220.994125
-11.442169
91.164536
116.752007
220.992401
-3.440990
91.164566
124.748634
220.993042
4.557755
91.165581
132.753738
220.992737
12.558250
91.165894
140.749115
220.992981
20.556931
91.164642
148.753174
220.992737
28.557652
91.165276
156.747467
220.992630
36.557842
91.164864
164.752625
220.992630
44.558132
91.165367
172.747498
220.993835
52.557190
91.165169
180.752625
220.993607
60.558250
91.164963
188.748260
220.993576
68.557655
91.164505
196.752808
220.993835
76.557938
91.165085
204.747681
220.993134
84.557686
91.164597
212.753174
220.993500
92.558350
91.165237
220.748138
220.993134
100.557663
91.163986
228.753448
220.993118
108.557854
91.165451
236.747742
220.992157
116.557220
91.164101
244.753174
220.991669
124.558838
91.164871
252.748840
220.992447
132.557831
91.164917
260.753143
220.993500
140.558029
91.165016
268.749146
220.994995
148.557388
91.164017
276.752594
220.994598
156.558350
91.164848
284.747925
220.994293
164.557739
91.164246
292.752502
220.994171
172.558258
91.164330
300.748169
220.993362
180.558289
91.163864
308.752625
220.992889
188.559052
91.164177
316.748383
220.993530
196.558090
91.164070
324.752472
220.993225
204.558777
91.164185
332.748383
220.992676
212.558380
91.164383
340.752838
220.992493
220.558731
91.164856
348.749207
220.993622
228.557358
91.164307
356.752411
220.993698
236.560410
91.164124
364.751343
220.993713
244.551743
91.161453
372.749908
221.000092
252.545349
91.159760
380.637146
220.919708
-59.407906
99.145500
68.712456
229.013824
-51.437542
99.170792
76.756233
228.989441
-43.440056
99.163246
84.751503
228.992828
-35.442566
99.165337
92.750702
228.994003
-27.443626
99.164955
100.752205
228.993546
-19.443634
99.164581
108.749100
228.994446
-11.443233
99.164185
116.752426
228.993820
-3.442966
99.164902
124.749260
228.994614
4.557217
99.164970
132.751801
228.994705
12.556747
99.164383
140.749435
228.996033
20.556477
99.164162
148.750214
228.994751
28.557537
99.163742
156.748505
228.996155
36.556839
99.163521
164.750992
228.994904
44.557236
99.163536
172.747772
228.995956
52.557354
99.163719
180.751053
228.995087
60.557209
99.163742
188.748596
228.995865
68.557022
99.163559
196.750793
228.994797
76.557251
99.163673
204.748138
228.996002
84.557068
99.163628
212.750702
228.995148
92.557632
99.164032
220.748779
228.996155
100.557114
99.163078
228.751251
228.994110
108.557442
99.163704
236.749481
228.994461
116.557175
99.164261
244.751694
228.993881
124.556915
99.163544
252.750717
228.994064
132.557663
99.163200
260.751068
228.994232
140.557770
99.164520
268.749634
228.996872
148.557693
99.163925
276.752472
228.996048
156.557373
99.163612
284.749390
228.996506
164.557098
99.163841
292.751160
228.995071
172.557098
99.163612
300.749207
228.995453
180.557159
99.163330
308.751282
228.993896
188.557678
99.163124
316.748718
228.995056
196.557434
99.163010
324.750763
228.994263
204.557724
99.163963
332.749542
228.995026
212.557373
99.163391
340.752014
228.994263
220.557373
99.164017
348.748962
228.995880
228.556870
99.163269
356.751251
228.995483
236.559036
99.163574
364.751373
228.995239
244.551605
99.161118
372.749390
229.000977
252.545868
99.159882
380.636719
228.920990
-59.405739
107.146164
68.712364
237.012100
-51.437561
107.171005
76.755768
236.986313
-43.439930
107.164154
84.752258
236.990143
-35.441586
107.166183
92.750114
236.991348
-27.443295
107.166054
100.753410
236.991333
-19.442528
107.165680
108.748878
236.992828
-11.443439
107.164642
116.752419
236.993500
-3.442051
107.165054
124.747955
236.993256
4.557617
107.164276
132.752670
236.993958
12.557812
107.164314
140.747498
236.993195
20.558167
107.162987
148.752151
236.993164
28.559223
107.164177
156.747925
236.993332
36.558037
107.163651
164.753036
236.993164
44.559048
107.164124
172.748459
236.993561
52.557800
107.163643
180.753036
236.993652
60.558357
107.164223
188.748322
236.993912
68.557442
107.163811
196.751907
236.994049
76.558441
107.164413
204.747849
236.993805
84.557449
107.163574
212.751740
236.993561
92.558662
107.164581
220.747894
236.993347
100.558380
107.163391
228.753616
236.993591
108.558075
107.165092
236.747543
236.991882
116.558220
107.164650
244.752518
236.992798
124.558014
107.165260
252.749512
236.993134
132.557190
107.163971
260.752808
236.991730
140.559067
107.164330
268.747986
236.993088
148.559219
107.164322
276.753387
236.994537
156.558487
107.164368
284.749054
236.994446
164.557343
107.164154
292.752625
236.994049
172.558060
107.164970
300.748169
236.993500
180.557602
107.164284
308.752869
236.992966
188.558212
107.164360
316.747955
236.992722
196.558044
107.164421
324.752686
236.992050
204.558929
107.164734
332.748749
236.992798
212.557541
107.164566
340.753296
236.992920
220.558350
107.164734
348.748596
236.993500
228.557495
107.163826
356.752258
236.993713
236.560379
107.164177
364.751099
236.993210
244.551712
107.161797
372.750031
236.998810
252.545334
107.159721
380.637115
236.919067
-59.407486
115.145615
68.712624
245.013687
-51.437977
115.171059
76.756516
244.988800
-43.440895
115.163544
84.751076
244.992035
-35.442326
115.165939
92.750664
244.993576
-27.443558
115.165512
100.752884
244.992676
-19.443737
115.164658
108.749344
244.995331
-11.443737
115.164017
116.751297
244.994843
-3.443016
115.163780
124.748802
244.995758
4.556938
115.163292
132.751007
244.994659
12.557022
115.163017
140.748581
244.995636
20.557941
115.163773
148.752060
244.993744
28.558357
115.163727
156.750046
244.994324
36.557743
115.164017
164.752472
244.993866
44.558804
115.164322
172.749451
244.996017
52.557442
115.163750
180.752396
244.995575
60.557293
115.163033
188.749146
244.996201
68.557426
115.163208
196.751282
244.995132
76.557755
115.162453
204.748688
244.996109
84.557472
115.163010
212.751389
244.994385
92.558365
115.163429
220.748138
244.995789
100.557907
115.163086
228.751938
244.995117
108.557098
115.164474
236.748383
244.995361
116.556686
115.164322
244.751175
244.994186
124.557693
115.163185
252.748688
244.995773
132.556213
115.163399
260.750458
244.993805
140.558289
115.163864
268.749390
244.994202
148.557922
115.163559
276.752808
244.994736
156.557709
115.163803
284.749695
244.997009
164.556732
115.163849
292.751495
244.995621
172.557007
115.163841
300.748871
244.995941
180.557251
115.163651
308.751770
244.994659
188.557220
115.163551
316.748810
244.995270
196.556946
115.163300
324.751526
244.993744
204.557465
115.163467
332.748810
244.994980
212.557419
115.163910
340.751770
244.994446
220.557190
115.164040
348.749207
244.995483
228.556976
115.163490
356.751434
244.995056
236.558945
115.163826
364.751617
244.995407
244.551422
115.161087
372.749298
245.001251
252.545776
115.159843
380.636475
244.920593
-59.405350
123.146561
68.713112
253.011902
-51.438499
123.171127
76.756203
252.986206
-43.440395
123.164200
84.751900
252.990204
-35.441959
123.166542
92.749855
252.991135
-27.443375
123.165916
100.754478
252.991516
-19.441895
123.165131
108.748985
252.993774
-11.442871
123.164948
116.752235
252.993332
-3.441219
123.164261
124.748840
252.993866
4.557816
123.164215
132.752426
252.993546
12.558517
123.164337
140.748383
252.992172
20.558537
123.164337
148.753464
252.992172
28.558189
123.164322
156.748535
252.992691
36.556637
123.164200
164.751785
252.991486
44.558716
123.165756
172.748779
252.992126
52.557938
123.165184
180.752747
252.991837
60.558605
123.164803
188.748978
252.992508
68.557915
123.164536
196.752747
252.992554
76.559052
123.164284
204.749451
252.993774
84.557480
123.163696
212.752655
252.991745
92.559334
123.163574
220.748734
252.992889
100.558250
123.163963
228.753082
252.992950
108.558517
123.163773
236.748901
252.992432
116.558350
123.164192
244.750885
252.993073
124.558090
123.164429
252.748993
252.992935
132.559021
123.163727
260.752747
252.992249
140.558777
123.164780
268.749664
252.992035
148.557663
123.164452
276.753296
252.992477
156.558319
123.164925
284.749084
252.994186
164.557083
123.163879
292.752472
252.994202
172.558807
123.164886
300.748444
252.993729
180.557800
123.164009
308.753052
252.993484
188.558228
123.164581
316.748138
252.993256
196.557571
123.164131
324.752869
252.992615
204.558594
123.164505
332.748199
252.992889
212.557907
123.164276
340.752930
252.993073
220.558411
123.164818
348.748566
252.993561
228.557495
123.163696
356.752411
252.993927
236.560226
123.164055
364.750793
252.993484
244.551819
123.161507
372.750061
252.999207
252.545471
123.159637
380.637177
252.919174
-59.407864
131.146057
68.713684
261.013489
-51.438908
131.171417
76.756981
260.988434
-43.440838
131.162933
84.751106
260.992096
-35.443398
131.165588
92.749557
260.993500
-27.444202
131.164719
100.751862
260.993164
-19.443054
131.164597
108.748489
260.994659
-11.442680
131.163895
116.751785
260.995087
-3.441906
131.163391
124.749153
260.996490
4.557205
131.163055
132.751755
260.994995
12.557518
131.163239
140.749161
260.993958
20.557224
131.163589
148.751556
260.993530
28.556618
131.164734
156.749542
260.995483
36.555824
131.165131
164.752106
260.993317
44.557159
131.164368
172.747833
260.993713
52.556961
131.164520
180.751617
260.992432
60.558025
131.164978
188.749344
260.994873
68.556717
131.165344
196.751892
260.992798
76.557983
131.164474
204.749496
260.994598
84.557274
131.164856
212.752579
260.993683
92.557755
131.164932
220.749390
260.994171
100.557327
131.164093
228.753159
260.993500
108.557518
131.164749
236.750244
260.994751
116.557877
131.164749
244.752106
260.993927
124.558136
131.164200
252.749649
260.994659
132.558212
131.164078
260.752563
260.992188
140.558182
131.164154
268.749725
260.994537
148.557220
131.164154
276.752869
260.994202
156.557068
131.165222
284.748962
260.995605
164.556763
131.163452
292.751831
260.994141
172.558075
131.163788
300.749268
260.995880
180.557159
131.163940
308.751923
260.995178
188.556992
131.163696
316.748932
260.995636
196.556992
131.163330
324.751312
260.994019
204.557495
131.163635
332.748657
260.995056
212.557449
131.163818
340.751526
260.994324
220.557266
131.163925
348.749054
260.995514
228.556900
131.163361
356.751221
260.995117
236.559082
131.163818
364.751465
260.995361
244.551636
131.161118
372.749420
261.001129
252.545837
131.159882
380.636597
260.920624
-59.405239
139.146622
68.714439
269.012787
-51.438625
139.171494
76.756081
268.987610
-43.440926
139.162781
84.751228
268.991516
-35.442303
139.165390
92.748619
268.992676
-27.443756
139.164642
100.752983
268.992920
-19.442448
139.164703
108.747459
268.992462
-11.441959
139.164124
116.752220
268.992188
-3.440788
139.165009
124.748962
268.993652
4.558746
139.165146
132.752975
268.992493
12.558212
139.165100
140.749420
268.993408
20.557098
139.165436
148.752747
268.992615
28.558250
139.165070
156.748322
268.993225
36.557487
139.164734
164.751862
268.992706
44.557648
139.164780
172.748322
268.992554
52.557133
139.165268
180.752777
268.990845
60.558712
139.165955
188.749390
268.990814
68.557236
139.166382
196.753372
268.990692
76.557358
139.165863
204.748779
268.990906
84.556580
139.166214
212.752167
268.989838
92.558670
139.165924
220.751160
268.991180
100.556282
139.165924
228.753128
268.990662
108.557846
139.165146
236.750519
268.992401
116.557266
139.165527
244.751953
268.991211
124.559250
139.164444
252.749771
268.992310
132.557816
139.165619
260.753296
268.992310
140.558578
139.165283
268.749695
268.992432
148.557449
139.165039
276.754181
268.992981
156.558228
139.165451
284.749268
268.993927
164.556503
139.164536
292.752441
268.992249
172.558289
139.164627
300.748413
268.992828
180.557678
139.164337
308.752319
268.994019
188.558395
139.164902
316.747803
268.993774
196.557739
139.164108
324.752594
268.993042
204.558578
139.164246
332.747925
268.992981
212.558044
139.164124
340.752686
268.993164
220.558304
139.164520
348.748260
268.993469
228.557419
139.163635
356.752289
268.993866
236.560287
139.164078
364.750793
268.993439
244.551910
139.161499
372.750061
268.999237
252.545578
139.159637
380.637207
268.919250
-59.407349
147.145844
68.713936
277.013733
-51.438271
147.171051
76.755936
276.990112
-43.440544
147.162659
84.751022
276.994019
-35.443153
147.164383
92.749939
276.995361
-27.443932
147.163834
100.751488
276.994354
-19.442631
147.163681
108.749336
276.994873
-11.442577
147.164566
116.751579
276.993805
-3.442619
147.163437
124.750275
276.995117
4.557209
147.164276
132.751587
276.994354
12.556606
147.163849
140.748260
276.995148
20.557236
147.164719
148.751205
276.994812
28.556999
147.163666
156.748581
276.995728
36.557468
147.163712
164.751419
276.993408
44.558826
147.164047
172.748215
276.994324
52.557621
147.163910
180.752380
276.993042
60.556763
147.164444
188.749023
276.993988
68.556190
147.164703
196.752426
276.993347
76.556007
147.165985
204.748642
276.994141
84.556335
147.166382
212.752640
276.991394
92.556396
147.166260
220.749039
276.992157
100.555923
147.166275
228.751740
276.991333
108.556244
147.166077
236.748154
276.993286
116.556671
147.166046
244.751862
276.991943
124.556961
147.164993
252.749435
276.992981
132.557526
147.165741
260.752411
276.992249
140.557663
147.165466
268.750153
276.993744
148.556534
147.164871
276.753601
276.994537
156.556473
147.165558
284.750000
276.996124
164.556122
147.163757
292.751770
276.995331
172.556915
147.163788
300.748840
276.995758
180.557144
147.163330
308.750580
276.994965
188.557739
147.163391
316.748444
276.996094
196.557449
147.163376
324.751221
276.994385
204.558014
147.163544
332.749146
276.995361
212.557419
147.163849
340.751892
276.994629
220.557236
147.163696
348.749115
276.995605
228.556946
147.163239
356.751038
276.995026
236.559311
147.163605
364.751190
276.995300
244.551620
147.161102
372.749146
277.001068
252.545944
147.159775
380.636719
276.920715
-59.406437
155.146576
68.713898
285.012939
-51.438431
155.171799
76.756149
284.986450
-43.439899
155.163513
84.751846
284.991577
-35.442341
155.165802
92.748795
284.993347
-27.443287
155.164581
100.752640
284.993378
-19.441963
155.164688
108.747986
284.992188
-11.442116
155.163712
116.752632
284.992615
-3.441620
155.165268
124.749344
284.993530
4.557060
155.163849
132.752747
284.994019
12.558449
155.164490
140.747437
284.993866
20.557972
155.163330
148.751434
284.992706
28.559654
155.163544
156.748322
284.993591
36.558197
155.163742
164.752991
284.992432
44.559574
155.163406
172.749298
284.993164
52.558380
155.164642
180.752838
284.992493
60.558220
155.165070
188.749481
284.992035
68.556702
155.165619
196.752380
284.991821
76.557999
155.165619
204.749146
284.992767
84.556915
155.164734
212.751923
284.992737
92.557266
155.165009
220.749054
284.992615
100.557388
155.163864
228.751343
284.992554
108.557503
155.164246
236.746582
284.990967
116.558472
155.165070
244.752533
284.990692
124.558701
155.165756
252.749756
284.990875
132.557434
155.166077
260.753296
284.990143
140.558533
155.166275
268.750061
284.991455
148.556900
155.165497
276.754150
284.992615
156.557465
155.165955
284.748840
284.993652
164.557343
155.164612
292.752075
284.994080
172.558090
155.164658
300.748444
284.993927
180.557785
155.164215
308.752228
284.993347
188.558929
155.163895
316.747864
284.992889
196.558533
155.164001
324.753357
284.992279
204.559570
155.164154
332.749023
284.992798
212.558441
155.164093
340.753235
284.993103
220.558655
155.164047
348.748901
284.993561
228.557617
155.163086
356.752014
284.993835
236.560532
155.163605
364.750854
284.993286
244.551849
155.161255
372.749908
284.998871
252.545975
155.159454
380.637939
284.919708
-59.408051
163.146286
68.713440
293.014130
-51.439335
163.171036
76.756294
292.989960
-43.441677
163.162323
84.749420
292.994171
-35.443714
163.165329
92.748550
292.994629
-27.442947
163.164307
100.750923
292.993958
-19.442680
163.164001
108.749207
292.994263
-11.441830
163.164169
116.752289
292.993591
-3.442661
163.164658
124.749611
292.995941
4.556240
163.163605
132.750488
292.994568
12.557514
163.163116
140.748215
292.996033
20.557678
163.163605
148.751556
292.993958
28.558453
163.163635
156.749817
292.994843
36.557335
163.163300
164.752563
292.993622
44.557446
163.164902
172.749573
292.994202
52.557903
163.163864
180.753357
292.993622
60.557617
163.164825
188.749893
292.995575
68.556595
163.163635
196.752960
292.995422
76.556503
163.163605
204.748138
292.995361
84.557549
163.163452
212.751831
292.994629
92.556961
163.163223
220.748413
292.995911
100.557533
163.163788
228.751495
292.993896
108.558136
163.163681
236.749603
292.993835
116.558304
163.164780
244.752808
292.992218
124.558014
163.164917
252.750443
292.993622
132.556671
163.165726
260.752869
292.991730
140.556656
163.165405
268.749817
292.994476
148.556000
163.165131
276.752808
292.994873
156.556030
163.164261
284.749390
292.996216
164.556793
163.163742
292.750610
292.995087
172.557373
163.163879
300.749176
292.996124
180.557236
163.163849
308.751404
292.994690
188.557205
163.163818
316.749237
292.994324
196.557617
163.163849
324.752258
292.992676
204.557816
163.163757
332.749695
292.994019
212.558090
163.164017
340.751923
292.994110
220.557800
163.164429
348.749695
292.995636
228.557053
163.163101
356.752014
292.994751
236.559692
163.163788
364.752136
292.995331
244.551376
163.161865
372.750122
293.000397
252.545868
163.160080
380.637543
292.921356
-59.406178
171.145920
68.713600
301.013947
-51.439152
171.171173
76.755882
300.988159
-43.440720
171.162140
84.752090
300.992645
-35.442314
171.164993
92.748695
300.993011
-27.442860
171.164307
100.751801
300.992401
-19.441540
171.164993
108.748428
300.992371
-11.441818
171.164124
116.753166
300.992889
-3.442223
171.165405
124.747231
300.994049
4.557465
171.164673
132.751495
300.993347
12.559570
171.164886
140.747864
300.992920
20.558479
171.164093
148.752777
300.992096
28.558826
171.164795
156.749680
300.991638
36.558170
171.165466
164.753632
300.992188
44.557995
171.165024
172.749481
300.993317
52.556812
171.165253
180.753113
300.992645
60.558498
171.165359
188.749207
300.993896
68.557755
171.164993
196.752945
300.994354
76.558105
171.164490
204.749222
300.993378
84.557907
171.163818
212.751602
300.992859
92.558990
171.164474
220.748901
300.993896
100.557922
171.164429
228.752136
300.992798
108.559502
171.165131
236.748993
300.992798
116.557968
171.165009
244.753326
300.991394
124.558945
171.165771
252.749252
300.991943
132.557190
171.166351
260.752777
300.991669
140.557602
171.165833
268.748657
300.993469
148.557098
171.165039
276.752930
300.994293
156.557709
171.165436
284.748352
300.993988
164.557922
171.164795
292.752899
300.993927
172.558258
171.165192
300.748291
300.993713
180.558121
171.164810
308.753113
300.993561
188.558350
171.164856
316.748718
300.993591
196.557526
171.164383
324.752960
300.993011
204.558044
171.165100
332.748810
300.992249
212.557678
171.165497
340.753174
300.991272
220.558136
171.165741
348.748993
300.992004
228.556946
171.165009
356.752686
300.992279
236.560287
171.164566
364.751251
300.992767
244.551559
171.162659
372.750122
300.998749
252.545059
171.159698
380.637238
300.919495
-59.407482
179.145752
68.713089
309.014282
-51.438660
179.170532
76.756645
308.990356
-43.441071
179.161346
84.750786
308.994781
-35.442833
179.163544
92.749420
308.996185
-27.442623
179.163315
100.751328
308.995270
-19.442379
179.163361
108.749176
308.995880
-11.442997
179.163681
116.752800
308.995422
-3.443619
179.164581
124.748611
308.994995
4.557331
179.164368
132.752914
308.993713
12.557034
179.164536
140.749207
308.994110
20.557095
179.164169
148.752655
308.993347
28.556576
179.165192
156.749756
308.993835
36.556385
179.164520
164.751083
308.992737
44.556606
179.165039
172.749222
308.994019
52.556458
179.164886
180.751953
308.992981
60.557114
179.164536
188.748596
308.994507
68.557297
179.164520
196.751587
308.995117
76.556854
179.163757
204.748520
308.995850
84.557068
179.164429
212.751343
308.993652
92.557220
179.163513
220.748306
308.994507
100.557762
179.164948
228.751877
308.993622
108.557503
179.164322
236.749481
308.994507
116.557449
179.164307
244.752060
308.993164
124.557091
179.165024
252.749207
308.994324
132.556854
179.165085
260.751831
308.993927
140.556747
179.165100
268.749207
308.994995
148.556961
179.164688
276.751709
308.995178
156.557434
179.164734
284.749878
308.996307
164.556946
179.164047
292.751221
308.995209
172.557373
179.164230
300.749268
308.996155
180.557175
179.164200
308.751282
308.994873
188.557266
179.164337
316.749023
308.995331
196.557434
179.164551
324.751740
308.994019
204.557175
179.164246
332.749603
308.994781
212.557022
179.164368
340.752289
308.994476
220.556335
179.164368
348.749054
308.995697
228.556076
179.163879
356.751129
308.994751
236.558411
179.164627
364.751434
308.994690
244.550995
179.161469
372.749603
309.000580
252.545486
179.159485
380.635925
308.919830
-59.405800
187.146149
68.713684
317.013611
-51.438793
187.169678
76.755371
316.988464
-43.440369
187.161224
84.751068
316.992432
-35.440987
187.164124
92.748169
316.992706
-27.441933
187.164124
100.752243
316.992188
-19.441113
187.165100
108.748764
316.992432
-11.442299
187.164398
116.753220
316.992981
-3.441681
187.165085
124.748871
316.993591
4.557343
187.164246
132.752747
316.993744
12.557880
187.164963
140.748520
316.993896
20.557442
187.164047
148.752594
316.993774
28.557693
187.164688
156.748383
316.993958
36.557072
187.164215
164.752579
316.993500
44.557991
187.164917
172.748474
316.993622
52.556839
187.163971
180.752869
316.994141
60.557507
187.164871
188.748108
316.993652
68.557648
187.164032
196.752228
316.993958
76.558655
187.164902
204.748596
316.993622
84.557678
187.164215
212.752991
316.993713
92.558037
187.164902
220.748322
316.993347
100.557526
187.164215
228.752716
316.993134
108.558350
187.165131
236.748367
316.992859
116.557465
187.164917
244.753220
316.992554
124.557816
187.165848
252.748734
316.992615
132.557068
187.165482
260.752960
316.992889
140.557800
187.165619
268.749023
316.993408
148.557129
187.164810
276.753021
316.993805
156.558075
187.164948
284.748108
316.993896
164.557617
187.164490
292.752716
316.994202
172.558105
187.165070
300.748230
316.993988
180.557724
187.164642
308.752747
316.993896
188.558167
187.165192
316.748291
316.993652
196.557617
187.164886
324.752899
316.993652
204.557770
187.165253
332.748169
316.993317
212.557297
187.164917
340.752533
316.993042
220.557831
187.165375
348.748047
316.992889
228.557297
187.164337
356.752655
316.993317
236.559921
187.164536
364.751038
316.993378
244.551910
187.161591
372.750397
316.999969
252.545319
187.159866
380.637177
316.919525
-59.407471
195.145477
68.713440
325.014343
-51.438515
195.170486
76.756012
324.989868
-43.440430
195.161346
84.751091
324.993896
-35.442337
195.163788
92.749725
324.994873
-27.442631
195.163605
100.751610
324.994324
-19.442581
195.163635
108.749161
324.995361
-11.442924
195.163574
116.751343
324.994598
-3.442619
195.163544
124.748978
324.995758
4.557365
195.163376
132.750809
324.994781
12.557552
195.163528
140.749023
324.995758
20.557255
195.163574
148.751129
324.994843
28.557232
195.163773
156.749268
324.995819
36.557156
195.163742
164.751526
324.994995
44.556847
195.163803
172.749054
324.995789
52.557205
195.163727
180.751663
324.995148
60.556946
195.163574
188.749573
324.996277
68.556976
195.163666
196.751633
324.995636
76.557014
195.163818
204.749298
324.996246
84.557144
195.163696
212.751495
324.995239
92.557137
195.164124
220.749374
324.995819
100.557022
195.164154
228.751663
324.994934
108.556870
195.164551
236.749329
324.995483
116.556923
195.164581
244.751862
324.994690
124.556717
195.164474
252.749481
324.996033
132.556686
195.164459
260.751587
324.995392
140.556763
195.163971
268.749451
324.996704
148.556824
195.163971
276.751373
324.995911
156.557159
195.163849
284.749451
324.996765
164.557159
195.163681
292.751495
324.996033
172.557220
195.163910
300.749420
324.996765
180.557251
195.163727
308.751678
324.995880
188.557190
195.163879
316.749359
324.996643
196.557205
195.163727
324.751526
324.995728
204.557190
195.163788
332.749298
324.996582
212.557129
195.163635
340.751709
324.995728
220.556992
195.163635
348.749268
324.996796
228.556641
195.162933
356.751038
324.996124
236.558884
195.163391
364.751282
324.995850
244.551636
195.160583
372.749115
325.001251
252.546173
195.159698
380.636597
324.920715
-59.405071
203.146210
68.713684
333.012543
-51.438198
203.170609
76.756042
332.987335
-43.440052
203.162201
84.751808
332.991577
-35.441437
203.164490
92.748901
332.992340
-27.442528
203.164062
100.752365
332.992035
-19.441540
203.164337
108.748528
332.992523
-11.442509
203.164124
116.752396
332.992310
-3.441422
203.164413
124.748329
332.992950
4.557854
203.164200
132.752502
332.993011
12.558487
203.164581
140.748291
332.993469
20.557713
203.164185
148.752441
332.993530
28.558342
203.164581
156.748077
332.993652
36.557774
203.164093
164.752350
332.993774
44.558258
203.164474
172.748093
332.993805
52.557648
203.164062
180.752319
332.993958
60.558159
203.164337
188.748016
332.993958
68.557831
203.163986
196.752365
332.994202
76.558228
203.164291
204.748016
332.994141
84.557816
203.164093
212.752548
332.994263
92.558167
203.164490
220.748245
332.994171
100.557777
203.164185
228.752716
332.994354
108.558083
203.164459
236.748199
332.994293
116.557625
203.164139
244.752777
332.994385
124.557968
203.164429
252.748230
332.994293
132.557648
203.164093
260.752686
332.994507
140.557983
203.164398
268.748138
332.994385
148.557724
203.164108
276.752838
332.994568
156.558151
203.164398
284.748291
332.994507
164.557846
203.164062
292.752869
332.994659
172.558273
203.164413
300.748383
332.994446
180.557831
203.164093
308.752869
332.994507
188.558228
203.164444
316.748291
332.994293
196.557800
203.164154
324.752747
332.994385
204.558121
203.164474
332.748108
332.994141
212.557693
203.164169
340.752533
332.994232
220.558136
203.164383
348.747986
332.994141
228.557648
203.163483
356.751801
332.994629
236.560547
203.163788
364.750153
332.993622
244.552094
203.161346
372.749847
332.999237
252.546112
203.159515
380.637207
332.919189
-59.407307
211.145798
68.713135
341.013641
-51.438282
211.170837
76.756058
340.989532
-43.440128
211.162216
84.751221
340.993378
-35.442326
211.164368
92.749809
340.994568
-27.442780
211.163818
100.751541
340.993713
-19.442444
211.163727
108.749138
340.994690
-11.442715
211.163666
116.751419
340.993805
-3.442459
211.163940
124.749092
340.994781
4.557301
211.163879
132.751434
340.993988
12.557594
211.163910
140.749084
340.995239
20.557236
211.163773
148.751297
340.994476
28.557472
211.163788
156.748962
340.995667
36.557297
211.163742
164.751328
340.994904
44.557384
211.163696
172.748901
340.995911
52.557152
211.163605
180.751221
340.994965
60.557240
211.163605
188.748901
340.996063
68.557129
211.163483
196.751282
340.995209
76.557190
211.163544
204.748871
340.996185
84.557098
211.163467
212.751114
340.995331
92.557106
211.163513
220.748901
340.996277
100.557068
211.163452
228.751205
340.995422
108.557144
211.163498
236.748932
340.996399
116.557053
211.163345
244.751251
340.995575
124.557114
211.163498
252.748947
340.996490
132.557007
211.163361
260.751251
340.995544
140.557129
211.163513
268.748962
340.996460
148.557007
211.163452
276.751251
340.995605
156.557098
211.163635
284.748993
340.996460
164.556946
211.163513
292.751221
340.995514
172.557068
211.163513
300.748932
340.996429
180.557159
211.163376
308.751160
340.995544
188.557251
211.163498
316.748749
340.996460
196.557297
211.163544
324.751068
340.995575
204.557373
211.163589
332.748657
340.996399
212.557175
211.163513
340.750854
340.995331
220.557312
211.163574
348.748474
340.996368
228.556961
211.162750
356.750580
340.995575
236.559769
211.163132
364.750916
340.995728
244.551666
211.160675
372.749329
341.000946
252.546539
211.159592
380.637115
340.920868
-59.405319
219.146820
68.712952
349.011932
-51.438301
219.170929
76.756012
348.986816
-43.440414
219.163330
84.752159
348.990662
-35.441406
219.165390
92.749207
348.991730
-27.442398
219.165283
100.752785
348.991394
-19.441357
219.164551
108.748955
348.992432
-11.442245
219.164520
116.752846
348.991852
-3.441490
219.164001
124.748779
348.992371
4.557716
219.163879
132.752563
348.992279
12.558601
219.163864
140.748260
348.992737
20.557823
219.163879
148.752228
348.992554
28.558739
219.164154
156.748093
348.992828
36.557697
219.163910
164.752045
348.992920
44.558521
219.164154
172.748230
348.993286
52.557564
219.163925
180.752014
348.993225
60.558376
219.164200
188.747879
348.993408
68.557838
219.163834
196.752075
348.993652
76.558411
219.164001
204.747864
348.993774
84.557785
219.163773
212.751953
348.993896
92.558350
219.164047
220.747787
348.993866
100.557747
219.163742
228.752075
348.994080
108.558273
219.164001
236.747910
348.993988
116.557739
219.163788
244.752197
348.994202
124.558258
219.164185
252.747910
348.994080
132.557709
219.163895
260.752197
348.994293
140.558167
219.164200
268.747772
348.994141
148.557617
219.163818
276.752045
348.994385
156.558380
219.164276
284.747650
348.994263
164.557709
219.163910
292.751740
348.994202
172.558365
219.163986
300.747406
348.993896
180.557861
219.163574
308.751770
348.994110
188.558502
219.163605
316.747681
348.993958
196.557953
219.163132
324.751984
348.994110
204.558594
219.163376
332.747864
348.993866
212.557663
219.163055
340.751953
348.993408
220.558655
219.163300
348.747925
348.993408
228.557724
219.162674
356.751495
348.993378
236.561035
219.163086
364.750610
348.992859
244.552368
219.161636
372.750977
348.997742
252.546326
219.159439
380.638367
348.919739
-59.407337
227.146240
68.713425
357.013123
-51.438046
227.171387
76.756172
356.989410
-43.440819
227.163422
84.751724
356.992859
-35.442917
227.165665
92.749886
356.993683
-27.443306
227.165466
100.751884
356.992493
-19.442543
227.165039
108.749748
356.993652
-11.442711
227.164917
116.752151
356.992981
-3.442467
227.164688
124.749466
356.994263
4.557327
227.164337
132.751801
356.993713
12.557743
227.164276
140.749420
356.994843
20.557560
227.163666
148.752014
356.993896
28.557838
227.163940
156.749420
356.994904
36.557590
227.163635
164.751541
356.993927
44.557838
227.163635
172.748779
356.995239
52.557518
227.163818
180.751068
356.994415
60.557854
227.163879
188.748657
356.995544
68.557617
227.163330
196.751312
356.994568
76.558090
227.163269
204.749084
356.996124
84.557381
227.163361
212.751373
356.994904
92.557724
227.163254
220.748993
356.996063
100.557373
227.163284
228.751389
356.994995
108.557747
227.163025
236.748871
356.996094
116.557480
227.162918
244.751434
356.995117
124.557938
227.162918
252.748810
356.996399
132.557571
227.163086
260.751312
356.995575
140.557831
227.163284
268.748566
356.996765
148.557556
227.163483
276.750916
356.995636
156.557678
227.163315
284.748047
356.996918
164.557327
227.162979
292.750916
356.995087
172.557800
227.162903
300.748413
356.995514
180.557816
227.163605
308.751190
356.994568
188.557709
227.163437
316.749023
356.995941
196.557755
227.163361
324.751495
356.994537
204.558136
227.163391
332.749237
356.995636
212.557739
227.163422
340.751923
356.993927
220.558136
227.163300
348.749115
356.994934
228.557617
227.163239
356.751404
356.994202
236.560257
227.163712
364.751617
356.994171
244.551254
227.161591
372.750916
356.999603
252.545914
227.159851
380.637207
356.921387
-59.407143
235.147751
68.712997
365.011627
-51.440544
235.171387
76.757233
364.987152
-43.443199
235.164368
84.753540
364.989929
-35.444275
235.166809
92.750427
364.990845
-27.445549
235.166641
100.754097
364.990295
-19.444527
235.166428
108.750610
364.991180
-11.445614
235.166351
116.753952
364.990814
-3.444519
235.166016
124.750359
364.991425
4.554550
235.165955
132.753510
364.990692
12.555946
235.165497
140.750427
364.991577
20.555008
235.165543
148.753967
364.991272
28.555988
235.165131
156.750305
364.992004
36.555157
235.165100
164.753876
364.991882
44.556183
235.164734
172.750214
364.992615
52.555481
235.164566
180.753342
364.991882
60.556828
235.164124
188.750031
364.992065
68.555954
235.164993
196.753967
364.991455
76.556702
235.164902
204.750427
364.992188
84.555321
235.165039
212.754013
364.992188
92.556358
235.164703
220.750092
364.992920
100.555199
235.164551
228.753815
364.992584
108.556320
235.164490
236.750031
364.992859
116.555336
235.164383
244.753586
364.992371
124.557007
235.164307
252.750153
364.992920
132.555893
235.164307
260.753510
364.992493
140.557159
235.164154
268.750366
364.993011
148.555664
235.164230
276.753510
364.992676
156.556641
235.163849
284.749847
364.993164
164.555832
235.164001
292.754456
364.992859
172.556259
235.163620
300.750336
364.992065
180.555450
235.164673
308.753235
364.991730
188.556396
235.164383
316.749603
364.992432
196.555511
235.164490
324.753632
364.991699
204.556946
235.164062
332.750488
364.992310
212.555603
235.164703
340.753906
364.991882
220.556519
235.164642
348.750214
364.992310
228.555206
235.164124
356.753296
364.991577
236.558304
235.164322
364.752533
364.991516
244.549362
235.162445
372.753052
364.996552
252.545975
235.159454
380.637085
364.919128
-59.410282
243.138092
68.722221
373.013336
-51.435619
243.167709
76.755844
372.993195
-43.438793
243.163254
84.752632
372.993896
-35.439491
243.164413
92.751976
372.993347
-27.440010
243.164017
100.753532
372.992615
-19.439453
243.164108
108.751976
372.993347
-11.439938
243.163696
116.753693
372.992737
-3.439331
243.163849
124.752098
372.993530
4.560085
243.163361
132.753799
372.993225
12.560524
243.163437
140.751968
372.994049
20.560074
243.162842
148.753662
372.993835
28.560509
243.163025
156.751892
372.994873
36.560081
243.162476
164.752960
372.994141
44.560833
243.162430
172.751785
372.994659
52.560318
243.162415
180.753128
372.993683
60.561199
243.162857
188.752548
372.993958
68.560570
243.162323
196.753754
372.993622
76.560638
243.162430
204.751236
372.994446
84.560135
243.161530
212.752594
372.994354
92.560593
243.161743
220.751099
372.995178
100.560181
243.161011
228.752472
372.994751
108.561066
243.161285
236.751007
372.995209
116.560333
243.161026
244.752441
372.994354
124.561356
243.161545
252.751556
372.994720
132.560547
243.161560
260.752899
372.993561
140.561172
243.162415
268.751953
372.994049
148.560822
243.161987
276.753448
372.993591
156.561493
243.162460
284.751770
372.994537
164.560806
243.161560
292.753265
372.994904
172.561310
243.161957
300.752411
372.995850
180.560104
243.161591
308.752563
372.995056
188.560669
243.162384
316.751312
372.994843
196.560791
243.161957
324.753479
372.993988
204.560974
243.162262
332.751373
372.994293
212.560547
243.162323
340.753052
372.993805
220.560883
243.162491
348.751678
372.994507
228.560028
243.161942
356.752869
372.994049
236.562546
243.164627
364.755646
372.993988
244.556900
243.164581
372.755463
372.998657
252.551544
243.168762
380.635986
372.920197
-59.419815
251.076508
68.673935
380.990417
-51.411026
251.063629
76.639862
380.983459
-43.412041
251.059326
84.632233
380.991364
-35.412678
251.062347
92.631172
380.989441
-27.413540
251.061401
100.632393
380.989685
-19.412857
251.062241
108.631325
380.989624
-11.413555
251.061371
116.632446
380.989746
-3.412804
251.062241
124.631332
380.989685
4.586388
251.061432
132.632370
380.989746
12.587154
251.062256
140.631302
380.989746
20.586372
251.061279
148.632416
380.989807
28.587177
251.061981
156.631287
380.989868
36.586449
251.061005
164.632462
380.989990
44.587189
251.061707
172.631546
380.990143
52.586536
251.060638
180.632538
380.990417
60.587410
251.060822
188.631790
380.991211
68.586723
251.060226
196.632538
380.991302
76.587723
251.061035
204.631439
380.991272
84.586838
251.060150
212.632385
380.991150
92.587875
251.061325
220.631256
380.991119
100.587189
251.060272
228.632584
380.991180
108.587784
251.061371
236.631454
380.991211
116.587204
251.060028
244.632660
380.991180
124.587692
251.061142
252.631622
380.991333
132.587296
251.060150
260.632812
380.991089
140.587616
251.060623
268.631775
380.991516
148.587006
251.059677
276.632507
380.991272
156.587433
251.060272
284.631195
380.991211
164.586823
251.059769
292.632324
380.990845
172.587509
251.060532
300.631073
380.990845
180.586884
251.060333
308.631927
380.990662
188.587738
251.061172
316.631531
380.991150
196.586746
251.060455
324.632843
380.991089
204.587204
251.061111
332.631561
380.990906
212.586700
251.060349
340.632233
380.990570
220.587387
251.061432
348.631287
380.990326
228.586517
251.060303
356.632263
380.990631
236.587860
251.061752
364.632080
380.990875
244.585373
251.068390
372.642426
380.992432
252.556915
251.079712
380.604187
380.943268
-120.736115
-119.823837
137.651428
135.830795
-104.735474
-119.815384
153.648422
135.828888
-88.732742
-119.812202
169.648560
135.830048
-72.732391
-119.811981
185.648605
135.829895
-56.732040
-119.811501
201.648438
135.829926
-40.732224
-119.811714
217.648666
135.830017
-24.732025
-119.811592
233.648499
135.830109
-8.732147
-119.811798
249.648758
135.830109
7.267899
-119.811852
265.648499
135.830109
23.267715
-119.811783
281.648682
135.830170
39.268036
-119.811752
297.648468
135.830063
55.267593
-119.812004
313.648804
135.830215
71.267838
-119.811897
329.648560
135.830200
87.267670
-119.811996
345.648773
135.830261
103.267853
-119.811996
361.648499
135.830231
119.267609
-119.812134
377.648651
135.830383
135.267685
-119.812103
393.648254
135.830261
151.267578
-119.811882
409.649078
135.830292
167.267181
-119.813736
425.649872
135.830139
183.263458
-119.824677
441.652039
135.828522
-120.740646
-103.833733
137.650162
151.827469
-104.742538
-103.825348
153.652069
151.825714
-88.737152
-103.824287
169.655304
151.824493
-72.737167
-103.823990
185.655792
151.824280
-56.736404
-103.823639
201.655472
151.824005
-40.736542
-103.823929
217.655792
151.824081
-24.736252
-103.823669
233.655518
151.824097
-8.736374
-103.823952
249.655869
151.824112
7.263763
-103.823967
265.655426
151.824112
23.263626
-103.824074
281.655762
151.824280
39.263718
-103.824051
297.655426
151.824081
55.263458
-103.824348
313.655731
151.824219
71.263657
-103.824074
329.655579
151.824051
87.263535
-103.824310
345.655762
151.824158
103.263641
-103.824142
361.655457
151.824188
119.263428
-103.824448
377.655640
151.824249
135.263199
-103.824196
393.655151
151.824188
151.263367
-103.824234
409.654724
151.824448
167.264694
-103.825584
425.657959
151.822998
183.269409
-103.827682
441.659180
151.822754
-120.738251
-87.834969
137.649750
167.824905
-104.741013
-87.824844
153.653229
167.823441
-88.737381
-87.823204
169.656403
167.823853
-72.737274
-87.822662
185.656387
167.823135
-56.736710
-87.822006
201.656281
167.822876
-40.736923
-87.821945
217.656418
167.822906
-24.736481
-87.821838
233.656418
167.822815
-8.736786
-87.821877
249.656631
167.822968
7.263580
-87.821892
265.656342
167.822968
23.263290
-87.821808
281.656708
167.823151
39.263474
-87.821678
297.656555
167.822845
55.263107
-87.821999
313.656586
167.822937
71.263519
-87.821915
329.656494
167.822906
87.263275
-87.822052
345.656555
167.823029
103.263535
-87.821922
361.656403
167.823059
119.263214
-87.821999
377.656494
167.823120
135.263199
-87.822052
393.656311
167.822937
151.262405
-87.821350
409.655884
167.823135
167.263687
-87.822037
425.658264
167.821838
183.269577
-87.825897
441.661499
167.823517
-120.738617
-71.835220
137.649841
183.824554
-104.741211
-71.824623
153.653961
183.823364
-88.737976
-71.824051
169.657257
183.823685
-72.737793
-71.823608
185.657455
183.822693
-56.737366
-71.823036
201.657242
183.822250
-40.737305
-71.823280
217.657639
183.822433
-24.737244
-71.823090
233.657440
183.822235
-8.737228
-71.823112
249.657745
183.822510
7.262665
-71.822960
265.657654
183.822311
23.262665
-71.823097
281.657684
183.822586
39.262726
-71.823013
297.657532
183.822388
55.262573
-71.823273
313.657471
183.822540
71.262726
-71.823074
329.657349
183.822449
87.262604
-71.823128
345.657471
183.822601
103.262665
-71.823036
361.657318
183.822525
119.262497
-71.823250
377.657471
183.822647
135.262344
-71.823288
393.657104
183.822327
151.261963
-71.822769
409.656921
183.822723
167.262802
-71.822998
425.658691
183.821198
183.269821
-71.826714
441.662048
183.823517
-120.738266
-55.835327
137.649841
199.824677
-104.741150
-55.824883
153.653427
199.823303
-88.737732
-55.824318
169.656754
199.823944
-72.737640
-55.824005
185.656815
199.822617
-56.736954
-55.823395
201.656876
199.822388
-40.737183
-55.823387
217.656982
199.822449
-24.736954
-55.822998
233.657196
199.822296
-8.737473
-55.823341
249.656921
199.822327
7.263062
-55.823212
265.656921
199.822388
23.262863
-55.823212
281.656982
199.822525
39.263107
-55.822983
297.656921
199.822571
55.262695
-55.823341
313.656830
199.822464
71.262985
-55.823135
329.656738
199.822525
87.262680
-55.823235
345.656708
199.822540
103.262878
-55.823051
361.656677
199.822556
119.262543
-55.823288
377.656799
199.822525
135.262619
-55.823463
393.656677
199.822388
151.261978
-55.822723
409.656494
199.822693
167.263077
-55.823029
425.658630
199.821274
183.269623
-55.827057
441.661621
199.823502
-120.738617
-39.835243
137.649704
215.824570
-104.741272
-39.825005
153.653580
215.823242
-88.738129
-39.824196
169.656815
215.823593
-72.737732
-39.823914
185.657166
215.822632
-56.737289
-39.823196
201.657074
215.822083
-40.737259
-39.823174
217.657394
215.822205
-24.737137
-39.823090
233.657166
215.821991
-8.737228
-39.823502
249.657104
215.822159
7.262909
-39.823196
265.657104
215.822113
23.262802
-39.823135
281.657349
215.822327
39.262833
-39.823029
297.657349
215.822174
55.262680
-39.823204
313.657288
215.822327
71.262833
-39.823181
329.657227
215.822266
87.262772
-39.823288
345.657288
215.822449
103.262741
-39.823112
361.657043
215.822311
119.262650
-39.823280
377.657227
215.822418
135.262527
-39.823318
393.656921
215.822144
151.261993
-39.822830
409.656830
215.822586
167.262863
-39.823059
425.658691
215.821106
183.269730
-39.827118
441.661987
215.823395
-120.738358
-23.835365
137.649704
231.824677
-104.741058
-23.824982
153.653259
231.823334
-88.737762
-23.824539
169.656723
231.823959
-72.737732
-23.823936
185.656754
231.822754
-56.737045
-23.823265
201.656845
231.822357
-40.737152
-23.823311
217.656952
231.822479
-24.736725
-23.823067
233.657135
231.822449
-8.737167
-23.823273
249.656967
231.822479
7.263107
-23.822922
265.657043
231.822388
23.262848
-23.823425
281.657166
231.822540
39.263107
-23.823334
297.657043
231.822510
55.262665
-23.823532
313.656860
231.822510
71.263123
-23.822945
329.657074
231.822540
87.262756
-23.823135
345.657043
231.822601
103.263031
-23.822990
361.656982
231.822601
119.262711
-23.823265
377.657043
231.822510
135.262772
-23.823357
393.656860
231.822403
151.262100
-23.822479
409.656555
231.822723
167.263077
-23.822861
425.658813
231.821365
183.269516
-23.826958
441.661621
231.823486
-120.738678
-7.835312
137.649490
247.824615
-104.740997
-7.824951
153.653625
247.823364
-88.738190
-7.824265
169.656647
247.823578
-72.738068
-7.824242
185.656952
247.822647
-56.737366
-7.823723
201.656830
247.822372
-40.737213
-7.823570
217.657318
247.822388
-24.737396
-7.823265
233.657333
247.822144
-8.737427
-7.823410
249.657425
247.822281
7.262573
-7.823090
265.657288
247.822098
23.262573
-7.822968
281.657501
247.822357
39.262726
-7.822754
297.657410
247.822128
55.262390
-7.823196
313.657410
247.822159
71.262695
-7.823021
329.657227
247.822144
87.262772
-7.823227
345.657410
247.822403
103.262665
-7.822929
361.657104
247.822205
119.262772
-7.823029
377.657196
247.822296
135.262711
-7.823242
393.657104
247.822083
151.262070
-7.822777
409.656921
247.822617
167.263107
-7.822861
425.658569
247.821136
183.269608
-7.827034
441.661957
247.823334
-120.738342
8.164612
137.649643
263.824829
-104.740768
8.175224
153.653488
263.823425
-88.737915
8.175529
169.656250
263.823853
-72.737854
8.175674
185.656326
263.822906
-56.736801
8.176292
201.656815
263.822632
-40.737198
8.176826
217.657013
263.822479
-24.736969
8.176888
233.656830
263.822327
-8.737228
8.176620
249.656921
263.822449
7.263260
8.176666
265.657013
263.822479
23.262650
8.176765
281.656952
263.822388
39.263062
8.176926
297.656799
263.822632
55.262589
8.176849
313.656891
263.822357
71.262894
8.177010
329.656952
263.822449
87.262604
8.176788
345.657074
263.822479
103.262955
8.176811
361.657196
263.822510
119.262665
8.176857
377.657166
263.822601
135.262863
8.176880
393.657074
263.822510
151.262238
8.177597
409.656860
263.822784
167.263321
8.177078
425.658722
263.821045
183.269547
8.172943
441.661560
263.823456
-120.738708
24.164757
137.649445
279.824799
-104.740814
24.175217
153.653549
279.823395
-88.738205
24.175613
169.656464
279.823639
-72.737854
24.175873
185.656784
279.822693
-56.737549
24.176720
201.656891
279.822205
-40.737320
24.176498
217.657089
279.822144
-24.737274
24.176743
233.657028
279.822144
-8.737274
24.176918
249.657211
279.822205
7.262970
24.177017
265.657135
279.821960
23.262833
24.176811
281.657227
279.822205
39.262985
24.176865
297.657196
279.822205
55.262802
24.176651
313.657379
279.822449
71.262650
24.176422
329.656982
279.821869
87.262451
24.176392
345.657074
279.822266
103.262741
24.176682
361.657288
279.822174
119.262573
24.176666
377.657532
279.822327
135.262360
24.176712
393.657379
279.822144
151.261887
24.177475
409.657196
279.822723
167.262802
24.177025
425.658722
279.821045
183.269669
24.173248
441.661865
279.823395
-120.738434
40.164856
137.649521
295.824921
-104.741013
40.175285
153.653336
295.823425
-88.737778
40.175461
169.656616
295.823761
-72.737991
40.175858
185.656387
295.822693
-56.737061
40.176422
201.656586
295.822540
-40.737305
40.176491
217.656891
295.822693
-24.736847
40.176910
233.656967
295.822449
-8.737488
40.176865
249.656845
295.822510
7.263016
40.176880
265.657013
295.822571
23.262894
40.176735
281.657104
295.822571
39.263062
40.176971
297.656799
295.822632
55.262665
40.176964
313.656982
295.822723
71.263184
40.176643
329.656799
295.822449
87.262756
40.176041
345.656860
295.822418
103.263046
40.176697
361.656860
295.822540
119.263077
40.176422
377.657043
295.822449
135.263046
40.176529
393.657074
295.822479
151.262115
40.177414
409.656891
295.822784
167.263367
40.176796
425.658752
295.821320
183.269592
40.173393
441.661285
295.823425
-120.738647
56.164749
137.649506
311.824860
-104.741135
56.175385
153.653290
311.823608
-88.738251
56.175835
169.656723
311.823425
-72.738052
56.176170
185.656769
311.822479
-56.737396
56.176765
201.656647
311.822449
-40.737152
56.176483
217.657410
311.822510
-24.737259
56.176865
233.657257
311.822174
-8.737350
56.176407
249.657318
311.822388
7.262634
56.176842
265.657166
311.822327
23.262619
56.176636
281.657440
311.822449
39.262512
56.176437
297.657227
311.822113
55.262436
56.176796
313.657104
311.822449
71.262650
56.176933
329.657471
311.822205
87.262238
56.176399
345.657166
311.822021
103.262512
56.176445
361.656982
311.822174
119.262711
56.176697
377.657654
311.822449
135.262634
56.176651
393.657288
311.821991
151.262054
56.177361
409.657166
311.822571
167.263000
56.176834
425.658569
311.820953
183.269791
56.173218
441.661560
311.823303
-120.738388
72.164680
137.649658
327.824799
-104.741287
72.175140
153.653091
327.823486
-88.737686
72.175629
169.656631
327.823761
-72.737854
72.176086
185.656525
327.822693
-56.737015
72.176750
201.656479
327.822601
-40.737625
72.176865
217.656616
327.822571
-24.737015
72.176796
233.656799
327.822418
-8.737183
72.176765
249.656769
327.822601
7.263092
72.176498
265.656799
327.822479
23.262680
72.176781
281.656891
327.822571
39.263046
72.176804
297.656586
327.822174
55.262665
72.176445
313.656799
327.822479
71.263092
72.176910
329.656982
327.822754
87.262589
72.176514
345.656799
327.822296
103.262894
72.176590
361.656616
327.822388
119.262848
72.176460
377.656677
327.822449
135.263046
72.176659
393.656921
327.822418
151.262268
72.177460
409.656708
327.822662
167.263397
72.176926
425.658691
327.821259
183.269653
72.173195
441.661285
327.823364
-120.738632
88.164871
137.649658
343.824738
-104.741287
88.175201
153.653549
343.823181
-88.737961
88.176224
169.657196
343.823608
-72.737869
88.176224
185.657120
343.822693
-56.737518
88.176491
201.656616
343.822449
-40.737289
88.176476
217.657166
343.822571
-24.737213
88.176926
233.657013
343.822449
-8.737122
88.176804
249.657486
343.822357
7.262573
88.176842
265.656952
343.822052
23.262772
88.176636
281.657013
343.822327
39.262863
88.176872
297.657013
343.822327
55.262787
88.176712
313.657166
343.822388
71.262741
88.177002
329.657104
343.822021
87.262360
88.176575
345.657104
343.822052
103.262634
88.176598
361.657043
343.821991
119.262894
88.176514
377.657227
343.822357
135.262726
88.176575
393.657349
343.822144
151.262024
88.177513
409.657288
343.822540
167.262878
88.176949
425.658691
343.820984
183.269775
88.173309
441.661621
343.823364
-120.738342
104.164787
137.649643
359.824738
-104.741119
104.175171
153.653091
359.823242
-88.737808
104.175812
169.656509
359.823944
-72.737839
104.176193
185.656754
359.822998
-56.737122
104.176605
201.656570
359.822601
-40.737305
104.176514
217.656815
359.822601
-24.736938
104.176781
233.656891
359.822449
-8.737427
104.176949
249.656937
359.822449
7.262848
104.176918
265.657043
359.822327
23.262527
104.176804
281.657104
359.822693
39.262985
104.177048
297.656921
359.822632
55.262802
104.177124
313.657227
359.822693
71.263031
104.177292
329.657135
359.822449
87.262680
104.176834
345.656921
359.822174
103.262985
104.176773
361.656799
359.822357
119.262863
104.176872
377.657013
359.822388
135.263123
104.176765
393.657166
359.822449
151.262085
104.177353
409.656738
359.822632
167.263367
104.176903
425.658752
359.821381
183.269775
104.173264
441.661194
359.823395
-120.738602
120.164970
137.649521
375.824707
-104.741196
120.175224
153.653397
375.823303
-88.738434
120.175758
169.656754
375.823761
-72.738159
120.176323
185.657089
375.822876
-56.737579
120.176758
201.657013
375.822205
-40.737442
120.176643
217.657227
375.822357
-24.737350
120.176857
233.657166
375.822052
-8.737335
120.176613
249.657349
375.822113
7.262695
120.176903
265.657013
375.822144
23.262665
120.176765
281.657257
375.822357
39.262726
120.177002
297.657166
375.822083
55.262573
120.176956
313.657257
375.822327
71.262665
120.177078
329.657166
375.822235
87.262573
120.176826
345.657104
375.822266
103.262817
120.176888
361.657043
375.822144
119.262711
120.176750
377.657288
375.822327
135.262527
120.176758
393.657166
375.822113
151.262039
120.177399
409.656982
375.822601
167.263092
120.176971
425.658508
375.820953
183.269760
120.173233
441.661621
375.823303
-120.738556
136.164978
137.649780
391.824738
-104.741455
136.174759
153.653412
391.823364
-88.738266
136.175354
169.656708
391.823730
-72.738464
136.175629
185.656769
391.822784
-56.737732
136.176300
201.656677
391.822510
-40.737854
136.176147
217.657181
391.822479
-24.737457
136.176544
233.657196
391.822510
-8.737640
136.176422
249.657410
391.822510
7.262634
136.176544
265.657227
391.822418
23.262421
136.176285
281.657288
391.822449
39.262741
136.176666
297.657227
391.822357
55.262421
136.176453
313.657349
391.822449
71.262619
136.176651
329.657288
391.822357
87.262329
136.176392
345.657288
391.822327
103.262665
136.176514
361.657227
391.822327
119.262314
136.176178
377.657349
391.822357
135.262344
136.176025
393.657196
391.822327
151.261719
136.177048
409.656799
391.822601
167.263138
136.176773
425.658630
391.820679
183.269470
136.172958
441.661377
391.823303
-120.738937
152.165314
137.649368
407.824768
-104.742020
152.175293
153.653992
407.823242
-88.738846
152.176193
169.656464
407.823090
-72.738754
152.176544
185.656982
407.822388
-56.738647
152.176971
201.656723
407.821869
-40.738632
152.176834
217.657227
407.822021
-24.738602
152.177063
233.656967
407.821838
-8.738693
152.177002
249.657257
407.822052
7.261398
152.177032
265.656982
407.821960
23.261353
152.176788
281.657257
407.822083
39.261429
152.176910
297.657043
407.821899
55.261398
152.176819
313.657318
407.822052
71.261505
152.177032
329.657043
407.821838
87.261383
152.176849
345.657227
407.822113
103.261520
152.177002
361.657013
407.821869
119.261444
152.176727
377.657379
407.822144
135.261261
152.176315
393.656982
407.821777
151.261307
152.177536
409.657043
407.821991
167.262161
152.176529
425.657715
407.820831
183.268707
152.173203
441.661072
407.824036
-120.737152
168.165634
137.649826
423.825012
-104.741119
168.173401
153.652939
423.821899
-88.737869
168.173889
169.655228
423.823639
-72.738419
168.174530
185.655014
423.822937
-56.737732
168.174652
201.654785
423.822693
-40.738022
168.174347
217.654999
423.822754
-24.737640
168.174377
233.654968
423.822723
-8.737930
168.174301
249.654999
423.822876
7.262375
168.174438
265.654907
423.822693
23.261978
168.174225
281.654968
423.822693
39.262390
168.174286
297.654938
423.822693
55.261978
168.174194
313.655060
423.822754
71.262451
168.174286
329.655029
423.822723
87.261993
168.174225
345.655060
423.822693
103.262466
168.174347
361.655090
423.822662
119.261978
168.174225
377.655151
423.822784
135.262436
168.174194
393.655090
423.822479
151.261154
168.175568
409.654663
423.822327
167.262665
168.174988
425.656494
423.821716
183.267990
168.173126
441.660309
423.824097
-120.739365
184.166809
137.654510
439.824890
-104.739487
184.168335
153.656937
439.820801
-88.740448
184.165436
169.659363
439.820831
-72.740417
184.165283
185.659317
439.820679
-56.740387
184.165161
201.659256
439.820251
-40.740433
184.164886
217.659424
439.820343
-24.740463
184.164917
233.659225
439.820129
-8.740372
184.164764
249.659348
439.820251
7.259552
184.164825
265.659119
439.819946
23.259674
184.164841
281.659363
439.820007
39.259506
184.164886
297.659027
439.819824
55.259567
184.164886
313.659302
439.820007
71.259445
184.164886
329.659058
439.819794
87.259613
184.164810
345.659241
439.820068
103.259384
184.164795
361.658997
439.819794
119.259628
184.164841
377.659424
439.820007
135.259537
184.165009
393.659119
439.819763
151.259354
184.165619
409.659210
439.819977
167.260315
184.167664
425.658966
439.818665
183.266998
184.167877
441.662506
439.820618
-239.746384
-238.916992
272.036011
273.852478
-207.732529
-238.904404
304.038055
273.860718
-175.734543
-238.904816
336.037201
273.861511
-143.734100
-238.904266
368.036896
273.861877
-111.734726
-238.902740
400.037750
273.861633
-79.735260
-238.903473
432.037903
273.861786
-47.735703
-238.902420
464.037994
273.861664
-15.735840
-238.902405
496.038361
273.861267
16.265091
-238.901062
528.037964
273.859589
48.260864
-238.892242
560.026367
273.861816
-239.739487
-206.903793
272.039551
305.842865
-207.723083
-206.890060
304.037628
305.844147
-175.723145
-206.889893
336.036774
305.845001
-143.723267
-206.890060
368.036407
305.845734
-111.723969
-206.888306
400.037445
305.845703
-79.724396
-206.888458
432.036896
305.845917
-47.724182
-206.887726
464.036560
305.846191
-15.723343
-206.887070
496.036774
305.845947
16.276733
-206.887329
528.036987
305.842285
48.277435
-206.885376
560.037598
305.851349
-239.738159
-174.905945
272.043060
337.843231
-207.719498
-174.893448
304.042725
337.843353
-175.717972
-174.892838
336.041229
337.844421
-143.717392
-174.892868
368.041443
337.844025
-111.717468
-174.890823
400.042419
337.843689
-79.717758
-174.891144
432.041748
337.843506
-47.717712
-174.890656
464.041229
337.843323
-15.717651
-174.890640
496.041443
337.843597
16.282013
-174.889709
528.042297
337.840607
48.279892
-174.887573
560.040405
337.849609
-239.738510
-142.905487
272.044098
369.844543
-207.720428
-142.892731
304.042633
369.844452
-175.718811
-142.891785
336.041443
369.845062
-143.718292
-142.891785
368.041016
369.844269
-111.718185
-142.890518
400.042145
369.844025
-79.717987
-142.891251
432.041626
369.844208
-47.718155
-142.890427
464.041138
369.844299
-15.717865
-142.889908
496.041382
369.844391
16.281357
-142.888916
528.042175
369.840698
48.279770
-142.887756
560.040161
369.849670
-239.739136
-110.904419
272.043915
401.842896
-207.721634
-110.893646
304.043182
401.843201
-175.720184
-110.892441
336.042480
401.843384
-143.720062
-110.892792
368.041870
401.842682
-111.720184
-110.891022
400.042664
401.842896
-79.719940
-110.891586
432.042236
401.843414
-47.719757
-110.890686
464.041809
401.843536
-15.719635
-110.890015
496.041840
401.843140
16.280228
-110.889221
528.042969
401.840179
48.279739
-110.888184
560.040039
401.849457
-239.739807
-78.903870
272.043243
433.842041
-207.722290
-78.893555
304.043304
433.841644
-175.720871
-78.892410
336.042603
433.841614
-143.720245
-78.892578
368.042511
433.841217
-111.720367
-78.890686
400.042999
433.841675
-79.720154
-78.891403
432.042084
433.842133
-47.720139
-78.890381
464.041718
433.841736
-15.719574
-78.890411
496.041168
433.841583
16.280090
-78.889130
528.042969
433.838043
48.279816
-78.887939
560.040527
433.848389
-239.739288
-46.903717
272.042999
465.842102
-207.722015
-46.894104
304.042419
465.840881
-175.720673
-46.893173
336.041931
465.841278
-143.720627
-46.893265
368.041595
465.840729
-111.720474
-46.892029
400.042755
465.840637
-79.720337
-46.892349
432.041931
465.841309
-47.719849
-46.891785
464.041870
465.840759
-15.719666
-46.891129
496.042358
465.840424
16.280457
-46.890121
528.043457
465.837891
48.279480
-46.887894
560.042175
465.848053
-239.738831
-14.903137
272.042267
497.842102
-207.721420
-14.892838
304.041901
497.839600
-175.720535
-14.891464
336.040802
497.840637
-143.720123
-14.892303
368.040680
497.839935
-111.720200
-14.890945
400.041840
497.840149
-79.719818
-14.891205
432.040955
497.840393
-47.719528
-14.890259
464.042236
497.839569
-15.718475
-14.889832
496.041626
497.839355
16.281525
-14.888596
528.043457
497.836823
48.280731
-14.887756
560.041504
497.848267
-239.739090
17.097977
272.040619
529.840210
-207.723007
17.107834
304.041992
529.838379
-175.722122
17.109329
336.041748
529.838684
-143.721893
17.108765
368.041992
529.838501
-111.721985
17.110382
400.042755
529.838928
-79.721664
17.110184
432.041595
529.839722
-47.721344
17.111298
464.042450
529.838684
-15.721085
17.110413
496.042084
529.838745
16.279770
17.111267
528.043335
529.837219
48.280899
17.112305
560.042847
529.847961
-239.730240
49.104294
272.045654
561.845398
-207.724228
49.112122
304.053314
561.843750
-175.723267
49.110886
336.053345
561.845581
-143.723679
49.110779
368.054199
561.845337
-111.723648
49.111954
400.054321
561.845215
-79.723679
49.111877
432.053680
561.845581
-47.723343
49.111450
464.054260
561.844727
-15.723038
49.111206
496.054291
561.843933
16.276398
49.112823
528.055420
561.843445
48.276245
49.116776
560.061829
561.848389
